308
616
1419
2159
2436
2945
3011
3923
4274
4696
6037
6418
7372
8020
8455
8818
9942
9959
10229
10813
11110
13304
14778
15031
15073
15734
15784
15933
16534
16598
16905
17771
18023
18190
18775
19446
19492
19728
19800
19879
20169
21089
21638
21875
22904
23302
23694
24578
24802
24909
25164
25167
26692
27038
27058
29507
29778
30625
31033
31527
31613
31801
32119
32232
32258
33402
33819
34359
34661
34687
35259
35404
36820
36888
37017
37773
38348
38865
38902
39654
40573
40804
41342
42239
42715
42902
42925
43703
44113
44435
44515
44851
45015
45488
45569
45695
46164
47496
48241
48264
48909
48937
49433
49840
50148
50206
50208
50282
51066
51202
51712
51846
51970
52259
52633
53993
54294
55108
56493
56530
56973
57037
57482
59402
60562
61238
61438
64111
64995
65347
65366
65458
65483
65711
66724
66801
66887
67050
67380
67705
67907
68108
68254
68638
69319
69434
70740
70787
71085
71090
71922
72233
72486
72537
74158
74782
75310
75347
75519
77603
77614
77703
79114
79178
79488
80121
80894
82808
82837
82963
83181
83988
86210
86407
86610
87416
88347
88480
89056
89461
89942
90222
90519
90590
91150
91848
92245
92373
92529
93296
93583
93691
94135
94713
95113
95330
95544
96818
96917
97415
97685
97760
98010
98050
98227
98254
98541
98962
99126
99156
99647
100075
101076
101174
101366
101627
101695
101746
102259
102470
102743
102839
102951
103326
103714
103848
105466
105926
106610
106897
107111
107709
108524
109797
111988
112107
113988
114235
114328
114345
114376
114645
114702
114744
115295
115406
115976
116629
116805
116899
117507
117634
117712
117974
118028
119259
120619
120761
120965
121588
121727
122909
123446
123815
124294
124739
125267
125528
125775
125792
125806
125993
126294
127014
128342
129015
129160
129249
130442
131193
131469
131657
131877
132105
133029
133129
133506
133603
133896
135267
136499
136882
137105
138945
139340
139628
140630
140676
140679
140879
141938
142210
142227
143012
143103
143444
143528
143561
143630
144071
144534
144836
145304
146239
146368
146481
146545
146807
147000
147925
148922
149329
149741
150097
151539
151870
151895
153018
153541
155353
156677
157125
157158
157358
158966
159229
160973
161041
161493
162488
164268
164281
164746
165149
166624
167047
167241
167371
168216
168362
168446
168520
169145
169913
171387
172316
172390
173311
174476
174498
174627
174946
175174
176060
177706
178730
178755
179693
179759
181183
181218
181267
181678
182574
183087
183167
183525
183645
183781
183788
183882
183884
184319
185130
185428
185577
186305
187086
189079
189633
193231
193339
193348
193487
193597
194031
194070
194219
194369
194465
194643
194713
195106
195206
195360
195487
196672
197475
199311
201597
201742
202776
203497
203863
204146
204561
204656
205406
205682
206036
206059
206323
208247
208679
208771
208975
209209
209398
209786
210454
211128
211417
211471
211781
211898
212777
212846
213437
213693
214496
215128
215726
216314
216367
216796
217351
217494
218143
218942
220644
220668
221922
222272
224270
224857
225451
226728
226740
226844
226850
227558
228720
229075
229894
231161
231687
231841
233103
233440
233786
234189
234379
235547
235576
236010
236227
236497
236607
237616
237666
237676
238222
238607
240131
240580
241686
242419
242423
242473
243864
244127
244233
244327
245755
245920
246172
246347
246351
246685
247357
247638
247661
247783
247868
248289
248392
249545
249581
250316
250909
251035
251531
252181
253008
253359
253430
253564
256186
256354
256656
256677
257059
257833
258253
258257
258663
259151
259806
260411
260702
261107
261485
262833
264170
264773
265821
266259
266356
266507
266880
267271
267325
267680
269035
271343
271660
273153
273393
274634
275606
275877
275898
276164
277262
278063
278759
280079
280180
280210
280585
280794
280907
280983
281901
282121
282138
282538
283143
283612
283634
283875
284154
284384
284754
284898
284987
285042
286023
286191
286827
287737
287843
288933
288959
289845
290969
291745
292182
292244
292364
292849
293347
293468
294329
295371
295458
295952
296183
296862
296957
297198
298919
299562
299836
303000
303328
303829
303852
304267
304567
305084
305652
305853
306462
308012
308290
308907
309026
310125
310588
310918
311167
311557
311866
313083
313453
313488
313742
313796
313905
314865
315155
315303
316056
316067
316968
318007
318805
318971
319948
320684
320687
320858
321283
321467
321536
321687
321769
322166
322350
322570
322632
323214
323258
323262
323374
323789
323840
324384
324926
325411
325613
326466
326780
326877
327089
329166
330041
330135
331035
331215
331321
332211
332257
333017
333088
333451
333521
333997
334760
334776
334912
338165
338342
339474
339588
339709
341871
342188
342434
342950
342984
343468
343858
344389
345196
346319
346847
347398
347571
347857
348722
350213
350291
350605
351527
353272
353696
355053
355222
355404
355569
355948
356863
357497
359516
361876
361900
362071
362080
363138
363297
363988
365358
366111
366205
366487
366707
366865
367920
368073
368114
368474
368820
368894
369230
369378
369475
370020
371012
371102
371168
371186
371410
373036
373067
373209
373778
373889
374201
374551
375431
375655
375735
375830
375871
377215
377383
377929
378140
378764
379089
380305
380723
381134
381300
381549
381790
381974
382883
384357
385203
385324
385656
386195
386737
386958
387225
387853
388162
388616
389344
389883
390282
390288
391323
391646
391821
392121
392546
393868
394691
396346
396976
397611
397752
398255
398388
398439
398653
399066
399649
399963
400259
400484
401250
402792
403116
403322
403824
403829
405502
405906
406623
406699
408006
408180
408615
408702
409086
409458
409799
410363
411320
411435
412665
413333
414061
415225
416106
416192
416415
417431
417786
417985
418357
418489
418737
418745
419082
419113
419776
420608
421751
422464
422622
424638
424913
425482
425574
426429
426580
426733
427152
428463
429154
429668
429855
430739
430883
431077
431289
431472
432096
432976
434445
434465
435419
435432
435597
436187
436272
436288
437323
437394
437490
437655
437851
438114
438376
438617
439964
440128
441241
441663
442431
443421
444215
444581
444882
444939
446093
446580
446611
446843
446855
447369
447949
448271
448402
448491
448766
450193
450205
450229
450288
451205
451696
451857
451942
452026
452194
452578
452647
453460
454564
454731
455236
455592
456488
456600
457202
457711
458652
459546
459730
459955
460405
461182
461624
462078
462645
463237
463476
464423
464577
464801
464986
465123
465256
465929
466046
466287
467183
467790
468485
468712
468826
469793
469824
469900
470865
471519
471826
472184
472888
473266
474609
474655
475015
475531
476064
478181
478240
478843
479269
479896
480002
482046
482188
482259
483715
483771
483951
484315
484382
484550
485034
485291
485959
486132
486142
486502
488545
488656
488761
489415
490290
490436
491363
492485
493730
495117
496357
497112
497347
497807
497884
498540
499365