52
226
825
907
1096
1229
1527
1949
1973
2556
2690
3400
3577
3784
5522
5595
6102
6154
6531
7007
7582
7655
7935
8602
9009
9034
9096
9555
10051
10275
10842
11317
11460
11864
13481
14125
14285
15288
15305
15368
15476
15643
15802
16196
16390
16654
16902
17422
17472
17529
18012
18432
19123
20096
20755
21364
22759
22768
24211
24826
24887
25647
25867
26013
26139
26282
26721
27192
27372
27713
28554
29217
29249
30407
30426
31801
33490
33600
35530
35777
36034
36635
37218
38103
38386
38846
40949
42194
43789
43989
44139
45069
45219
45491
46120
46640
47373
48696
49133
49485
50888
51016
51076
51526
52237
52307
52764
52804
53772
54708
54874
56283
56298
56343
56884
57196
58424
61739
61843
62182
62481
62520
62720
62783
62922
63729
64432
64462
66581
67097
67154
67932
69801
70402
70926
71241
71623
72429
73289
73424
73910
74324
74331
74624
74793
75012
75956
76431
76760
76800
76831
77634
77650
77847
77968
78086
79042
79219
79745
80066
80308
80322
80922
82590
82966
83058
83345
83635
83963
84708
85941
86254
86352
86460
86581
86663
87324
88410
88618
88651
88904
89004
89260
90331
91321
91360
91808
91997
93179
93660
93982
95102
95609
97847
98135
98567
98643
98881
98919
99595
99744
99783
99911
100192
100342
101268
101598
101775
103904
104385
105026
105692
106128
106210
106277
106712
106875
106948
108424
108845
109498
109513
109590
109618
110429
110893
112353
113707
114541
114596
115304
116875
117061
121869
121894
122627
123181
124374
124690
125048
125424
126130
126979
127252
127343
127515
127629
127696
127826
128139
128433
128615
128888
128965
129753
129959
130452
130896
130915
132022
132080
132184
132847
134133
134412
134989
135049
136213
136618
136841
136974
137557
138383
138482
139436
140885
141105
141584
141690
142602
142863
143499
144109
144943
146400
146694
146853
147452
148141
148551
148568
148606
150414
151221
151767
152636
152751
153357
153476
154005
154465
154537
154555
154663
154804
154840
155811
156294
156613
157094
157123
158005
158839
158953
159702
160135
160674
162085
162131
162298
162681
162821
163083
163309
164718
165858
166188
167427
168013
168947
169044
169231
169404
169555
169574
169603
170519
171211
172009
172766
173776
173952
174208
174357
174522
174637
174922
174923
175348
176163
176171
177027
177140
177162
177230
177296
177713
179110
179958
182337
183645
183759
184546
185233
185529
186098
186600
186755
186894
187070
187157
187314
188320
188999
189513
189665
189722
189840
190365
191301
192121
192283
192577
193033
193194
193330
194458
194872
195037
195052
195782
195912
196537
198388
198574
198735
200368
200560
202289
203075
203439
203796
204434
204538
204736
205579
205618
205652
206545
206671
206704
207424
207622
207887
207899
208025
208324
208718
208916
208924
209967
210339
210464
210535
212113
212565
212632
212833
214085
215447
215569
215850
216480
216656
217086
217207
218694
219351
219759
219884
220166
221329
221432
222200
222847
223268
223413
223790
226795
227222
228311
228640
229157
230045
230269
231500
232179
232741
233504
233583
233671
234629
235118
235465
235592
235691
235960
236112
237043
237327
237817
238068
238087
238401
238682
238853
240089
240226
240227
240566
240701
241017
241351
241832
244091
244691
244754
245831
246046
246629
247329
247768
248463
248753
249065
249147
249849
250751
253641
254140
254302
254569
255094
255291
255594
255772
256097
256262
256805
258650
258697
259221
259826
259965
260238
260430
260625
260644
260703
261248
261355
261612
262535
263691
264052
264426
264726
265163
265278
265320
265454
266628
267928
268556
268695
268861
269815
269974
270858
271012
271178
271233
271671
272058
272223
272302
273273
273430
273464
273749
275201
276300
277138
277651
277997
278053
279160
280038
280168
280255
280367
280573
281416
281827
281890
281981
282900
283002
284139
284302
284924
284976
285636
286105
286347
287039
287513
289418
290465
290699
291332
291699
292731
293856
294091
294624
294984
295135
295301
295351
296332
296341
297173
297430
297776
298093
298338
298722
299543
300515
301015
301094
301219
301320
302340
303052
303186
303931
304404
304643
304715
306841
307489
307904
309030
309563
309798
310207
310395
311266
311448
311897
312255
312305
313077
313897
314603
314754
315254
316378
316427
317773
318990
319940
320574
320700
320774
320988
320996
321100
321753
322214
322867
322987
323114
323507
323694
323722
323805
324048
325557
326652
326756
326857
327110
328242
328443
328534
328880
329355
329719
330981
331325
332615
333002
333027
333236
333973
334079
334856
334945
335903
335964
336970
337575
338654
339974
341147
341884
342526
342577
342690
342990
343389
345179
345196
345853
345894
345929
346874
347161
349111
349381
350461
350777
351114
353017
353957
354075
355572
356697
356950
357112
359394
359611
359787
359992
360011
360834
362493
362672
362800
362864
362893
363263
364824
365003
365297
365658
365738
366617
366832
367341
367509
367631
368023
368091
368231
369058
370054
370069
370253
370812
371075
371603
371905
372815
373140
373298
373481
373710
374353
374496
374949
376154
376940
377484
377673
377681
377905
379510
379773
380210
380779
380866
381403
381473
381685
382088
382450
382558
382740
382878
383414
383414
383548
383625
383645
383767
383770
385351
386601
386915
387859
387924
389692
389968
389970
390098
390312
390580
390779
390880
391429
392470
393996
394192
394331
394577
394683
395175
395449
395874
395940
396890
397149
397221
397539
397680
399569
399625
399869
400023
401695
402231
403793
404473
405265
405470
405575
406304
406319
406555
406613
406653
407519
407589
407846
408223
408594
409704
410054
410197
410376
410413
410816
411037
411053
411413
411658
412159
412307
413001
413729
413921
413981
414151
414995
415760
416654
417794
418051
418135
418177
418397
418567
418610
418827
419527
420738
420752
420773
422351
422595
423446
423812
425167
425296
425483
426672
426815
427005
427088
428108
428524
429229
430107
430529
430742
430988
431457
431566
432066
433259
433642
433856
436914
437876
438297
438397
439777
441127
441322
441929
442559
443321
443539
443583
443615
443675
444437
445457
445918
446383
446485
447851
447993
448778
449391
449651
451212
452469
455160
456342
456706
456775
457159
457917
458221
459044
459725
460836
461385
461816
462768
463254
463470
463811
463867
464744
465018
465869
467555
467662
467669
468435
468446
468737
469150
469706
470019
470895
471435
471464
471602
471627
471774
471890
472104
472778
473911
474236
474750
474870
475056
475133
475314
475513
475786
476142
476239
476650
476760
476773
476907
477196
477248
477733
477929
477945
478310
478577
479170
479214
479363
479620
479710
480120
480351
480507
480894
481025
481034
481383
481502
482974
483236
484524
484944
487525
488008
488523
488695
489015
489135
489496
490144
490197
490312
490976
493088
493793
494328
494487
494590
496557
496841
496962
497381
497715