387
632
793
1458
1630
1838
2227
2480
3726
4544
5018
5577
5956
6641
8266
8268
8645
8893
9510
9602
9837
10587
10900
10911
11091
11560
12213
12239
12981
12991
13126
13280
13556
13635
13671
14412
14621
14710
15692
15971
16074
16205
17027
17707
17992
18045
19077
19485
19836
20014
20210
20351
21023
22214
22340
22842
23577
24579
24766
25404
25764
27211
28296
28719
30159
30246
30769
31416
32034
33358
33526
34333
35294
35943
37686
39019
39214
39696
39716
40102
40273
40313
40455
41531
41995
43726
44324
45381
45797
46917
47107
47975
48522
48816
48951
49096
49194
49288
49862
50029
50731
51388
51926
52109
52842
53112
53121
53598
53755
54730
55228
55385
55465
55528
55779
55876
56211
56451
56658
57475
57690
58560
58779
58805
59000
60249
60968
61507
61575
62400
62643
63277
63986
64053
64299
64524
66522
67437
68852
68878
68893
69606
69830
72367
72483
72640
72847
72917
73387
73448
73749
73965
74115
74497
74893
75116
75771
76149
76157
76364
76519
76617
76955
77493
77840
77898
78155
78636
79344
80194
80232
80461
81430
81620
82644
83214
83321
84649
84697
84763
84961
85125
87269
87519
87532
87895
88570
88679
89717
89885
90649
90755
90821
91235
91284
91421
91799
92563
92722
93217
93464
93493
93626
94267
94969
95561
95836
95954
96221
96633
97494
97697
98750
99522
100012
100554
102726
103180
104455
104654
104990
105124
105272
106769
106925
107074
107158
107695
107811
108576
109102
109422
109887
110263
111518
111526
111598
111853
111998
112245
112637
112999
113352
114112
114420
114767
114907
115208
115460
115624
116417
117514
117658
118865
119574
120420
120531
120663
120714
121235
122259
122671
122936
125458
126651
127280
127694
127941
128295
128516
129305
129469
129525
129896
130125
131323
131529
133323
133758
134623
134859
135135
135709
136105
136521
136831
137160
137530
137659
137817
138035
138444
138549
138556
139680
140106
140597
140737
140911
140934
141364
141521
141641
143596
145449
145647
146103
146115
146257
146285
146676
146968
147131
147420
147577
147620
148902
149802
149991
150207
150225
150762
151191
152268
153115
153956
154674
155056
155552
156016
156654
157416
157479
157560
158157
158273
158719
159260
162248
162942
163505
163530
163550
164090
164127
164466
165008
165009
165564
167480
167929
168232
168445
168651
168740
168923
169450
169615
169715
169804
169845
169866
170136
170854
170889
171133
171317
171452
171676
171726
172415
173808
174024
174050
174548
175395
175508
177929
178498
178541
180100
180419
180693
181341
181409
181560
182090
182891
183169
184613
184802
185675
186413
186425
186489
186591
186680
187410
188210
188701
189014
189619
189982
191095
191538
191626
191672
191730
192582
192705
193619
193654
193771
194245
195550
195596
195789
196418
196473
196507
197367
197764
197817
199533
199760
199786
202261
202709
202721
203289
204280
206688
206852
207184
207980
208530
208907
209061
209580
209937
210043
210317
212028
212071
212882
212883
213120
214009
214315
214427
214629
215180
215385
216493
217204
217653
217865
217958
218416
218513
218563
218672
219717
220762
221011
221291
221436
221618
221684
221836
222331
222413
222549
222645
222947
223412
223608
224066
224330
224362
224950
225041
226106
227117
227317
228557
228959
229222
229393
229796
230031
230065
230371
230748
231318
231350
232130
232823
233156
234987
235202
235266
235284
235533
235534
236089
236214
236340
237224
237693
237784
238363
238704
239348
239466
239476
240808
242282
242609
242941
244295
244848
244875
245221
246032
246183
246722
247248
247407
247701
250034
251081
251149
251245
253155
253272
253889
254999
255635
255820
256700
256971
257586
258019
258641
259305
259725
259736
259758
260321
260380
260391
260510
260621
261202
261313
261838
262315
262436
262468
262550
263336
263600
264361
269143
269224
269669
269818
270535
271169
271220
271296
272317
272487
272581
273186
273358
273879
275422
275969
278153
279391
280049
280784
280956
281298
281926
281948
283256
283347
284876
284938
285052
285370
286102
286404
286746
287137
287478
287588
287644
288028
289073
289297
289976
290463
291465
292436
292437
292605
292620
292831
293076
293135
293544
295123
295578
295752
295997
296240
297042
297081
297823
298125
298431
298604
300297
301158
301854
302532
302894
303045
304022
305274
305774
306193
307020
307181
308200
309268
310721
311651
312820
314068
314400
316318
316344
316738
316745
317401
317656
318625
318759
319742
320158
320438
321538
321557
321631
322508
322739
323245
323247
323431
323465
323947
324325
325220
325737
325915
325937
326257
326563
327394
327402
328138
328603
329120
330053
330686
331176
331820
331830
331920
332221
332357
332437
333691
333882
333888
334053
334968
335265
335673
335755
337127
337740
339296
339869
340087
340484
341244
341558
342338
342871
343154
344740
345235
345721
346474
346673
346686
346902
347393
348659
348764
349439
349493
349638
350040
350103
351251
353287
353945
354271
354296
354563
355964
356111
356165
356383
356499
358114
358203
358411
359347
359701
359975
360243
360954
361221
361504
364321
365051
365375
365936
365971
365997
366632
366651
366860
367187
367280
367817
368264
369501
369622
369823
372651
373137
373910
373995
374032
374552
375259
375581
376741
377007
377125
377390
378112
378194
378731
378823
379543
381300
381955
383876
384231
384409
385414
385494
385957
386384
386581
387380
388031
388726
388812
388935
389050
389224
389324
390037
390041
390348
390562
391064
391507
391929
392043
394057
394442
394494
394866
394953
395420
396114
396399
396445
397308
398187
398730
399026
400054
401321
401871
401878
402822
403207
403481
403587
403646
404384
404619
405069
406290
406515
406617
407166
407566
407576
408114
409154
409846
409917
410680
411350
412184
412834
412836
413357
413493
414654
415060
415741
415876
416138
416171
416421
416608
417284
417951
418039
418453
418581
421865
422125
422291
423514
423934
424886
425053
425263
425450
427555
428518
429273
429595
430505
430900
431225
431965
432030
432115
432534
432687
432894
433065
433956
434701
434942
435289
436122
436300
437401
437410
437484
437485
438016
438269
438849
439937
440444
440545
441153
441245
441336
441645
442551
442802
443069
443380
444584
445024
445947
446455
447025
447131
449214
449589
449880
450381
450956
451256
451537
451583
452749
453784
453925
454711
455575
456672
457409
459777
461476
462736
463222
463471
464312
464948
465345
465966
466221
466851
467342
468457
468874
469701
469873
470240
470282
470401
470453
470569
471524
472119
472710
473356
473658
474158
474275
476392
477935
478618
478638
478980
481014
481309
481721
483969
484018
484724
485433
486117
486915
486928
487047
487101
488083
488255
489644
489817
490303
490509
491780
491892
492307
493125
493216
493344
493384
493646
494872
495375
495555
495678
496287
496336
496531
496884
497886
497945
498030
498033
498042
498553
498559
499807
499828