323
1208
1521
2700
2968
3061
3244
3373
4131
4760
6839
7825
7995
8814
9346
9874
10095
10998
11587
11838
11948
12025
13278
13590
13948
14072
14139
14320
14373
15372
15463
15602
16873
17101
17794
17901
18267
18677
20494
20737
22141
22310
22591
23263
23737
24094
24327
24440
24850
25469
25740
25841
26498
26704
27182
28758
29500
29836
30511
30913
31620
31899
32174
32421
32431
32432
32687
32970
34459
35157
35367
35767
36592
37003
38672
39931
39967
40246
40949
41079
41816
42014
42050
42199
42440
42938
43238
44815
44889
45178
45659
45741
46182
46460
47412
47652
49500
50008
52547
52645
52921
53456
53543
53824
54430
56459
56529
58079
58398
58434
58983
59104
59115
59667
59744
59932
60452
60706
61420
61938
62371
63090
63283
64577
65257
65775
66032
67665
68232
68845
70164
70495
70508
70594
71038
71390
71603
71998
72806
73132
73288
73734
73982
74485
74760
74779
75000
75809
75824
75974
76240
76335
76459
76852
78434
79024
79076
80110
81276
81551
81891
82097
83801
83932
84315
84453
85243
85792
88175
88555
88692
88878
89272
89868
90470
91305
91629
92841
93224
93966
94689
95257
95971
95988
96549
96852
98386
99284
99620
100106
100960
101038
101744
102222
102700
103090
103436
103618
104295
105021
105033
106331
106449
107598
108141
108245
109011
109365
109531
109540
111195
111749
112470
112970
113582
114219
114871
115077
115611
115628
115699
117305
117323
117851
118102
118271
118306
119062
119086
119280
119442
119687
119999
120197
120390
121107
121820
121955
122473
122758
123009
123288
123295
123340
124486
124668
125169
127393
129106
129366
130204
130359
130394
130752
131076
131126
133570
134496
136114
136295
136573
137129
137827
139371
140554
140619
141289
142279
142360
143531
143615
144491
144723
145043
145252
145321
145379
146869
147205
147265
147334
148144
149759
150093
150441
151225
151440
151688
151977
152304
152605
153486
154722
155212
155422
155865
157716
157893
158676
158781
159044
159513
160007
160077
160503
160514
162284
162799
162809
162991
163454
164648
165991
166865
167905
168515
168658
169490
169646
169752
170226
170932
171637
171643
171696
172212
172499
172539
172774
172861
173850
174609
175736
176126
176582
176775
177223
177330
177931
178095
178561
178724
178799
180273
180711
181363
181657
182282
183407
183438
184610
185036
185693
188198
190984
191183
191475
192139
193058
193723
194309
195126
195453
195612
195704
196761
197417
197538
198021
198503
198571
199916
201708
201822
202451
202590
202709
202902
203125
203188
203800
203848
203953
204107
204298
204466
207342
207899
207980
208087
208818
210553
211141
211484
211604
213618
213780
213823
213843
215245
215595
215793
215807
215844
216869
217779
219430
219771
220120
220122
220577
222131
223344
223921
224701
225831
226202
226313
226316
226643
228280
228811
229917
229970
230274
231138
231154
232613
233289
233729
234258
234457
234862
235561
236010
236488
236527
236553
236729
237170
237421
237921
238938
239141
239178
239233
239297
240049
240095
241064
241387
241683
243004
243326
243492
243923
244585
244614
245075
245160
245655
245927
246132
246535
246911
247080
247583
248065
248290
248465
248717
249513
249648
249654
249886
250125
250485
250894
252339
252924
253479
253516
253583
253652
254345
254662
254870
254979
255370
255522
255884
256031
256082
256932
257296
257551
257558
257730
257793
257990
258597
259055
260569
260761
260863
261443
261666
261913
262217
262692
262850
263189
263666
264492
264672
265324
266120
267771
267992
268173
268454
271197
271445
271571
272806
272888
272907
273408
273870
274053
274629
276538
277365
277984
278855
278961
280421
281850
281946
283041
284110
284381
284450
284476
284715
284866
288835
288889
289283
289571
289827
290025
290815
290912
290922
291042
292158
292596
293273
293374
293562
294480
295106
295241
296247
296375
296514
296656
296711
296791
297110
297515
297552
297636
298881
299803
301066
301175
301250
301416
302697
303189
303294
303681
305015
305187
305241
305428
306608
306700
307847
308661
308934
309108
309510
310275
310887
310889
311050
311114
311331
311501
311572
311635
312827
313158
313204
313514
313673
314907
315040
315174
315301
315848
315971
316266
316562
317606
317751
318156
318260
318578
318778
320243
320383
321411
321763
321956
324299
325390
325946
326098
326288
326663
326673
327082
327163
327926
327985
328364
328501
328788
329701
330338
331525
331747
333302
333770
334192
334513
334680
334902
335018
335581
335585
336453
337288
337571
337783
338370
338616
338887
339397
339451
339638
339853
340373
340478
340516
340796
341226
341866
342368
343056
344354
345157
346211
346982
346996
347636
348109
348232
349187
349477
349934
350419
351675
351971
352047
353015
353372
353389
353972
355403
355557
356961
357931
358039
358913
359092
359373
360573
360833
361316
361565
361887
362156
363212
363374
363897
364065
364254
364539
364877
365238
365853
366341
366577
367427
367894
368280
369101
369627
369701
370618
372174
372527
372645
373481
373838
373997
374356
374584
375580
376674
377649
378184
378764
379281
379634
380177
380464
380524
381000
382765
383308
384234
384782
384890
385297
387564
387851
388978
389108
390084
390147
390453
390565
390820
390990
392236
392787
393100
394265
394352
394355
394990
395112
395842
395867
395970
396692
397058
397787
398338
399552
399992
400681
400705
400918
401496
402589
402723
402838
403185
403737
403918
404228
404819
405639
406030
406065
406457
407242
407463
408526
408576
408873
409420
409906
410416
410468
410818
411009
411139
411177
411885
412224
412676
413041
413870
414496
414769
415158
415249
415372
415408
416487
416559
416837
417146
417177
417862
418194
418750
418955
419154
419429
420055
420455
420968
421383
422030
422102
422185
422203
422677
422758
423526
423564
424045
424826
426808
427872
428239
428760
429164
429589
430993
431283
432498
434405
434954
435198
437529
437632
437777
438273
438514
438780
439069
439118
439311
440337
440717
441993
442082
442473
442548
442761
444201
447086
447456
449424
449634
449721
449768
450521
450549
450794
451104
451269
451500
452915
453469
453512
454304
454363
454445
456607
456699
456875
457339
457823
457984
458075
458575
459194
459527
459783
459807
460271
460438
460644
461156
461318
461365
461472
462458
462463
462500
462629
464452
464688
465010
465277
465366
466565
467352
467411
467418
469381
469400
469515
469994
470443
470650
470724
470800
470907
472545
473011
473537
473701
474907
475123
475650
477119
477354
477876
478335
478616
478976
479449
479679
479737
479909
480134
480271
480363
481640
481649
481944
482182
482772
483424
484276
484621
485179
485339
485727
485851
485857
485927
486843
487396
487720
488805
489115
489263
489594
491065
491789
491907
491939
491958
492125
492535
493064
493104
493321
493747
493781
493834
493889
493945
493949
494133
495081
495249
495351
496552
497413
497701
497917
498542
499254
499452
499522
499714