109
1632
2561
2582
3382
3514
3629
4541
4920
5357
5712
6117
6824
7130
7478
8345
10081
10373
10765
11016
11338
11366
12094
12900
13306
13901
14486
14696
15658
15880
15960
16643
16918
17676
17929
18433
19448
19499
20663
20858
21114
21361
21504
21546
21779
22406
22455
23083
23098
23859
24418
24756
25229
25758
26913
27712
28574
29047
29587
29861
30307
30647
30787
31448
31609
31618
33210
33690
33997
34863
35422
35425
36181
36542
37403
37859
37902
38137
38661
39381
41082
41696
42170
42399
42870
43468
44441
44454
45143
45421
45782
46177
46359
46809
47225
47445
47455
47543
48254
49046
49337
51096
51399
52589
52791
52952
53805
54255
54358
54779
55093
55595
56729
56778
56923
57063
57669
57990
58534
58542
58589
58870
60026
60662
62195
63306
64112
64132
64806
64825
65610
66339
66379
67675
67813
67929
68037
68166
68652
68954
69192
70217
70248
70334
70574
70618
70994
71055
71250
71297
72253
73709
75916
75923
76471
76660
77052
77375
78426
78693
81084
81766
82311
82998
83628
84066
84266
84608
84859
86444
87062
87128
87148
87250
87984
88261
88373
89652
90332
90650
91523
91905
93620
93930
94121
94280
95088
95248
97285
97338
97708
98231
98666
98759
98790
98966
102617
102788
103282
103454
103805
104020
104167
104275
104753
105383
105712
107789
108443
108819
108864
110308
110566
112078
112215
112495
112618
113648
113941
114621
114765
117475
118257
118301
118366
119315
119355
119617
119634
119675
119717
120119
120373
120537
120892
121073
122766
123072
123950
124358
124609
124959
125067
125454
125631
126428
126566
127545
128634
130389
130712
131010
131025
131369
132189
132423
134310
134812
135717
137397
137741
138346
138495
138642
139429
141367
141863
142347
142715
143559
144955
145711
146032
146922
147260
147637
148370
148579
148781
149253
149466
149718
149948
150774
151714
152050
152474
152979
153097
153472
153528
153575
153742
154621
154774
154823
155085
155203
156040
156155
156468
157621
158590
158598
159056
160733
160887
161428
161550
162919
163003
163465
164944
165842
165979
166318
167108
167298
167684
168007
168062
168081
168658
169163
169461
171480
171542
171845
171864
173351
173558
173742
174488
174619
174918
175514
175649
175960
176564
177033
177251
177441
177506
177799
179654
180737
181082
181288
181327
182306
183198
183201
183635
183904
184521
185299
185469
186447
186728
186932
187595
188981
189923
192311
192713
192740
192752
193153
193725
195449
196058
196235
196488
198326
199594
200761
201285
201319
202819
203024
203228
203389
203444
204496
204736
204894
207251
208562
208699
209229
209320
210320
210411
210920
210923
211210
211322
211827
213448
213690
214343
214395
214636
215735
215900
215972
215978
216304
218512
220101
220213
222159
222442
222683
223112
223638
224210
224555
224902
225056
225395
225733
225878
226451
226709
227713
227754
228005
228636
229297
229442
229617
229960
230127
230278
230617
230706
231043
231060
231192
231322
231990
232444
232495
232988
233033
233036
233318
233358
233791
235003
235589
235840
235852
235925
236127
236583
236641
236839
236979
237193
237799
238172
238189
238378
238590
238803
238825
239108
239585
239599
239958
240275
240995
241736
242262
242656
242752
243335
245326
245947
246013
246121
246257
246329
246921
247061
247837
247865
248237
248682
249666
250027
250384
251144
251263
251352
251442
251775
252576
252697
252849
253333
253424
253727
254311
254575
254832
254996
255983
256026
256606
257111
257526
257667
257880
258207
259261
259937
260031
260364
261018
261317
261330
261952
262267
262320
262645
262660
263074
263087
263354
263700
267031
267750
267968
268269
268576
269212
269225
269725
269781
270640
271056
271573
273253
273667
273990
274038
274073
274386
276637
276847
277934
278137
278307
278812
279745
281232
281272
281398
282127
282245
282758
282888
283396
283531
283810
284815
285050
286097
286351
286373
287331
287487
287810
287927
288393
288738
288826
289001
289229
291190
291537
291836
292190
292239
292635
292957
293695
294025
294214
295112
295446
296026
296866
297410
297565
297891
298004
298686
298740
299486
299659
299719
299855
300307
300773
301386
301469
302023
302496
302911
303234
303684
303887
304155
304656
306411
306825
307018
307238
307467
308339
308358
308416
308865
309126
309308
310193
310210
310686
311000
311636
311925
312111
313036
313445
313662
314172
315176
315229
315826
316485
316864
317019
317590
317689
318267
318732
319594
319795
319942
320343
321506
322342
323167
323716
323876
324866
324978
325327
325357
325455
325586
325820
326778
326857
327387
327966
328112
328244
328750
328770
328797
328872
329185
329835
330090
330463
330778
330819
331136
331530
332587
332690
333105
334148
334741
334968
335501
335736
335895
336057
336882
337479
337511
337515
337549
337590
337837
337859
338345
338356
338808
340028
340947
341135
341318
341667
342053
342594
342916
343384
344340
344807
345122
345774
346154
346549
346655
347915
348458
348656
349810
351333
351930
352017
352038
352351
354765
355256
356460
357183
357236
358024
358561
359037
359285
359486
360164
360747
360768
361132
361148
361372
362442
362735
363645
364830
365091
365217
365784
366094
366985
368548
368780
368892
369012
369290
369430
369762
369881
370031
370034
370603
371040
371351
371500
371738
371880
373310
373683
374086
374132
374851
374873
375691
376028
376474
376625
377669
377764
378135
378220
378606
379211
379235
379343
380272
380276
380598
380686
380746
380978
381169
381175
382005
382264
382743
384110
384657
384674
384752
385358
385424
385671
385834
386029
386064
386687
387793
389154
390084
391581
392285
392921
392952
393853
394522
394857
395271
395828
396580
397407
397983
398351
399051
399450
401294
401968
402050
402836
404594
405510
405766
406644
407227
407606
408226
408305
408469
409026
409174
409208
409605
410314
411499
412225
412305
412948
412974
412982
414060
414599
414728
416968
416972
417416
417732
417812
418040
418056
418671
418882
419524
419935
420051
420654
421342
421607
421832
422184
424246
424784
426182
427395
427447
429272
429965
430218
430325
430411
433757
433759
433895
434230
434676
436014
436104
437502
437570
438724
439467
439671
440738
440836
440892
441097
441310
441666
442489
443807
444443
445985
446371
446573
447034
447050
447307
447437
447886
447898
449421
450038
451705
452653
452814
453349
453667
455071
455621
455650
456408
456617
457807
458353
458864
460037
460342
460594
460663
460987
463614
465915
466606
468155
468215
469188
469205
469519
469707
470101
470305
471498
471589
471788
472053
472093
472346
472354
472679
472838
473241
473737
473883
473938
474152
475353
475496
475758
476125
476897
477978
478074
479132
479739
480337
481460
481540
481597
481663
482376
482656
484985
485135
485566
485884
486099
486398
486848
488115
488359
489629
489803
489943
490403
491519
493780
493954
494015
495069
495754
495836
496265
497043
497359
499458
499562
499746