276
511
781
835
1162
1213
1754
1762
2302
2911
3187
3239
3840
4153
7186
8285
8761
9580
9643
9807
10501
12728
13056
13884
14973
15037
15454
15628
15896
15898
16378
18332
19441
20077
21026
21987
22150
22224
22705
24215
25627
26016
26273
26603
27216
27261
28071
28117
28433
29842
30048
30530
31064
31135
31556
32228
33673
34598
34602
34846
34911
35179
35321
35688
35969
36491
36512
38282
38442
39481
40219
40550
40687
41113
41225
41362
41841
41980
42073
44722
44830
44881
44952
45342
45400
45780
45873
46144
46433
47499
48534
49385
49712
50454
50459
51332
53071
53284
53489
54679
55049
55125
55800
56570
57150
58513
58624
59778
59909
59995
60472
60539
62620
62659
63214
63431
64059
65196
66225
66259
66357
66364
66570
67434
67613
67801
68107
69065
69257
69429
69461
70214
71205
71333
71511
71864
72262
72295
72331
74009
74751
74852
74900
74906
75484
75662
75717
75737
76487
76854
76894
78356
78535
78761
79057
79591
80025
80345
80766
81334
81946
82003
83692
84197
84343
84387
84918
88379
88528
89258
89416
89715
90441
90805
91152
91324
92329
92442
92572
93501
93813
94011
94353
94637
94673
97021
98048
98087
98108
98311
98517
98647
98814
99797
99803
99890
100382
100386
101390
101431
101458
102431
104003
104493
104844
105343
106935
107215
107567
108309
108489
109516
109624
109750
110771
111007
111244
111330
111358
111547
111577
113190
113974
114561
115409
115431
115806
116188
116505
116564
116742
117083
117231
117356
117602
117782
119235
119341
120111
120899
121028
121379
122685
123178
123340
124593
124931
125069
126145
126575
126587
126867
127033
127157
127179
127241
127641
127991
128101
128763
128793
129134
130906
131685
131935
132283
132886
133849
135028
136332
136504
136855
137010
137233
137283
137421
139638
140296
140341
142761
143422
144402
144641
144745
145177
146121
146168
146971
147053
147707
147831
147865
149088
149636
149720
149778
150716
151860
152631
153270
153541
154026
154110
156061
156750
157173
157706
157928
157998
158011
159980
160027
160615
160942
161453
162175
162384
162561
162814
164621
165717
166045
166757
166969
166977
167114
167599
167703
168042
168311
169003
169477
170539
170884
171832
171833
172053
172568
172980
173047
173557
173787
174298
175350
175512
175776
176443
176830
178619
178626
179232
179885
179940
180392
180518
180703
180840
181875
182681
183216
183357
184148
184323
185373
186048
186054
186182
186401
186579
187297
187481
188790
189030
190091
190335
192288
192508
192821
194171
194538
194984
195116
196643
198752
199366
200192
200282
200391
201656
202310
202749
203811
204116
204270
204503
204762
204892
205439
206331
206495
206545
206587
207188
207230
207941
208194
208233
209141
209215
211196
211214
211998
214412
214691
215150
215447
215630
215756
217269
217429
217466
217951
219299
220792
220879
220885
221307
221332
222549
222989
223198
223890
223912
224913
225204
225390
226380
226953
227236
227639
230639
231463
231673
232069
232109
232557
232653
232889
233265
233995
234110
234472
235371
235637
235781
236148
236825
237039
237408
237847
238228
238770
238920
238956
239044
239497
239735
239810
240326
240454
241162
241557
241579
241952
242428
243165
243458
243553
244881
245400
247567
247583
247997
248445
249301
249368
249502
249513
250188
250564
250790
251220
253030
253260
253659
254012
255111
256086
256113
256322
256443
257104
257894
258107
258312
259250
259318
259482
259617
259763
259819
260173
260824
260992
261560
261976
262490
262722
262810
263264
263348
263979
265638
265748
266568
266651
266782
267068
267356
267647
268083
268094
268290
268569
268629
271401
271580
271742
272157
272794
272840
272957
273431
275495
275517
276575
276590
276875
276887
277366
278331
279080
279768
281294
281638
282631
283332
284450
284610
284966
285108
285790
286159
286737
288577
289603
290089
290959
291250
291477
291990
294221
294445
294600
294856
294871
295018
295821
296684
296911
296923
297013
297743
297854
298066
299935
300468
300751
300829
301431
301959
302024
302496
302622
303008
303314
304064
304183
304231
305214
306024
307084
307181
308857
308912
310396
310439
310773
311777
312105
312622
313453
314137
314212
315251
315642
315820
316004
317023
317226
318564
318737
318964
319736
319954
320088
320162
320211
320339
321042
322081
322893
323245
323475
324486
324647
324896
325017
326222
326506
326965
327324
327982
328216
328839
329418
330139
330818
331107
332127
332214
332900
334040
334171
334226
334492
334603
334911
335602
335981
336179
336336
336646
336700
338090
338589
339060
339242
339528
340837
341330
341727
342169
342954
343043
343472
343847
344571
344917
345752
345782
346022
346860
347332
347550
348932
349028
349333
350723
350988
352198
352544
352905
352932
353188
353551
353593
353775
353803
354808
355058
355227
355512
355716
356149
356706
357451
357641
358482
358560
359357
359703
359713
359956
360070
360090
360235
360401
360473
360786
361836
362314
362823
362899
363176
363226
363511
364659
365009
365310
365584
366006
366814
367750
367812
369009
369171
369254
369796
370161
370290
370985
371644
371687
373141
373256
373474
373897
373933
373962
374206
374403
374448
374844
375365
375644
376186
376787
378483
378609
378669
378792
378797
379219
379301
380972
381217
381911
382116
382612
383971
384658
384671
385769
385817
387020
387020
387453
387623
388360
390706
390848
391185
391891
392452
393087
393854
394398
395770
395880
395969
395992
396948
397607
397614
397864
398269
398998
399839
400090
402588
402966
403301
404065
404570
405922
406177
406334
406739
407315
408553
408579
408752
409902
410627
412702
413441
413624
413772
414146
414877
415133
415879
416190
416290
418145
418216
418745
418930
419291
420070
420129
420468
422083
422892
422971
423502
423724
424058
424359
424438
424595
425348
425362
425824
426087
426323
426451
426477
426913
427155
427372
427491
427720
427929
429173
429400
429813
430102
430361
430652
431236
431650
433116
433154
433559
433716
435599
436175
436222
436265
436542
436890
437123
437588
438207
438322
438362
439026
440513
440625
441729
441887
442459
442733
443447
443814
444254
445279
446303
446653
447311
447845
448239
448904
449496
450078
450396
450971
452060
452188
453123
453168
453758
454349
454430
454458
454890
455257
455406
455558
457080
457492
457566
457796
458156
459893
459955
460174
460468
460513
460995
461073
461302
462267
462716
463415
463699
463752
464411
464484
464581
464651
464735
465036
465479
465719
465935
466158
467805
468311
468487
468726
468897
471493
472652
472715
472777
473144
473947
475076
475889
476148
476655
477451
477766
478282
478482
478524
478567
479059
479517
480032
480038
481684
482160
483454
484080
484624
484967
485077
485853
486049
486628
486994
488245
488427
489294
489448
489741
490267
490937
491507
491533
491541
492126
492677
493191
493587
493824
493928
494865
497214
497627
497780
497836
497907
499540
499781
499854