247
2082
2189
2599
2611
3356
6592
7503
7640
7924
9115
9548
10143
10343
10874
11570
12002
12066
12183
12467
13168
14349
14421
14722
15677
16201
16939
17559
17578
17835
18141
19414
21346
21694
22174
22749
23018
23407
23655
24843
25256
26338
27123
27810
27835
27904
28035
29661
30095
30451
31289
32051
32127
32285
32389
32486
33170
34414
34471
34522
34547
34640
34703
34730
35896
35995
36024
36053
36106
36747
36835
36955
37165
37986
38607
40458
40869
40936
40962
41828
42240
42858
42954
43101
43120
43123
43879
44027
44125
44548
44755
44779
44859
44904
45544
47064
48144
48306
48894
49835
49988
50269
50663
50976
51441
52050
52187
53030
53101
53221
53411
54172
54756
55429
56355
56914
57252
57420
58394
59412
59810
59885
61013
61270
61280
61922
62399
62493
62537
63511
63858
65074
66312
66574
68743
69324
69531
69966
70113
70118
70505
70817
71731
72443
72545
74665
75897
76313
77063
77233
77425
77874
78175
79002
79378
79726
79758
80165
80559
81189
82063
83222
83383
83928
84725
85079
87088
88533
88884
89068
89244
89449
89965
90018
91351
91355
91407
91841
91848
92059
92077
92582
92705
92725
92803
94573
94980
95063
95201
95219
95599
96243
96378
96884
96891
98305
98898
99376
99806
100161
100230
100398
100770
101658
101986
103449
103533
104552
104558
105017
106286
106442
106539
106568
106575
106935
107029
107103
107369
108548
108832
108844
108906
109141
109837
109991
110029
110193
110643
110706
110848
110951
111515
111689
112113
112504
112846
113095
114670
114768
114808
115460
115779
115858
116276
116819
116915
117518
117864
118025
119021
120248
121271
121940
122067
122233
122286
122287
123329
123664
123906
124171
124781
124809
125370
126422
126922
126973
127387
127624
128001
128142
130061
130690
131110
131848
133095
133106
133351
133399
133768
134647
134843
134905
135614
135964
136126
137247
138097
138418
139271
139366
139438
139746
140032
141369
141747
142136
142480
142945
143277
143888
143987
144195
145301
146182
147162
147651
147712
147789
148190
148502
149207
149672
150885
151669
151916
152730
153135
154042
154412
154554
156467
156483
156923
157043
157060
158632
159560
159606
159832
159886
160105
160120
160788
161620
161928
162556
162681
162946
163460
163669
163758
163987
164072
164130
164974
165371
165591
165607
166161
166191
168308
168423
168662
169582
170239
170751
171009
171130
171299
171381
171892
172205
172829
173064
174084
174135
174413
175109
175334
175552
175607
176113
176485
178249
178485
179115
179755
180203
181025
181381
182420
182540
182897
182898
183886
185296
185388
187223
188123
188237
188465
188707
188990
189282
190448
191025
191897
192707
192963
193959
194445
194489
194884
195061
195474
195808
197290
197808
199491
199599
201172
202068
202166
202246
203288
204541
204994
205339
205364
205576
206250
206607
206814
207684
207923
208076
208140
208670
208788
208824
209323
210871
212310
212592
213796
213824
214083
214091
214160
214449
214630
214878
217063
217650
217837
219233
220552
222169
222746
222868
223201
223242
223618
225300
225784
226521
227057
227261
229234
229483
230336
230532
230754
231009
231052
231175
231314
231451
231514
234313
235000
235186
235954
236064
236676
237302
238484
238896
239522
239599
239786
240134
241509
242730
242777
243815
245144
245354
246137
247044
247575
247790
249209
249459
249489
249567
250474
251181
251496
251597
251677
251749
251925
251978
252198
252318
252876
252947
253775
254174
254355
256023
256352
256450
256502
257224
258422
259394
259423
259664
259996
261566
261791
262089
262955
263594
264672
264870
265327
266597
267234
267794
267850
268335
268475
268634
268871
271503
271656
272611
272688
272856
272867
273142
273728
273761
274757
275196
275848
276175
276539
277080
277439
278892
279031
279268
279603
280041
280284
281010
282163
282318
283024
283636
284157
284628
285086
285763
285979
286105
286139
286382
286967
287598
288172
288216
288468
289139
289774
290571
290937
292162
292492
292590
293600
294002
295238
295514
295947
296251
298097
298210
298276
298902
298975
299184
299346
299537
299621
299884
300034
300083
300270
301765
301894
302011
302078
302773
303187
303703
303777
304018
305014
306543
306766
306807
306863
306955
307502
308803
309116
309282
310323
310421
310464
311804
312071
312550
312832
313689
313794
315683
316247
316548
316764
317872
318235
318752
319404
319883
319926
320230
321577
321988
322911
323347
324135
324996
325094
326155
326327
327632
328001
329066
329668
330269
330427
330550
330907
331044
332376
332567
332573
333444
334246
334316
334434
335286
335402
335457
335507
335903
336726
337389
338042
338154
338519
339383
339836
339932
342318
342345
343445
344618
344960
345179
346168
346746
346826
346981
347098
347301
347328
347827
349045
349048
350049
350523
350768
351192
351435
351484
351689
352193
352611
352638
357288
357644
358247
359272
359485
359612
359720
359900
360403
360420
360828
361927
361950
361976
362482
362921
363150
363265
365579
365835
367742
368070
368164
368287
368499
369048
369821
369997
370062
370275
370954
371399
371406
371794
372172
373024
373141
374355
374422
374886
377295
377706
377967
378218
378634
378970
379026
379046
379154
379533
379850
381561
381771
382639
382731
383249
383586
383633
385611
387221
387355
387394
388219
388523
389201
389463
390269
391801
391889
392063
392277
393528
393528
395046
395070
395098
395630
396306
397102
397164
397241
398298
398906
399162
399169
399283
399399
399951
402618
403326
404216
404470
405645
406130
406678
406830
406909
407010
407431
407777
407897
408172
408374
408868
409022
410864
411091
411127
411156
411257
411734
411842
412167
412258
412440
413436
414874
414924
415233
416084
416273
416688
416842
417799
418186
418708
419103
419364
419844
419901
420150
420744
420920
421258
421371
421564
422260
422628
422665
423149
423262
423366
424156
424841
425785
426383
427107
427472
428014
428014
429160
429716
430426
430505
430814
431498
432380
433191
434853
435319
435563
435685
435756
435767
436929
438057
438262
439273
441130
442605
442763
442903
443022
443447
444259
444870
445248
445268
445421
445709
445827
446224
446965
447455
447482
448412
448627
448921
450413
450417
450525
450793
452347
452429
453108
453288
453671
454540
455203
455320
455343
455850
457196
457717
457733
457787
457800
457826
457861
458029
458584
458960
459041
459405
459627
460552
460649
460740
461138
461202
461510
461533
461745
461745
462550
466942
467426
467599
468101
469063
469514
469926
470052
470874
471166
471657
471959
474330
474552
474912
476039
476976
477054
477290
477470
477859
479137
479650
479711
480042
480203
480436
482155
482177
482627
483051
484264
484318
484820
484949
484993
486258
486679
486839
487755
488231
488415
488728
488833
488928
489305
489403
490084
490331
491641
491941
492244
492885
492929
494675
495126
495599
496082
496249
496432
497146
498215
498320
498408
498894
499422
499569