156
494
1767
2163
2581
2675
3610
3953
4627
5779
6586
8266
8503
8630
8633
8725
8843
9078
10360
10886
11907
12517
12806
13016
13715
13736
13897
14272
14459
14674
14859
14862
15051
15953
16437
17022
17456
17611
18009
18291
18756
18861
18976
19694
22412
22765
22806
22991
23228
24366
25380
25927
26157
26802
27610
28264
28698
28836
28966
29949
30161
30469
31527
31814
32320
32552
32830
34148
34895
35551
36292
36319
36380
37291
37413
38523
39312
39651
41355
42260
42312
42662
43018
43447
43483
43769
44312
44760
45014
45263
45618
46922
47299
47445
48360
48387
48986
51274
51626
52683
53057
54132
54522
54868
54885
56849
58310
58765
58875
59218
59569
59955
60131
60601
61502
61707
61993
62130
62864
62993
63121
63521
63781
63799
64106
65151
65469
65697
65940
67415
67591
68734
69639
70540
70911
71727
71769
72031
72571
72625
72750
73156
73217
73695
75226
75603
76227
76234
77309
77366
77965
77983
78803
80682
81215
82649
83039
83303
84153
84705
85119
86043
86225
88780
89165
90075
90320
90815
91811
92656
93081
93547
93769
93822
94100
94687
94739
95196
95272
96847
97315
97569
98170
98592
98725
98760
98767
98880
99247
99523
100818
100820
100858
101003
101233
101610
101939
102135
102441
102586
103196
104122
104215
104402
106208
106495
106532
106905
107520
107750
107828
108097
108102
108725
109031
109101
110161
110276
110395
110525
110917
111618
112227
113367
113740
114151
114868
115284
115332
115362
115593
115919
116178
117752
117755
118585
118590
119836
120016
120692
121017
122437
123109
123865
124039
124175
124245
124264
124770
125600
126015
126207
127173
127463
128065
128098
128263
129209
129243
129456
129732
130126
130165
130806
131315
131364
134047
134879
135252
135619
135929
136339
136793
136803
137162
137547
137695
138923
139094
139232
139487
139790
140164
140621
141222
141665
142071
142339
142709
143010
143936
146028
146282
146317
146348
147446
147929
148439
149803
150104
150251
150872
151266
151619
152468
152478
152664
152862
152885
154820
155254
155782
156417
156853
156991
157396
158043
158375
158722
159555
159795
160152
160864
161281
162706
163377
163488
164337
164511
164655
165296
165521
165895
166020
166855
168272
168903
169647
169856
169949
170214
170231
170387
170621
170869
171198
171327
172074
173133
173188
174576
175393
176027
176215
176302
176717
176854
176961
177512
177545
177575
177819
178023
178249
179381
179383
180000
180002
180817
180972
181252
181355
181788
182203
183271
184038
184329
184858
185616
186202
186335
186881
186974
188111
189525
189640
189827
189885
190987
191423
191873
192045
192108
192930
193531
193588
195091
197194
197764
197821
198467
199183
201617
202277
202400
202721
202875
203231
203540
203881
204546
204579
205416
206869
207076
207527
208282
210444
210490
211097
211352
211499
212028
212372
213219
213823
215147
216116
216222
217873
218467
218764
219918
219926
220950
221944
222357
222677
222865
224309
224546
224994
225337
226568
227040
227637
228130
228136
228588
229084
229450
230760
231051
231274
231549
232711
233065
234602
235106
235151
235571
235648
237035
238834
239633
240174
240635
241044
241271
241424
241427
241476
241605
241852
242751
242835
243815
244666
245660
245747
245879
246084
246839
246866
248264
248484
249349
249774
249852
249969
250518
250777
250911
251469
251886
251948
252030
252088
252162
252410
252878
255118
256843
256855
257202
257385
257706
257707
258407
259291
259355
259544
259915
260235
260384
260874
261891
262616
262722
262997
263102
263309
263621
264163
264556
265705
265714
266251
266549
267349
268092
268644
268802
268942
269238
269268
269343
270360
270474
271423
271424
271504
271634
271757
272266
272876
272887
273480
273801
273911
274084
274550
275070
275097
275658
278028
278101
278141
278661
279189
282558
282607
282618
282807
282810
282841
283433
283774
285104
285778
286401
286991
287011
287072
287246
288639
288667
289030
289165
290070
290099
290183
290442
292804
293985
294342
294988
295197
295448
295565
296267
296635
296835
297640
297825
298823
299250
299908
300473
300841
301862
301945
304271
304434
306190
306251
306703
306861
306869
307386
308056
309101
309213
309663
309757
309920
311899
312104
313079
313109
313383
313423
313440
313504
314334
314918
315614
315661
316233
316321
316684
317375
317388
318009
318015
318329
318963
321101
322548
322888
323040
324009
324059
324146
325032
326144
326323
326939
327231
327422
327796
328442
328810
328968
330045
330206
330355
331489
331510
331773
331961
332197
332743
334282
334588
334835
334915
335120
335273
335839
336268
337507
337809
338928
339521
339641
339689
340190
340587
340757
341261
341756
341758
342562
342619
343958
343970
345519
345620
345665
347609
347741
348441
349080
350405
350588
350588
350615
350617
350664
351119
351488
351654
352136
352198
352386
352467
352871
352948
353048
353447
353645
353994
354639
354769
354888
356378
356640
356961
357902
358056
358500
358633
359486
360195
360641
362245
362318
362970
363097
363944
363964
364072
364083
365127
365412
365561
365960
365971
366114
367605
368015
368043
368414
368752
369061
369895
370144
370200
370569
370733
370961
371123
371180
371796
372161
373926
373928
374804
375501
375525
375631
376289
376601
376864
376946
377458
378341
378612
378631
379375
379893
379957
380071
381543
381959
382736
384027
384573
385245
385357
386128
386267
387007
388776
389205
390497
390524
390843
391122
392042
392612
392801
393104
393348
393518
393592
394422
394549
394904
396184
396685
398334
398946
399371
399778
399920
401423
401919
401979
402483
402660
402828
403106
403186
403571
403796
404457
406661
406836
408061
408188
408823
410010
410510
411158
411722
411858
412408
413347
413689
413738
415298
416184
416196
416584
416697
418189
418207
418317
418747
418795
419176
419704
420213
420214
422223
422594
423048
423204
423207
423820
424207
424913
424943
425292
425375
426064
426147
426715
427672
428204
428727
429455
429540
429590
430048
430631
430743
431247
432529
432914
433337
433552
434015
434449
434657
434842
435073
435978
436759
437423
438428
438489
438832
439325
439411
439712
440609
441012
441915
442591
442924
443255
443308
443483
443709
445707
446962
447300
447780
447802
448813
449066
449208
449416
449551
449560
449705
449989
450005
450266
450450
450849
451002
451019
451296
451744
454271
455051
455545
455556
455761
455889
457695
457857
458062
458692
459795
460572
461170
461602
461702
461988
462865
463173
463799
464194
464234
464572
465004
465442
466140
467342
467525
468117
468882
469074
470306
471757
471990
472328
472469
472475
473761
474377
474619
475265
475510
475638
476218
476236
476605
476655
477289
477369
477686
478051
478729
479091
479214
479585
479662
479849
481443
482508
484157
484388
484665
485343
486560
486626
488061
488398
489057
490149
490816
491938
492256
492673
493270
493416
493820
493954
495115
496536
497388
498052
498845
499458