353
649
2152
2241
2282
2542
2848
2882
2955
3138
3418
4021
5458
6322
6350
7079
7509
8180
8553
9395
10038
10851
10961
11244
11292
11823
11845
12358
12525
12672
12719
12890
13098
13933
13971
14098
16110
16228
17038
18259
19431
20053
21591
21698
22149
23730
24608
24925
25427
26197
26227
26720
27364
27579
27916
29532
29846
29938
30208
30660
31235
31440
31541
31990
32016
32532
33163
33669
35740
36107
36874
37353
37462
37764
38226
38852
40991
42822
44165
44384
44749
45459
45497
45701
46164
46373
48181
48316
49307
49312
49611
49993
50598
51359
51826
54515
54983
55791
55923
56104
56222
57061
57277
57295
58048
58516
58759
58846
59074
59100
60747
60845
61907
62432
63277
64234
64642
65620
65761
65834
65861
65884
66317
70133
70167
70295
70497
70577
70587
70992
71315
71387
71428
72226
72507
73248
73926
75025
76505
76947
76975
77838
78900
80877
81389
81887
82559
83013
83451
84528
86088
86281
86873
87295
87821
88583
88755
88965
89276
89504
90595
91732
91882
92401
94066
94700
95151
96201
96233
96637
97425
97644
98043
98177
98374
98878
99797
99991
100111
100314
100633
101018
101899
102304
102655
102728
102756
103437
103982
104305
104630
104977
106024
107618
109041
109452
111327
111700
112458
112553
112633
115086
115374
117015
117592
117867
118855
119114
119159
120245
121594
121604
121881
122519
122908
123024
123050
123136
123297
123362
123379
124656
125032
125580
125968
125993
126453
127223
127405
128404
128806
129196
130592
130851
131399
131669
131826
131831
132392
133309
133949
133970
134572
135147
135286
135716
135831
136338
136828
136866
137067
137788
138200
138613
140024
140820
142001
142113
142883
143685
144723
144872
145050
145324
145355
146370
146488
147517
147776
147808
148714
148926
149382
149586
150603
150698
151936
152328
152620
152990
154826
154827
155699
157104
158557
159788
160849
161207
161357
161589
162093
162268
162498
162650
162906
163083
163558
166294
166437
166509
167243
167266
167572
167931
169328
169596
169693
170280
170294
170561
170724
170948
171354
172649
172778
173165
173854
173897
174443
174461
174963
175141
175351
175366
175446
175630
175759
176881
177165
177576
177607
178080
178611
178791
179216
179345
179535
180174
180766
181088
182331
183036
184958
185102
185719
186141
186450
186907
187135
188406
188693
188753
188823
188834
188959
189802
190419
190932
191020
191488
191537
191806
191940
192112
192551
193578
194127
194407
194483
194561
195692
196170
196542
197538
198025
198357
198929
199365
199419
199723
200302
201177
202433
202672
202794
202881
202980
203010
203065
203799
204241
204554
205346
206231
206343
206550
207172
207704
208151
208159
208916
209190
209819
210098
210938
211200
211426
211800
212862
213083
213158
213447
214004
214226
214325
214463
214498
215005
215120
215195
215245
215709
216485
217440
217667
217823
218171
219245
219960
220496
220555
220927
221278
222289
222380
222601
222987
223119
223812
224253
224682
225732
226301
226829
227546
227726
227778
228129
228143
228535
228747
228781
229930
230067
231056
231296
231430
231696
232049
232179
233781
234027
234508
234981
235349
235797
236111
236454
236455
236733
237130
237228
237871
238051
238223
239935
239995
240920
241416
241766
242700
243013
244655
245934
246019
247228
247562
247695
247732
248780
248820
248932
250440
250446
251718
251727
252988
253158
253180
253497
253547
253601
253975
254568
254880
255499
256521
256674
256835
257069
257252
257317
259271
260801
261438
261559
261937
262317
263339
264538
264655
265475
265508
265922
266468
268291
269314
269454
270055
270442
271123
272074
272590
272681
272974
273349
273498
273734
274480
275874
276799
277551
278320
278538
278560
278837
278975
279263
279271
280279
280900
281034
281254
281464
281483
281776
281961
282184
282429
282451
282776
283175
284374
284428
284665
284732
285093
285923
286087
287039
287148
287370
288657
289550
289572
289678
289681
289914
290710
291420
291973
292539
292628
293042
293103
293716
294510
294928
295189
295866
296122
296186
296505
297157
297165
297783
298762
299830
303147
303313
303479
303536
305363
305802
306092
306578
306665
306883
307174
307706
308384
310841
310999
311408
312636
313338
313671
316043
316210
317264
317968
318347
318422
319269
320649
320688
320859
321752
322037
322128
322369
323331
323389
323777
324630
324715
325712
326292
326396
326522
326739
327830
328464
328486
328625
329307
330423
330717
331108
331421
331708
331816
332053
332130
332147
332844
333524
333706
334635
334941
335172
335205
336438
337306
337959
339033
339202
340144
340461
340478
341750
342166
343083
343675
343745
344060
344827
344952
346009
346464
347480
347969
348129
348233
349010
349161
349247
349924
350537
350745
350917
351034
352217
352545
352735
353361
353442
353833
354250
354301
354496
355186
356717
356726
356850
356918
357607
357832
358422
358537
358570
359111
359174
359657
359675
359827
359931
360911
360936
361690
363930
364258
364632
364698
364736
365828
366023
366689
367224
367242
368208
368369
368474
368834
369567
369730
370265
370485
370722
371009
371071
372567
373115
373446
373530
373641
373736
373821
374614
375162
376694
377630
377714
377718
378241
379107
379704
380234
380772
380940
381015
383436
385532
385544
385833
385943
385964
386014
386270
386767
387210
388601
390633
390974
391983
392763
393120
393518
393802
394192
394631
394949
394960
396436
396544
396561
396884
397344
397361
398640
398870
399072
399841
401258
401376
401456
402667
402720
402787
403245
403266
403555
403812
405363
405394
405669
406979
407316
407421
407457
407893
408271
408666
410142
410345
410773
411522
411656
412485
412573
413075
413199
413227
414120
415184
415443
417417
417417
418325
418515
419508
419677
419732
419876
421554
421739
422779
422836
423305
423889
424422
424521
425202
425711
426423
426676
426763
426962
429471
430339
430371
430426
430527
430712
433080
433159
433244
433464
433732
433966
434179
434886
435647
435726
436296
436323
436724
437476
437736
438168
438218
438454
438640
439443
440267
440278
440652
441115
441198
441925
443121
443230
443555
444642
444682
444734
444856
444920
445172
445599
445786
445804
445827
446025
446372
448481
448625
449765
450326
450387
450873
450893
451020
451281
451411
451636
451974
452008
452333
453354
453565
453656
453896
454440
456598
456929
456931
456968
457563
457826
458784
459053
459289
459444
459549
459998
460849
462788
464050
464266
464727
465727
465762
466311
466321
466899
466926
468622
469279
470428
470921
471204
471259
471354
471532
471570
471998
472283
472865
473187
473543
473564
473866
474108
475022
475313
476969
477038
477459
477596
477836
478191
479408
480666
481418
481665
482982
483015
483323
483440
485074
485079
486178
486442
487060
487082
487227
487361
487825
489089
490093
490100
491271
491425
491932
492060
492473
492817
492865
493065
494457
496292
496685
497395
498176
498275
498546
499003
499477
499623