174
691
981
1153
2593
3116
3957
4574
5152
5436
6279
7489
7563
8897
9425
9905
9974
10935
11658
11810
11874
12316
12860
14052
14875
15044
15117
15377
15716
15753
15796
16862
17261
17320
17624
18320
18612
18958
18971
19106
20591
22398
23080
23297
24233
24418
24495
24496
24672
24846
27124
27366
27387
28082
28748
29532
29795
30260
30917
32077
33450
33813
34179
34544
34650
35760
36485
36638
39203
39420
39637
41357
41521
43370
43499
43543
45185
45315
46561
47299
47880
48514
48563
48572
50623
50952
51077
51739
52130
55060
55269
55455
55970
56081
56175
56640
57370
58279
58997
59085
59390
60912
64698
65041
66040
67354
67730
68131
68282
68888
69876
71014
71509
73127
73280
73332
73486
73639
73778
74972
75146
75855
76341
76588
76654
77236
77334
77398
77400
77739
77803
78324
78762
79423
79725
81418
81966
82928
82987
84586
84762
84797
85233
86584
86623
87260
87842
88090
88558
89584
89667
89904
91027
91202
91202
91497
91675
91748
92192
92353
92475
92536
93626
94377
94751
95095
95528
97187
98040
98094
98435
98452
98857
99839
100731
100750
100769
101311
101779
102293
102693
104988
105048
105453
105486
105691
105737
105967
106790
107142
107409
107657
108190
108313
108979
109081
109115
109602
109911
110242
110262
110323
110905
113393
114463
114488
114636
114647
114778
115310
115384
115478
115491
115985
116697
116748
116803
116817
116827
116947
117039
117270
117649
117901
118388
118437
118582
118867
121570
122166
123077
123419
123586
124042
124233
124760
124850
125255
125338
125499
125500
125988
126466
127103
129305
130172
130173
130430
130999
131402
131448
131529
131758
132410
132535
132729
132938
133149
133162
134736
135226
135248
135390
135498
135739
135950
136384
136385
136621
136886
137111
137182
137355
140848
141240
141326
142146
142906
143886
144020
144436
144468
145915
146095
146480
147235
147593
148219
148353
148486
149846
149858
150301
150580
150685
150895
152441
152696
153277
153718
154562
154650
154882
155283
156530
158200
158843
158849
159284
159946
160003
160474
160668
160744
161191
161205
161413
161814
163722
163739
164106
165517
165597
167490
168024
168124
168452
168454
168512
169213
169681
169773
169827
169931
170597
170612
170663
170739
171058
171384
171512
171753
172364
172524
173413
174246
174370
176020
176051
176237
176535
176538
176554
176960
177299
177833
178342
179744
180071
180386
181081
181158
182517
182781
184060
184136
184996
186117
186172
186814
187611
187830
188408
188460
189901
190274
190892
191090
191576
191622
191747
192136
192455
192804
192944
193026
193087
193110
193839
193868
195147
195418
195697
198138
198896
199357
199574
200028
201286
201595
201992
202346
202951
203336
203790
204452
204977
205775
206546
208104
208269
209730
210005
210367
210616
211047
212263
212752
212812
213336
213871
214353
214634
214715
215211
215254
215775
216745
216911
216963
217012
217217
217323
217348
218593
219100
219319
219445
220195
220454
221005
222539
222570
222576
222810
223323
223554
224008
224952
225138
225909
226065
226500
226741
227475
227582
227609
227760
228230
228509
229897
230137
230257
230358
230944
231073
231755
231933
232190
233291
233461
233723
234268
234322
234616
234671
235470
235652
237107
237920
237979
238205
238247
238860
239549
240308
240694
240980
241386
242980
243196
244473
245289
245426
245434
246312
246459
246650
248200
248957
250238
250597
250679
250971
251715
251988
252217
252232
252800
252860
253952
254045
254535
254662
255853
255911
256105
256162
256503
256959
256983
257359
258474
259450
259705
260004
261022
261191
261554
262069
262378
262490
263096
263786
264019
264222
265185
265547
267253
267421
267659
268530
268787
268984
269379
269727
269824
270290
270829
272237
272283
273133
273626
273735
273750
273972
274821
275424
276048
276200
276591
276667
276959
277164
277406
278066
278955
279134
279410
280090
280596
280830
282149
282373
282528
282809
283020
283094
283908
283917
283923
284151
285077
285872
286020
286324
289031
289688
289948
290485
290530
291553
292881
294124
294238
294368
294396
294588
294880
295333
295337
295372
295786
298370
299300
300207
300216
300701
301967
302633
303055
303362
304071
305024
305699
305752
306879
306974
307117
308043
308735
309285
309428
309479
309551
309836
311000
311587
311969
312363
312646
313158
313431
313915
314342
314774
315253
315351
315512
316363
316371
317349
317872
318068
318217
318291
318394
318766
319254
319523
319835
320024
320124
320197
321243
322086
322197
322665
322896
323909
324415
324758
325001
326310
326349
326497
327244
327738
327751
327980
328449
329192
329301
329398
329718
329803
330422
331429
331454
332116
332424
332748
332909
333322
333537
334268
334648
335079
335201
335744
335898
337224
337657
338199
338623
338646
339075
339612
340407
340618
340782
341042
342147
342348
343506
343816
344076
344402
345590
345960
347189
347405
347729
347820
348414
350085
350518
351271
351378
351678
352599
352662
353069
353114
353142
354073
354550
355139
356191
357321
357357
358123
359082
359101
359166
361880
362075
364749
366052
366680
367344
368024
369397
369800
370243
370524
370739
371331
372146
372288
372558
372588
372590
373402
373469
373876
374562
374584
375522
376230
376506
377369
377549
378295
379120
379123
379313
379323
379710
380094
380307
381398
382253
382410
382789
383070
383295
384093
386844
387768
387856
388031
388220
388797
389839
390060
390630
390777
391566
392484
394042
394334
394509
394781
395171
395325
396834
397651
397694
397852
398739
398883
398971
399103
399108
399844
400539
401003
401320
401657
402031
402900
402924
403086
404297
404378
404489
405598
406485
406978
407305
407697
408041
408488
408495
409034
409226
409351
409789
412350
412425
412573
413045
413805
415608
415789
416535
416855
417320
417698
418706
418759
419090
419577
420989
421298
421973
422735
422995
423065
423222
423286
423304
423485
423496
424971
426059
426432
426677
426749
427181
427318
427576
428115
428813
430144
432435
432446
432965
433284
433614
433860
435109
435898
436170
437227
437675
437844
438346
438574
439143
439180
439186
440181
440417
440566
441213
441377
441853
441856
442639
443083
443105
444774
444810
444913
445374
445555
445817
448490
450067
450099
450531
451003
451500
452236
453848
453996
454734
455012
455357
455586
456347
457017
457441
457738
459020
459195
459644
460342
460475
460487
460942
461358
461546
462126
462477
462617
463590
463601
464845
465745
465787
466332
467140
467143
467376
467510
468155
468484
468575
468723
468858
470344
470854
471132
471230
472049
473612
473684
473982
474888
475714
475843
476375
476701
477624
478285
478348
478541
478595
479415
480716
480957
481394
482398
482535
483087
483161
483690
485384
486289
486758
487449
488033
489797
490707
491307
492404
492720
493120
493131
493172
494338
494389
494688
494737
495284
495871
497295
497299
497327
497527
497578
498197
498521
498992
499398
499484
499870