750
877
1053
1785
1872
1979
2105
2588
2632
2697
2713
4122
4355
4382
4654
4947
5449
5737
5896
6331
6695
7122
7705
8399
8548
9228
9445
10654
10822
12378
14449
15805
15857
15955
16233
18685
20039
20220
20317
20828
20902
22613
23112
23135
23312
24949
25168
25725
27156
27315
27379
27397
27591
27607
27840
28115
28336
28432
28490
29724
29874
29980
30174
31119
31579
32122
32217
32352
33966
34028
34924
35428
36173
36520
36649
37844
37967
38052
38817
39156
39349
39939
41848
41996
42821
42908
44572
44644
45671
46591
47438
47608
47646
48353
48837
49013
49788
50217
50341
50436
52071
52581
53774
54690
54760
54793
56274
56308
57449
57610
57756
57900
58028
58339
59176
59574
59901
60906
61170
61384
61599
61720
62296
63888
64748
65298
65526
65538
65907
66139
66695
67110
67171
67431
67824
69651
70032
70829
71138
71208
71941
73575
73665
73853
74158
74642
74893
75605
77400
78258
79037
79690
79752
80639
81125
82418
83713
83949
84047
85531
85600
85894
86026
87375
87795
87862
88410
88639
89475
90074
91096
91111
92147
92689
92767
93142
93870
94163
95583
95993
96017
96650
96731
96855
97332
97348
97489
97584
98152
99697
100001
100208
100268
100284
100332
101044
101055
102167
103683
104052
104611
105007
105526
105924
106226
106241
106568
106573
108156
108189
108204
109532
109736
110376
110637
111031
111238
111444
112552
112781
113584
114143
114154
116151
117038
117160
117595
118987
119398
119570
122058
122285
123667
124031
124677
124778
125163
126158
126865
127060
127331
127890
128252
128881
128921
129261
129888
130794
131403
131530
132271
132678
133275
133287
134768
135507
135751
137417
138011
138687
139294
140558
140654
141069
141281
141779
141961
142324
143045
144335
144799
144921
145576
145777
146215
146309
146444
147198
147218
147349
147491
147893
147952
148016
148380
148460
149041
149435
149483
149877
150313
150455
150620
152112
152318
152449
152948
153544
153837
154259
154684
155538
156101
156160
156773
158679
159430
161502
161822
162826
162883
163571
163591
163662
164209
164392
164398
165358
165429
165674
166029
167691
168385
168472
168526
168690
168767
168818
168911
169569
169729
170432
170959
171041
171119
173924
173931
174086
175026
175419
175722
176819
177834
178029
179473
180562
181000
181147
181834
181964
181991
182055
182328
183044
183165
183686
184049
184626
185368
185522
185800
186390
186619
187197
187258
187428
187895
188198
188700
188725
188819
189944
190702
190741
191324
191573
191800
192078
193276
193495
193749
193945
193967
194277
194386
194879
194905
196542
196643
197894
197924
198159
198816
199064
199694
200168
200756
201614
201788
202094
203042
203222
203995
204249
205102
205245
206861
207337
208381
208742
208987
209186
209497
210500
210773
210879
211602
211951
213300
213717
214453
214522
215319
215347
215494
215993
216224
217668
217871
218151
218973
219702
220400
220591
220898
221201
221377
222168
222452
222980
223140
224500
224579
224746
225374
225817
226021
226272
226780
226869
227057
227420
227428
227547
227821
228124
228260
229923
230243
230569
231163
231168
231605
232159
232217
233460
233567
233804
234469
234698
234727
235268
236581
237695
238076
238136
238256
239064
239127
239487
239777
239883
239903
240632
240718
240756
241086
241087
241690
242076
242129
242670
242768
242829
243461
244193
245038
245222
245287
245387
245567
246413
247149
247464
247647
247860
248166
248786
249448
249516
249761
249997
250463
250487
251877
251921
253295
253551
253707
254648
255256
256162
256821
256952
258182
258450
258685
260409
260474
261697
261849
262062
263136
263718
264233
264241
264598
264610
264632
265257
265357
265543
265567
266289
266649
267019
267178
267693
267945
269205
269259
269583
271570
272043
272886
273433
273995
274624
275267
275315
277346
277996
278461
279559
279808
279916
280152
281895
282234
283515
284062
284488
285022
285315
286007
286015
286971
287042
287433
288001
289044
289251
289268
289403
289922
290191
290639
290654
291782
292473
293680
294150
294176
294321
294518
295959
296237
296350
296603
297409
297665
297762
297976
298471
298608
300482
300679
300695
301105
301598
302052
302422
302987
303698
304669
304794
305183
305464
305586
306464
306801
306944
307286
307512
308264
308600
309144
309182
309511
310068
311005
311088
311677
311876
312118
312443
313001
313387
314817
315257
315324
316146
316191
316266
316689
316895
317417
318069
319660
320474
320896
322992
323070
323198
323486
323577
323727
324100
324148
324426
324480
325484
325709
327134
327166
327272
327397
328969
330090
330820
332365
332420
333091
333126
333528
334152
334553
335179
335387
335702
335948
336387
336645
337507
338639
338825
339446
339557
340116
340234
340467
340619
341012
341357
341993
342315
342555
342853
344390
344473
344643
344654
344657
344942
345367
345951
346549
347254
348682
349613
349787
350526
351201
352021
353367
354855
355197
355618
356858
357756
359191
359208
362012
362099
362185
362319
363193
364129
364755
366413
366573
367082
367271
368013
368919
369245
369840
370052
371265
371786
371969
372537
373150
373191
373868
374158
374533
376184
376399
376973
377008
377043
377043
377367
377404
377720
378253
378482
379696
379844
380461
380486
380859
381130
381434
381857
383490
384823
385986
386690
386832
387062
387668
388498
388650
388793
389149
389727
390076
390081
390199
391100
391477
391480
392550
392692
393942
395189
396962
397048
397781
397977
398987
400040
400402
401880
402290
402902
403262
403657
403800
403844
403881
406441
407206
407507
407551
408116
408314
408639
408881
408900
410722
411397
411817
411971
412721
413526
413679
413823
413954
414086
414654
414783
414991
415716
416328
416356
416750
416904
417115
417119
417243
417861
418000
418125
419207
419373
419375
420415
420912
421554
422102
422167
422196
423092
424871
425308
425393
425635
425889
426810
427214
427314
428519
429499
430084
430256
430566
430631
431617
433012
433466
433556
434405
434432
434923
435077
435590
435798
436175
436542
436697
436709
437581
437711
439553
441728
442172
442172
442301
443806
444533
444603
444983
444985
445619
445776
447404
448396
448581
449140
449152
449209
450595
450641
451429
451475
451635
452586
453594
454138
454274
455874
456991
457058
457604
457937
457968
459060
459109
459213
461472
462360
462423
462890
463234
464052
464102
466083
466261
467039
467434
467445
467634
468547
468808
469042
469881
470007
470209
470604
470636
471931
472194
473121
473523
473810
474143
474351
474490
474683
474725
475280
475629
475849
477016
477322
477953
478696
478765
478972
479499
479671
479711
479895
479928
480079
480465
480671
480899
481263
481322
482908
483222
484022
484157
484255
484397
484859
485232
485603
485882
486573
486943
487260
487865
487952
488214
488696
489570
490768
490770
491214
491734
491782
493117
493475
494097
494192
494211
495201
495671
496136
496147
496328
497233
497901
498426
498686