210
652
1231
1640
2257
2388
3563
3702
3976
4204
4523
5249
5359
6087
6175
6928
7561
8215
8373
8910
9143
9233
10195
11049
11539
11838
12111
13406
13655
14016
14998
15439
15558
15765
16834
17592
17593
18460
19785
20042
20226
21139
21344
21372
21447
22191
22352
23224
23372
23403
23916
24342
27194
27238
27460
27792
28233
28362
28531
28578
29131
30713
30769
31133
31746
32261
32847
32967
33089
33194
33253
33725
34211
35013
35532
36250
36688
36765
37231
37242
37735
38099
38346
39151
40267
40584
40887
41902
42028
42748
42830
43257
43756
45485
45835
45846
45872
46185
46193
46704
46814
47232
48590
48618
49224
50869
50960
51492
51615
52586
53389
53881
54677
55092
55113
56217
56249
56684
57137
57273
59164
59508
59699
60331
60543
60581
61308
61684
61879
62653
63242
63434
63463
63645
63770
64201
64426
65195
65196
65611
66624
66779
66986
66993
68379
69067
69650
70443
71050
72876
73380
73568
73677
74427
75748
75947
75988
76577
76719
76737
77057
77959
78002
78017
78212
78591
79012
79308
80411
80941
81020
82479
84281
86750
86777
87417
87832
87896
89167
90045
90444
90995
91370
91403
91621
92244
93090
94507
95087
96515
96787
96841
97167
98645
99755
100175
100204
100381
100391
100493
100631
100725
101087
101477
102154
104128
105599
106160
106298
106338
107022
108003
108100
108501
108572
108755
108783
109030
110025
110154
110368
110987
111053
111719
111816
112243
113375
114094
114176
114418
114915
115549
115634
115675
116221
117236
118827
119075
119076
119499
119557
119614
119930
120611
121677
122830
123885
124218
124452
125410
125535
125593
125771
126619
126680
127386
127858
128812
129101
129396
129577
129742
129888
130990
131968
132623
133306
133387
133429
134399
134834
135048
135382
135660
135670
136008
136525
136914
136962
137038
137495
138571
138687
138918
139061
139161
140088
140439
140792
140888
140979
141011
141012
141569
142099
142245
142272
142738
143837
143898
144489
145354
146700
147159
147878
147926
147950
148198
148935
149216
149232
150348
150510
150950
151361
152354
152557
152794
152808
154090
155154
155621
156640
157916
158651
158999
159634
160405
161954
163298
164788
164961
165038
165454
166029
166208
166922
167542
167944
168494
169180
169381
169985
170795
171222
171767
172137
172873
174149
174444
174646
176030
176074
176748
177218
178653
178746
179333
179512
179813
179919
180235
180678
181060
181103
181298
181437
181838
181996
183061
183525
183757
183862
184005
184098
184285
185324
185788
185909
185928
187315
188494
188632
190085
190878
191097
192044
192085
192380
192479
192509
192527
192535
192674
192685
195401
196595
196882
196935
197553
197634
198680
198826
199879
200292
200523
202565
202927
202989
204929
205409
206262
206272
206499
206581
207130
207183
208065
209278
209541
210144
210208
210226
210347
212736
213321
213752
214128
214279
214335
215051
215380
215721
215976
216259
216504
216817
216924
217084
217124
218571
218897
219328
219613
220696
222388
222886
223086
223283
223733
224285
224325
224354
224909
225228
225240
225603
227002
227266
227917
227952
228884
229568
229748
230231
230357
230503
230565
230723
230788
230847
230886
231305
231753
233433
235045
235599
235840
235970
236473
236547
236745
237598
237958
240576
241151
241903
243100
244518
244708
244917
245076
245894
246411
246765
246983
247126
247531
248097
248468
248697
248732
249245
252758
253037
253296
254311
254516
254707
254721
254844
255750
256469
257555
258587
258983
259012
259119
259631
260605
260609
260927
261242
261528
262302
262662
263364
263543
263859
264031
264451
264542
264569
264631
264721
265834
266997
267172
267639
267670
268293
268573
269903
270465
271724
272036
272883
273303
273517
273908
274227
274329
276119
276508
277251
277581
277998
278317
278405
279548
281245
281895
282987
283103
283750
285042
285195
285676
285890
286599
286850
287000
287287
287389
287543
288079
288352
288761
289239
291369
292099
292198
293011
293849
294117
294444
295416
295562
295643
296126
296589
297655
298244
298698
298735
298867
301454
301516
301536
302302
302350
302657
302871
303203
303408
303576
303688
304021
304495
304618
304696
304775
304895
305042
305060
305223
306772
307376
307859
307953
307976
308098
308276
308793
308933
309218
310123
311523
311675
311906
312050
313050
313151
313691
314300
314599
315318
315622
316845
317377
317604
318001
318976
319141
319984
320025
320560
321001
321526
321663
322593
323978
324144
324889
325094
325372
325573
325917
325970
326083
327292
327646
328227
328399
329571
329807
330466
331086
331273
332049
332077
333409
333914
334998
335681
336185
336913
337110
337206
337342
337352
337527
338226
338750
339099
339348
339693
339827
341273
341343
341567
344026
344098
344587
345198
345415
345669
346277
346770
347258
347678
347882
348282
349203
349927
351581
352009
352067
352072
353246
353514
353547
353965
354732
354773
355121
355424
355569
356552
356995
357363
358117
359691
360980
360996
361054
361609
361977
362162
362295
362512
363179
363903
364323
365265
365646
365686
367330
367857
368053
368619
369523
369697
369761
370253
370409
370900
371382
371483
372332
373356
373570
374208
374215
374444
374805
375989
376443
376738
377451
377763
378319
378340
378704
378809
379152
379530
379926
380278
380293
380338
380613
380648
381402
381443
381495
382228
382303
382869
383119
383330
384382
384815
385342
385397
386137
386290
386866
388519
388780
391396
391748
393958
394070
394181
394667
395176
395610
396027
396374
396791
396913
397336
397628
397690
397908
398779
399490
400198
400718
400952
401442
401787
402222
402237
402604
403477
403750
404816
405622
406644
406916
408071
408457
408531
409882
409942
410044
410172
410880
411003
411032
411112
411210
411342
413101
413627
414044
414082
414311
414659
414815
415241
416059
416389
416675
417051
417519
418131
418226
418784
418822
419569
420667
421027
422315
422719
423719
424185
424567
424946
426102
426392
426474
426807
426932
427085
427729
428176
428409
428617
428857
429118
429854
430299
431402
431501
431637
432352
432528
432651
433177
433967
435243
436282
437028
437489
437554
437742
438552
439348
439383
440697
441154
441230
442110
442362
442508
443303
443498
443503
443587
443613
443848
444004
444155
444623
444677
445427
446129
447305
448656
449666
450352
450465
450751
451612
452325
453142
453617
455721
456412
456503
457126
457295
457603
459144
460606
461746
462331
462396
462567
463890
464277
464513
464995
465282
465468
467100
468499
468860
469575
469722
469885
470368
470881
471864
472698
473894
474302
474303
475123
475272
476153
476464
476746
476825
477603
480263
480775
481302
481402
481443
481505
481604
481914
482953
483793
483935
484621
484785
485976
485984
488491
489295
489639
490968
491127
491504
492913
493330
493561
493645
494146
494265
494446
494600
494999
495194
495436
496235
497005
497246
497792
498027
498499
498636
498989
499601
499954