278
450
513
641
961
2172
2225
2239
3962
4686
5241
5313
5958
6032
7114
7374
7425
7814
9265
9336
9413
10261
11450
11503
12372
13442
13464
13970
15242
16040
16104
16551
16933
17325
19087
19175
19727
21622
21828
22554
23109
23608
24421
24819
25100
26158
26290
26742
26814
26958
27705
29192
29338
29339
29884
30033
30643
31423
31814
31828
32157
33620
33864
33888
34598
34725
34868
35216
35545
35820
36714
37490
37730
37858
38563
39710
40655
40720
41636
41793
41798
44287
44546
44977
45299
46248
46297
46716
48674
49246
49264
49740
51579
52003
52542
52740
52881
53248
53522
54075
54322
54746
54760
54790
56249
56478
56518
57637
57677
57967
58262
58272
58785
59170
59569
59824
60579
60675
61058
62013
62547
63210
63240
63251
63351
64369
64540
65066
65274
65367
65465
66369
66570
67038
67320
67472
67814
68146
68499
69047
69231
69931
70218
70237
70286
71903
71997
72923
74843
75885
76552
76698
76799
76826
77699
77730
77733
79074
79645
80058
80379
80762
81413
81452
81867
82595
82719
82752
82824
83603
84679
85233
85946
87136
87368
87449
87917
90316
91356
92007
92339
92605
92649
92911
93375
93590
94792
95027
95531
96106
96338
96346
96679
96891
97218
97534
98846
99398
99455
99646
100296
101048
101270
103196
103366
103694
104512
104676
104884
104919
105129
106269
106596
106965
107415
107779
108514
109611
109799
109935
110518
110996
111183
112521
112762
113144
114041
114790
115823
116943
116952
117002
117497
117597
118247
118325
118962
119059
119165
119596
119825
119992
120502
121461
121477
121797
122601
122728
124952
124957
125497
126110
126801
126904
127803
128471
128712
129076
129890
130331
130829
130998
133751
134260
135057
135357
135784
136449
137428
138048
138783
139369
139600
140013
140283
141075
141125
141362
141821
142203
142789
142959
143152
143447
144413
145196
145640
146063
146186
146352
146809
146864
147396
148478
148888
149074
149155
149943
149989
150055
150946
150962
151499
152351
153498
154063
154338
154800
154810
155227
156465
157233
157245
157363
158147
158411
158450
158563
159280
159830
159868
160124
160185
160519
160647
161579
162479
162677
164262
165191
165326
166228
166493
166867
167515
167876
168250
168380
169358
169999
170623
170769
171001
171558
172665
174223
174711
175233
175283
175436
176517
177387
177894
178009
178264
178872
179162
180708
180835
181125
181404
182568
183156
183388
183434
183551
184488
184923
184988
185331
185356
185872
186561
187400
188147
188873
189032
189746
189859
190556
190949
191715
191720
193026
194606
195182
195417
195540
195660
196097
196528
197691
197754
198260
198346
198390
198614
202004
202216
202739
202992
203677
204135
204431
204508
204816
205019
206303
207160
207379
207396
207790
208301
209808
210598
212881
213278
213282
213602
214120
214136
215602
216076
216659
216721
217118
217903
217920
218296
219322
219435
219923
221206
221354
221538
221665
222239
222945
223086
223225
224544
225582
226520
226962
226978
227105
227472
227880
227951
228221
229196
229328
229365
229997
230351
230876
231808
232191
232213
232655
233414
234285
234598
236453
237096
241279
241297
241925
243036
243222
243299
244281
244435
244975
245245
246240
246334
246856
248194
248547
248701
249058
250085
250400
250852
251042
251667
251857
252090
252197
252463
252544
252721
253284
253385
253782
254539
254742
254774
255169
255625
256016
256454
257049
257095
257926
257979
258415
258587
258838
259291
260196
260385
261146
262136
262253
262292
262296
262526
262539
262625
262660
262826
264673
264686
265082
265833
266146
266203
266308
266967
268261
270837
273152
273215
273218
273415
273781
274203
274656
274758
274766
274810
274913
275753
277191
278322
279369
279714
280206
280255
280347
281188
281291
282767
282820
282893
282903
283213
283326
283567
283864
283930
284536
284666
285179
285339
285799
286132
286327
287262
288468
288605
289039
290209
290220
291215
291352
291618
291933
292126
292698
292731
292909
293227
293795
293840
294237
294272
295786
296112
296333
296413
296814
296851
297265
298385
298568
298838
299012
299026
299250
299317
299466
299523
300189
300300
301572
302213
302706
302770
303496
303676
303712
303781
304307
305054
306273
306434
307223
308538
308673
309155
309204
310141
310972
311135
311777
311805
311907
312790
313697
314806
314835
315095
315825
317995
318114
318583
319128
319214
319685
319799
320389
320824
321566
322720
322921
323362
325150
325154
325234
325515
326491
326630
326668
326994
327070
327487
327735
329722
330226
331404
331436
331515
331685
331814
332935
333101
333434
334748
335600
335740
336963
338254
339865
340103
340502
340726
340832
341537
342144
342491
342688
343067
343154
343414
343493
344789
345058
345335
345528
345628
346130
346383
347463
347694
347937
348155
348291
349332
351255
352081
354606
354771
355123
355307
355811
356435
357105
357453
357773
357858
358279
358313
358392
358643
359167
359181
359273
359341
359960
360206
360650
361054
361365
362243
362843
364155
364351
364864
365097
365138
365254
365736
365740
365885
366774
367192
367280
367456
368806
370556
371046
371050
372219
372939
373392
373602
374776
375131
375712
375807
376013
376178
376641
376841
378918
379525
379579
379739
379846
380144
380293
381699
382656
383817
383828
383903
384474
384899
385710
386188
386230
386471
386580
387128
387174
387629
388364
388894
388939
389053
389129
389494
389638
389746
390066
390555
391060
391238
391892
392911
393716
395636
396448
396574
397112
397317
397969
398139
399857
399919
400371
400953
401589
403093
403596
404221
405556
406118
406459
407032
407453
407810
407965
409435
409688
410257
410701
411196
411676
411853
411954
412365
413026
413112
413602
414502
415741
416273
416420
416636
416936
418170
418343
418445
418694
418929
418945
419000
419296
419353
419801
419907
419918
420106
421029
421276
421455
421498
423415
424201
424414
424458
424751
425138
425798
426320
428079
428723
429651
430591
430829
431694
431819
431821
433764
433932
434028
434172
434438
434867
434938
434974
436299
436508
438010
438200
439293
440210
440278
441101
441140
441248
441748
441883
442418
442858
443047
445238
446215
446247
446311
447669
447812
447943
448807
448813
449349
450269
451458
452399
452575
452696
452867
452945
453410
453585
454401
454822
454857
455049
456056
456088
456779
457478
457581
458177
458457
459050
459282
460075
460082
460868
460980
461061
461130
461324
461389
461499
461520
461633
462291
462478
462646
463110
464022
464275
465976
467562
467912
468379
469506
470511
471824
471903
472408
473141
473469
473859
473878
475148
475393
476509
476797
477208
479226
480522
480543
480618
480705
481136
481684
482327
482407
483249
484605
485754
485930
486189
486742
487272
487553
488242
489675
489708
489712
489807
490091
490098
490615
492080
492495
493114
493553
493850
493916
494146
494546
494690
494702
495810
495991
496938
497562
498650
499403
499871
499924