272
451
662
2261
2415
2880
2882
3154
3236
3398
3568
4135
4694
4968
6671
6950
7331
7684
8255
9031
9697
9875
10356
10506
10693
10875
11961
12845
13289
15170
16067
16713
16924
17006
18061
18307
18770
18921
19234
20236
20447
20919
21189
22006
22225
22635
22678
22971
23004
23729
24566
25609
25693
26184
27008
27127
27427
27497
27539
27569
27988
28020
28439
28442
30338
31069
31098
31132
31237
31273
31519
31868
31973
32661
32911
33077
33123
34208
34348
34354
34464
34470
35108
36556
37023
37458
37696
38001
39329
40156
41333
41482
41488
41856
42481
42939
43288
43291
44177
45426
46297
47204
48253
50193
50261
51912
52388
52748
53377
54376
55329
56054
56142
56476
57175
57431
57913
58788
58859
59092
59111
59263
59919
60216
60217
60388
61878
64044
64866
65648
66492
66587
67178
67197
67475
67710
68650
69151
69358
70164
70596
70644
71295
72166
72304
72933
74070
75858
77707
77814
78019
78282
78520
78826
79342
79567
80038
80046
80066
80305
80669
80854
80978
81224
81892
83748
84956
85261
85386
85402
85503
85692
86085
86398
87044
87258
87685
88432
88868
89013
89369
89772
90032
90262
90470
90495
90793
90900
92087
92249
93179
93475
93741
93976
94458
95243
96114
96549
96911
97518
98453
99456
100036
100476
101326
101844
102019
102120
102610
102869
103407
103844
104367
104768
104834
105119
105136
105440
106015
106034
106960
109114
110628
111310
111657
111774
112020
113483
113795
113940
114174
114459
114480
115968
116131
116182
116336
118163
118370
119872
121540
122772
122966
123535
123974
124158
124231
125289
126299
126635
126963
128069
128170
128294
128298
128387
129160
129290
129750
130914
131577
131613
131771
132370
132646
133111
133532
134230
135015
135551
135715
135878
136212
136302
136358
136522
137033
138260
139016
139174
139290
140105
140998
141455
141531
142005
142164
142312
142770
143775
143894
144611
144789
145526
146885
147189
147314
148390
149110
149459
149535
150238
151147
151709
152403
153044
153340
153859
154971
155257
156952
157621
158827
159115
160200
160333
160523
160669
160787
161092
161479
161578
162941
163302
163845
163856
164429
164635
164726
164844
164911
164956
164959
165332
165688
166163
166174
166437
167075
167133
167778
168314
168927
168941
170863
171561
171684
171914
172592
172679
172787
172793
173679
174172
174542
174558
174609
174613
174761
176340
177719
177767
178145
178382
178486
178528
178827
179106
179239
179466
180146
181074
181522
181832
182115
182609
183072
183768
184082
184315
185209
186354
186892
187471
189359
190385
190711
191159
192122
192267
192895
193340
193414
193694
193736
194093
194423
194852
195688
195966
196566
197202
197259
197969
199451
200427
201242
201813
202436
203041
203156
204479
205730
206087
206393
207149
207243
207921
208597
210844
211868
212673
213737
214897
215117
215710
217121
217260
218035
218295
218701
219676
219736
220615
221222
221466
221546
221918
222054
223808
224449
224657
225977
226343
226992
227087
227935
228243
228398
228543
228692
228875
229110
229266
230321
230352
230394
230403
230865
231007
231234
231253
232068
233604
233889
234222
234958
235421
236445
237667
237884
238126
238523
238644
239930
240466
240806
241872
242056
243026
243453
243725
244053
245026
245165
245466
245602
245759
245951
246068
246220
246725
247095
247638
248296
248389
248819
249300
250018
250037
250201
251498
252286
252396
253620
254596
254811
255189
255769
256408
256889
257302
257861
258128
258941
259982
260650
261833
263113
264180
264210
265989
267431
267435
267566
267783
268543
268756
269615
269701
269994
270879
271661
272048
274291
275185
275459
275850
276814
277472
277703
278368
278396
278477
279326
279394
279449
280890
281308
281310
281469
282751
282978
283675
283732
284322
284463
284738
285276
285473
285917
286735
287011
287394
287946
290678
291755
291784
293000
293058
293264
293575
293612
294050
294058
294095
294701
295635
295648
295797
295855
296240
296383
296737
296801
296981
297051
297059
297107
297226
297724
298119
299151
299270
299271
299294
299439
300534
300996
301102
302881
303055
303330
303366
304908
305333
305487
306759
306896
307895
307941
308657
309039
309993
311457
311689
312287
312731
313199
313481
314168
314501
315276
315860
317453
317684
318074
318165
318615
318621
318968
319152
319159
319927
319946
321874
323055
323173
323618
324212
324515
325075
325440
325477
325902
326321
326527
326756
327175
328185
328830
329054
329191
330051
330105
330251
331450
331550
332179
332344
332465
333967
334416
334903
335011
336048
336159
336283
336297
337004
337692
338374
339105
339257
339420
339525
339583
342621
342950
342995
343485
343621
344057
344703
345259
346616
346653
346681
347130
347296
347627
348477
348954
349546
350053
350080
350262
350595
351261
351797
351858
352158
352525
352543
352799
354502
354584
355385
355625
355904
356116
356909
357199
357458
357530
358646
359354
359486
359524
359591
359816
360225
360616
361045
361316
362251
363147
363182
363569
364166
364435
364819
364861
365048
365400
366008
367261
367891
368280
369146
369842
370281
370425
370852
371044
371079
371205
371918
372184
373235
373403
373420
373648
373926
374302
374885
375650
376098
376422
376565
376572
376635
376844
376949
376992
377113
378867
379486
380578
380691
383548
383884
384321
385122
385276
385307
385600
386605
386848
387212
387969
388808
389819
389881
390543
391567
392058
392564
393348
394330
395323
395636
396473
396548
397008
397109
398021
398043
399986
400353
400923
401041
401071
402271
402303
402619
403046
403132
403769
403804
404226
406423
406485
406494
406498
406834
408623
408963
409434
409510
409766
411084
411442
411836
413628
414848
415747
415756
416361
416419
416630
416725
416784
417169
417566
418396
418882
418973
419121
419749
419783
419857
420396
420496
421532
423588
424536
424735
424815
425976
425983
427142
427292
427647
427967
428022
428948
430700
431677
431956
432181
432219
432240
433831
435112
435723
435752
436948
437487
438294
438659
439109
439212
439323
439641
439968
440275
440684
440715
441052
441056
441189
442045
442448
442946
443077
444021
444257
446071
448226
448337
449388
449757
450128
450666
451429
451951
452034
452686
453176
453968
454522
454525
454776
455118
455597
456298
456595
456647
457507
457614
457698
458463
458967
459118
459771
460249
460830
460858
460903
461055
461130
461594
461601
463100
463804
464246
464618
465072
466335
466705
467715
468362
468389
469505
469584
470565
470593
470906
470938
471107
471624
472028
472268
472513
472677
473482
473491
473660
475369
476223
476514
477181
477310
477429
477657
477686
477997
479056
479503
480166
481551
481933
482174
482508
482913
483560
483621
484268
484417
484909
486303
486450
487007
487110
487548
487565
488898
489080
490180
490398
490606
490811
493398
494293
494407
495360
496184
496243
496596
496651
497156
498189
498648
498831
498884
499014
499243
499623
499665