240
600
1654
2219
2643
2739
2784
2897
3586
3966
5950
6013
6663
7090
7334
9557
9888
10118
10336
10627
10639
11111
11654
12273
12678
13840
13989
14250
14369
14770
15025
15042
15149
15807
16789
18251
18425
18727
18832
18981
19412
19760
20195
20311
20498
20841
21219
22557
23649
25665
26260
26588
26715
28451
28930
29088
29887
30174
30264
30441
30532
31650
32731
33022
33759
34564
36127
36468
36540
36583
37844
37859
38196
38628
38651
38739
39150
39673
39730
40444
40510
40999
41439
42064
46702
47346
47688
47984
48230
48993
49122
49347
50251
50471
51076
51824
52342
53257
54752
54789
56002
56028
56222
56540
56887
57347
57903
59034
59264
59419
60098
60760
61257
61574
63444
64563
64774
64805
65197
65368
65498
66350
66359
66984
67176
67359
67822
67835
68532
68764
69393
71024
71106
71296
71416
71469
72342
72423
72792
73140
73226
73758
73889
73929
74251
75413
77293
78572
78902
79049
79235
79243
79264
79905
80835
81741
82118
84211
85850
86175
86226
86324
86604
86728
87240
89294
89398
89750
91011
91507
91715
91896
92543
92630
93565
94141
94262
94986
95683
96051
96544
97914
98085
98358
98375
98567
99013
99222
99478
99520
99530
99676
100236
100937
101899
102172
102946
104742
105427
105749
106167
106562
106575
106885
107201
108318
108690
109785
109832
111604
112236
112338
112783
112992
113022
113141
114540
114770
115491
115492
116159
116551
117498
118983
118991
119716
119856
120567
120595
120936
121267
121530
121561
121699
121774
122558
122596
122629
124348
124715
125095
125539
126939
127296
127461
128243
128293
128946
129023
129319
129675
130320
130367
130641
130693
131646
132396
133180
133370
134345
135006
135066
135625
135725
136349
137640
137770
137915
137953
138111
138587
138700
138718
138865
139640
139691
140225
140566
141449
141585
141617
142074
142461
142857
143050
143170
144886
145878
147225
147361
148385
148655
148838
149448
149453
149717
149748
150042
150884
150937
151013
152609
153503
154030
154970
155257
156507
156620
157426
157666
157816
160243
160684
160872
161134
161770
162945
163174
163422
163872
166496
167345
167414
167645
168059
168603
169818
170101
172006
173520
173909
174067
174401
174668
174735
176002
176705
176877
176902
176979
177647
179406
179496
179695
180066
180199
180230
180274
180550
180602
181132
183082
183518
183652
183875
183899
184199
184980
184996
185171
185668
186444
187030
187065
187970
188047
188414
188814
188901
190092
190518
190618
191382
191461
191978
192440
192822
192910
193366
193557
194413
194421
194571
195394
195926
195945
196231
196551
197359
197890
198037
198155
198223
198798
199312
200322
200366
200553
200622
200670
200730
201187
201524
202025
202056
202163
202401
202405
202996
203717
203819
203875
204178
204637
204811
205402
205644
207403
207634
207666
207769
208150
208878
209470
210450
210733
210772
212638
212828
213810
214037
214948
216593
217050
217773
219192
219289
219961
221109
222008
222217
223191
223457
224019
224726
224809
225330
225655
226799
226827
227062
228536
228759
228765
229186
229605
230736
231061
231520
231711
231970
232458
232662
232714
233014
233230
234010
234369
234701
234956
235211
236585
236832
236930
237238
238668
239247
240113
241523
242798
244139
244336
244644
245943
245977
246084
246301
246654
246689
246756
246836
247034
247180
247276
247589
248202
248426
248595
248630
249174
249553
251250
251460
253358
254593
254676
254699
254713
254929
255835
256309
256434
256780
259336
259618
260639
260673
261475
263112
263490
264166
264268
264706
265751
265832
265848
266279
266800
266948
267021
267379
268925
269071
269090
269213
269623
270533
270579
270690
270816
271340
271592
271811
271993
272205
272829
273533
274321
274382
274497
275910
276051
276366
276494
277286
277630
277862
278246
278315
278441
280054
280540
281275
281463
281575
281742
281801
282592
283118
283534
284112
284262
285069
285216
286498
286661
286937
288548
288629
289503
290575
290765
290765
291200
292410
292423
292521
294322
294486
294502
294652
294662
295051
295489
297013
297449
297583
298633
298929
299116
299137
299391
300032
301028
301100
301993
302008
303009
303555
303574
303828
306053
306746
306893
307201
307879
307921
308139
308189
308579
308707
308787
309633
310634
311752
312104
312221
312393
312680
312808
313323
313791
314450
314542
314746
315358
316268
316365
316929
316934
317075
317271
317990
319348
319438
321040
321125
321848
322489
323305
323321
324797
325844
326074
326138
326519
326851
327180
327180
327714
328942
329502
330293
330896
330964
331144
331909
331964
332149
332291
333397
334315
335732
336897
336898
338632
338766
339097
339173
339570
339878
341531
342200
342293
342468
343274
343374
343939
344598
344915
345390
345797
347425
347594
347828
347847
348131
348599
349343
349793
350459
351211
351358
351663
351711
352113
352732
353524
353680
354246
354288
354797
355300
355619
355664
355949
356001
356278
356302
356845
357245
361544
361580
363665
363921
364506
364965
365269
365501
366666
369150
369166
369297
369702
369815
369866
370802
371389
371887
373385
373764
373775
373881
375754
376087
376699
376725
376856
376952
377351
377564
377713
377816
379151
379595
381732
381809
382095
382439
382700
383089
383093
383158
383663
383823
384012
384105
385073
385613
385975
386767
387546
389626
389959
389987
390505
391274
391613
392514
392626
392767
393374
394118
394250
394326
395184
395692
396427
396617
396678
396891
397052
397540
398042
398253
398979
399293
399357
399421
399654
400836
401654
401967
402373
402502
403882
404063
404235
404658
404988
405633
407143
407435
407443
407635
407728
409087
409666
409715
410106
411301
412672
412707
413540
413910
414555
414789
415034
415484
415635
416234
416430
417039
417582
418991
419052
419174
419318
419869
420351
421242
421434
421912
422256
422390
422757
423064
423855
423954
426973
427038
427103
427481
427622
427748
427889
428215
430109
430631
430798
430944
430963
431339
431566
431849
431930
432101
432627
433757
435208
435282
435471
435475
436738
437505
437554
438070
438216
438614
439279
439332
439592
441649
442016
442153
442857
443095
443270
444183
444390
444889
445116
445491
447937
448166
448510
449970
450309
452040
453224
453680
454041
454571
456115
456193
456196
456781
457259
457403
457705
458606
458633
458676
459843
459865
461300
461667
461925
462202
462687
463546
463565
463657
464148
464453
464669
466451
467784
467841
467863
468004
468077
468261
468261
469206
469305
469904
470115
470448
470501
470686
470736
471071
473468
474128
474984
475638
476549
477127
477349
477453
477538
478893
479788
480342
480386
480637
480719
480726
480762
482018
482416
482527
483232
483744
484399
485782
485991
486564
486659
487364
487380
491275
491970
492204
492294
492959
493563
493704
493955
494493
494607
494641
494882
494946
495058
495104
495176
495367
495953
496097
496252
496387
496611
496698
497805
498106
498537
499357
499688