484
803
832
840
1480
2524
3313
3544
4223
4948
5507
5660
5810
6640
6687
8075
8744
9745
9758
10347
10660
10688
11269
12013
12317
12663
13324
13362
14230
14681
14841
15024
15581
15978
16001
16661
17728
17757
18116
18141
18559
18697
18848
18939
19984
21325
21628
21684
21719
21804
22077
22111
22913
23112
23953
24051
24381
24429
25806
26850
27088
27191
27349
27647
28451
30367
30976
32278
33750
33811
33944
33973
34074
34194
34269
34359
34725
35104
35241
36483
36846
37254
37811
38719
39269
39478
39498
39545
39839
40087
40504
40644
41395
42111
42242
42395
44068
44925
45034
45095
45108
45689
45995
46844
46882
47813
49077
49221
49400
49624
50732
51715
52099
52558
52659
52719
53404
55198
55577
55922
56400
56521
57780
58498
58502
58579
58588
60626
61089
61148
61223
61921
61980
62341
64222
64443
64943
64945
65630
66790
66861
67196
68057
68243
68500
68861
69153
70890
71157
71185
71518
71955
72160
73540
73743
75466
75846
76125
77651
78187
78246
78255
78308
78423
78661
79935
80516
80731
80994
81416
82240
82977
84451
84505
85901
86021
86045
86130
87315
87514
88611
89263
89812
91088
91544
91727
92324
93610
94407
94510
95083
95154
95466
96437
96698
96804
97111
97527
99346
99902
101566
101652
102033
102247
102250
102442
102584
103084
103143
103693
104168
104326
104581
105277
106042
106112
106238
106452
107330
108206
108453
108795
110138
111009
111522
111528
112461
112521
112695
113135
113195
113447
114595
115094
115475
116743
117088
118069
118839
119292
120733
120955
121130
122684
122854
122878
123179
123190
123266
123458
124318
124870
125161
127090
128515
129495
130213
131355
131407
131447
132565
133881
134827
135014
135167
135966
136083
136364
136786
136888
137131
137614
137795
137863
137924
138329
138406
139537
139612
139689
139762
140142
141353
142141
142489
143294
144939
145120
146109
146852
147750
147810
148634
149045
149204
149368
149811
150017
150520
152374
152644
152768
152878
153629
153764
154931
155941
156028
156498
156530
156546
156811
156984
157146
157380
157591
158172
159817
160335
160901
160927
162361
162695
162993
164057
164523
164603
165576
166061
166424
166640
166905
169038
169160
169597
170133
170433
170639
171001
171245
171261
171434
172770
173180
173225
173682
173870
173967
174488
175041
176047
176485
177555
177895
179045
179128
179158
179586
179855
180511
180651
180873
181472
181642
182019
184157
184420
185160
186453
187049
187321
188113
188220
188508
189312
190300
190490
191032
191158
191482
191703
192071
193390
193451
193612
194033
194873
194990
195133
195520
196376
196912
198269
198604
199670
199736
200021
200336
200736
201940
202480
202535
203530
203656
203813
203900
204502
205771
206096
206100
206416
206940
207054
207151
207680
209291
209483
210146
211434
212018
212139
212962
213550
214725
215230
215672
215733
215801
215908
216312
216315
217240
217526
217991
218121
219160
221019
221899
222079
222802
223314
223689
223737
224880
225815
226353
226397
227149
227323
227471
228124
228241
228534
228925
229043
229424
229717
230079
230235
230561
230644
230650
231289
232217
232507
233211
233492
233573
234789
234932
235678
236596
237112
238804
240009
240241
240589
243129
243242
243653
244096
245154
245957
246313
247329
247503
247662
248730
249084
249799
249931
250120
250271
250438
251181
251900
252116
252524
252753
252816
253854
254767
254905
254977
255392
255400
255763
257541
257834
258293
258513
260031
260483
261120
261567
261969
262399
262695
263113
263455
263838
264129
264500
265389
265749
266334
267395
268771
271513
271749
271982
272237
272772
272795
273401
273786
274058
274514
274709
275354
275398
276924
276964
278130
278367
278810
279900
280417
280853
281159
282313
282377
282549
282574
283234
283397
284018
284136
284609
284649
285052
285433
285658
285817
285989
286345
286873
288814
290159
290244
291114
291840
292374
293057
293253
293334
294080
294230
294323
294440
294840
295344
295799
296138
296686
297316
297416
297729
298266
299039
299221
300516
301343
302167
302271
302501
303324
303701
303752
304099
304722
304791
305168
305354
305670
306150
306715
308310
308760
309209
309484
309549
309896
309971
310962
312990
314216
315135
316609
316942
317522
317876
317929
318272
319467
319697
320183
320188
320601
321820
322038
323770
323931
324181
324516
324904
325089
325991
326667
327373
327808
328185
328935
329170
330323
330475
330615
330887
332250
333340
333875
334183
334388
334547
334764
335773
335796
335949
336102
336739
337105
337216
338259
338303
338935
339256
340582
341233
342119
344609
344613
344791
344859
345130
345387
345476
345768
346052
346471
346527
346652
347168
347527
347800
348046
348242
349496
349807
350233
350501
351449
351656
351797
351849
352339
352421
352530
352629
352776
353223
353738
353943
353976
354171
354306
354918
357273
357309
357473
357636
357862
358170
359137
360054
360322
360768
361099
361112
361475
362043
362249
363375
363442
363681
363701
363775
364008
364256
364259
364364
364570
365856
366440
366766
367174
367722
368419
368497
368721
369263
369734
369963
369984
370043
370509
370881
371143
371548
372502
373044
373090
373121
373244
373636
374991
375054
375058
375481
375885
376132
376951
378079
378189
378534
379135
379449
379848
380035
380280
380847
381038
381199
381242
381768
382227
382814
383292
383442
383772
383943
384118
385388
385524
385600
385838
386710
386815
387680
389036
389299
389783
389901
390794
391057
391373
392174
392872
393140
394224
394341
394535
394884
395011
395683
395765
396158
396314
396483
396913
398211
398433
399363
400284
400472
401751
401803
401977
402519
402529
403206
403245
403397
404010
404127
406071
406930
406985
408842
409805
410213
410230
410753
410939
411134
411909
412081
412662
412682
412861
414470
415022
415030
415072
415302
415470
415784
415943
416807
418883
419642
419890
420154
420380
420497
421575
421783
421829
422388
422563
422887
423544
423652
423658
423791
423807
425951
427108
427199
428263
428401
428476
428954
429441
429623
429724
430343
430892
431070
431958
432581
432779
433016
433195
433430
433963
435090
435440
436547
436803
437123
437174
437696
438426
438465
439019
440344
440750
441259
442442
442721
442741
442792
442797
443604
444127
444580
445316
445717
446496
447660
448169
448401
448577
448711
449191
449247
450573
450753
450815
451432
451638
452098
452324
453307
454282
456187
458759
459048
459768
460380
460937
462031
462972
463579
463724
464123
464429
464562
464700
464933
465480
466948
467261
467351
467374
467836
468510
469084
471229
471255
471448
472269
472291
473532
473601
475443
475540
475730
476130
476556
478887
478908
479390
479715
479796
479824
479994
480306
480890
483416
483644
483830
484025
484096
484398
484426
485394
486539
488383
488504
489417
490359
490550
491227
492467
492569
492621
492821
493053
493145
494373
494566
496666
496982
497474
497890
498949
499385
499695
499824