169
544
1094
4544
4971
4983
5530
6049
6222
8387
10079
10168
11635
13156
13291
13531
15181
16764
16796
17016
19252
19292
19397
20143
20255
20281
20306
20328
20584
20897
21446
21471
21488
21755
22549
23340
23479
24842
25315
25630
26026
26081
28105
28405
29287
29672
29678
30086
30512
31222
31282
32082
32368
32700
33092
33341
34498
34866
35078
35242
35287
35319
36210
36212
36568
36688
37990
38520
38528
38998
39140
41618
41928
42403
42491
42577
43025
43117
43295
44086
44955
46555
47250
47279
48045
48120
49078
49693
49960
50339
51054
51124
51866
52946
53001
53522
54058
54299
54373
55375
56087
56156
56293
56317
57106
57314
57399
57490
57675
58332
58720
59003
62988
63035
63437
64425
64824
66995
67461
68152
68174
68685
69127
69338
69401
69559
70112
70197
71491
71909
71940
73326
73923
74051
74642
74780
75390
75454
75781
76377
76642
76711
76941
76967
77868
77994
78535
78663
78823
79395
79437
80874
81006
81426
82064
84906
86921
87087
87294
87602
87673
88705
89252
90007
90229
90248
91680
92196
93035
93081
93603
94212
94535
94544
94671
94715
94966
95993
96167
96352
96790
98259
99775
100561
100595
101837
101887
102466
102467
103406
104184
104567
104699
104736
105885
106100
106293
107951
107982
108294
109005
109104
109644
110294
110325
110442
111365
111494
111555
112369
113730
113993
114633
115196
115493
116716
117356
117845
118726
118901
119208
120078
120228
120856
121233
121519
121623
122104
122494
122814
123424
123568
123726
124588
124792
124876
127189
127427
128280
128560
128797
129212
129306
130018
130888
131511
133057
133115
133765
134278
134310
134399
135068
135290
135333
136680
137756
137834
138594
138962
139127
140054
140160
140469
140796
140866
140935
141231
141645
141719
141821
142723
143224
143387
143582
143657
143685
143852
144873
145794
146451
146517
146940
146983
147006
147106
147325
148242
148386
148433
148469
148475
148625
149138
149946
150127
150757
150995
151204
151542
152459
152652
153283
155241
155249
155607
156227
156264
156737
156776
157085
157426
157526
157677
159378
159751
159920
160206
162735
164271
164283
164538
165119
165281
165370
165866
165885
166050
166219
167934
168167
168535
168604
169001
169640
170014
170040
170923
170976
171182
172324
172366
172619
173405
173584
174054
174205
174933
175217
175679
176186
176298
176625
177881
179400
179501
180527
180827
181163
181196
181301
181685
182298
182521
182867
182868
183231
183444
183467
183764
184070
184288
185576
186979
187491
187614
187640
187959
188233
188479
188971
189569
189941
190403
190533
190688
190707
190990
191222
192245
192574
192591
193218
193637
193864
194510
194520
195320
196536
196855
197161
198099
198295
199075
199349
199684
199731
199995
200051
200425
200565
200578
200626
202270
202740
202964
203819
203963
204783
205032
205340
206821
207546
207933
208945
209200
209783
209957
211474
211539
211620
211634
212338
212738
212810
212820
214314
214626
214669
214784
216345
216736
217184
217238
217464
217826
218081
218424
219369
219548
219719
220310
220331
220401
220401
220675
220796
221977
222191
222520
222559
222971
223975
224241
225157
225218
226704
227311
227498
227684
227807
228104
229304
229402
229635
230599
231252
233066
233483
233739
235025
235157
235365
236038
236412
236541
237392
239129
240141
240272
241034
241044
242058
243994
244744
245047
245991
246176
246914
247761
248748
248863
249168
249492
249496
249570
249594
249618
250192
250394
250763
251610
251685
252024
253042
253534
254678
254924
255573
256871
257411
257888
257894
258039
258744
258826
259241
259253
259417
259538
259908
259943
260261
261048
261271
261441
261675
261848
262373
262421
262518
263445
264163
264494
264966
264969
265180
265230
265641
266578
266873
267045
267071
267100
267152
267202
267358
267837
268806
269742
272771
273686
273809
273975
275313
275375
276287
276956
276999
277017
277255
279145
279337
280786
280850
281090
281148
282184
282987
283630
283779
283833
284709
284807
285546
285608
286537
287255
288468
289119
289230
289295
289624
289680
290460
293448
294173
294622
295113
296300
296894
297853
298407
300511
301440
301525
301727
301846
302030
302122
302504
303632
305633
306426
306713
306898
307387
307927
308068
308233
309277
309752
309839
311049
312336
312960
314249
314540
316703
316891
317218
317326
318723
319581
319597
320391
320573
320919
321190
321218
322609
322804
322937
323585
324004
324306
324472
325520
325819
326063
326503
326533
326795
327735
328321
328547
328872
329451
330014
330065
330169
330344
330538
330959
331549
331891
332330
332859
332866
333781
334189
335014
335170
335708
335822
335852
335974
336306
336720
337050
337246
337595
337765
337777
338015
338733
339391
340955
341096
341373
341422
341529
342726
343299
343668
344146
344674
345250
345744
346186
346425
347386
347396
347924
348031
348326
348805
349650
350323
351171
351349
352012
353055
353204
353556
354032
354555
354897
354949
355283
355351
355503
355548
355991
357104
357164
357709
358353
359098
359516
360218
361089
362803
363220
365460
366223
366698
367259
369157
369294
369653
369838
371909
372983
373075
373326
373558
374353
374630
374925
375283
375727
375914
376795
378938
379153
379859
379979
380590
380669
380773
380970
381556
381991
382632
383896
384337
384432
385702
385998
386612
387369
387465
387809
387995
389289
389596
390222
390336
391951
392641
393687
394392
394539
394818
395324
396774
396890
397047
397584
398543
398640
398900
398991
400019
400246
400460
400651
402095
402949
403865
404494
404521
405132
405992
406848
406892
407141
407209
407254
407711
407807
408067
408105
408113
408754
409466
409487
410214
410846
411876
412146
412439
412658
412780
414003
414234
414576
415656
415879
417616
417635
417708
417765
417982
418813
418885
420820
421053
421416
421436
422011
422269
422342
422405
422823
423027
423920
424028
424595
424615
426723
428125
428888
428963
429094
430207
430212
430238
430635
431856
432881
433277
433638
434005
434598
434865
435212
435752
436015
436019
436223
436301
436621
437056
437067
437426
437987
438158
438345
439630
441113
441290
442138
442536
443444
443550
443587
443601
443729
444081
444580
444787
444985
445764
446170
446180
446889
447423
448339
448493
448594
448977
450139
450504
450519
450643
451906
452239
452723
454497
454842
456545
457420
458044
458888
459121
459143
459716
462066
462205
462315
462533
462844
465172
465320
466338
466502
466986
467880
469018
469053
469317
469398
469685
470196
470224
470989
471122
471258
471310
471646
472258
472335
472571
472780
474656
474864
475058
475415
475561
475699
476328
476358
476635
477925
479357
479386
480603
480763
481747
482451
483030
483061
483168
483713
484146
484493
484836
484854
485331
485438
485553
485676
486528
487440
488106
488795
489862
491849
492977
493005
493170
493218
493399
493487
494960
495376
495753
496109
496131
497172
497695
497756
497983
498116
498260
498637
499830
499879