303
981
1031
1662
1914
2222
2232
2712
2929
4209
4716
5307
5726
6250
6480
6540
7413
7476
7814
8165
8249
10894
11635
12265
13928
14065
14146
14405
14635
15103
16354
16632
17653
18461
18477
18626
20911
22293
22445
22946
23619
23965
24067
24291
24486
25348
25589
25675
25771
26831
26850
28548
29313
30119
30122
30229
30556
30564
30664
31206
31425
32120
32729
32963
33611
33743
33837
33844
34937
36231
36242
36279
36544
36735
37267
37339
37575
39126
39687
39861
41291
41900
43021
43119
43268
44814
45152
45296
45688
46093
47247
47769
48107
49534
49887
49932
50009
50672
51803
52795
52843
53330
53775
54266
54582
56434
56908
57754
58242
58409
58517
59132
59179
59582
59863
59878
60298
60682
61982
62075
62140
62240
62501
63180
63539
63601
64003
64131
64692
65202
66549
66711
67926
68693
69125
69327
69555
69979
70887
71367
71377
72030
72423
72458
72937
73257
73336
74117
74858
74887
74946
75291
75494
75634
77183
77256
77816
78550
78843
79785
79833
80028
81432
81704
81707
82473
82851
83289
83927
85400
85711
87939
88865
88905
89213
90728
91538
91783
92215
92500
92885
92888
92973
93538
93768
93914
94039
95266
95495
95686
96576
96708
97186
99566
100984
101205
101803
102430
102909
103775
103787
104554
105151
105266
105356
105884
106913
107304
109453
111016
111057
111141
111254
111618
112463
112701
112960
112983
114251
114257
114771
114776
115801
116268
116382
116436
116801
117765
117937
119464
120456
120759
121044
121772
121868
122078
122420
122853
123303
123309
123522
123880
123918
124390
124801
124896
125033
125144
125725
125789
125822
125845
126130
126167
126183
126869
127073
127149
127357
128811
129235
129469
129706
130387
130423
130447
131789
131980
132253
132390
132410
134403
134640
134828
136207
137172
137331
137417
137455
138081
138255
138330
138342
138976
139111
139485
139720
139899
140648
141091
141288
141838
142291
142749
143507
144308
145290
146144
146767
148435
148649
148915
149399
149488
150173
150730
152188
152539
153004
153081
153474
154245
154611
154867
155546
155661
156319
156593
156965
158661
158868
159486
159868
160009
160070
160180
161475
161884
162124
162961
163047
163176
163725
163857
163898
164844
164883
165176
166072
166278
166691
166805
167646
169650
170162
170200
170675
171553
172340
172485
172850
172875
173413
173456
173675
175118
175259
175417
175704
176164
176418
177333
177371
177428
178089
178345
178781
178791
179272
180414
180567
180664
180977
181182
181318
181506
181599
181742
181810
182673
182709
183485
183598
184312
185384
185983
186146
186794
186810
186935
187732
187816
187869
189175
189314
191857
194696
195517
195545
195636
196243
197232
198485
199020
199200
199675
199926
201805
202198
204404
205063
205189
205286
205545
205656
205926
205955
206027
206580
206597
208902
209161
209726
209900
210588
210676
211311
211809
211840
212343
212445
213016
213165
213701
215919
216015
216100
218384
218583
218994
220650
221095
221435
222335
222492
222729
222925
223087
223612
225297
225541
227282
227855
227857
228048
228459
228642
228869
228961
229335
230630
231252
232090
233182
233390
234808
234845
235467
235822
236209
237353
237363
237759
237875
239668
240472
240601
241756
241953
242145
242214
242315
242320
242712
243800
244291
244594
244870
245981
246376
246463
247287
247394
248780
249063
249801
250408
250581
250955
252145
252493
253232
253319
254739
256221
256298
256639
256946
257321
257881
259028
259472
260821
261373
261554
262004
262056
263220
263445
263450
263534
263534
263681
263873
263950
265903
266143
266256
266398
267622
268667
269182
269773
269998
270509
271482
271858
272022
272308
272771
272877
273504
275045
275661
276852
277924
278197
279043
280001
280033
280319
281884
281984
282957
283252
283340
283711
284787
284902
285170
285592
286401
286808
286816
286972
287731
287839
288582
289451
289459
289703
290611
292072
293532
293668
294080
295251
295284
296463
296783
296847
297584
297668
298456
298793
299300
300061
300642
301205
301434
301777
302329
302376
302390
302769
303325
304671
304802
305208
305900
305929
306254
306682
306793
307057
307435
307828
308549
308652
308802
309917
310011
310053
310370
310865
310987
311057
311196
312712
313292
313870
314643
315212
315977
318593
318777
320132
320538
321887
322549
322648
322739
323681
324096
325361
325592
326291
327769
328380
329147
329645
330091
331046
331517
331547
332359
333935
334128
334386
336004
336217
337858
338624
338819
338843
338893
339232
339469
339561
340852
341948
342325
342522
342629
342880
343485
345977
346556
346584
346829
346932
347758
347804
348056
348503
348706
349631
350773
350821
352254
352943
354246
354716
355109
355325
355468
355514
355747
356230
356335
356411
356586
357259
358221
359123
359235
359436
359803
360179
360190
360326
361102
361407
361894
361971
362635
363110
364270
364431
364520
364758
365354
365393
365438
365762
366443
366757
367501
367836
367963
368108
368131
368216
368509
368641
368736
370494
370686
370716
371192
371451
371590
372010
372267
372482
372530
373034
373544
374061
374433
374878
375003
375120
375135
375290
375901
376008
376396
376615
377148
377414
377592
377618
377786
377787
377794
378383
378423
378709
378764
379049
379480
380010
380147
380575
380759
381240
382356
382464
382871
382881
382904
383320
383357
383466
383495
383727
384689
386309
386394
386599
386615
387846
388118
388145
388226
388270
388548
389053
389264
389426
390091
391194
391503
393430
394770
395260
395437
395480
395497
395614
396465
396809
397989
397997
398473
398619
398667
398811
399414
399480
399587
401266
401337
401359
401840
401860
402760
403662
404263
405440
405720
405722
406915
407067
407891
409253
409329
409424
410269
411227
411282
412177
412451
412527
412976
413211
413304
413706
414278
414621
415428
416688
417098
417888
418392
418505
418859
418863
420458
420803
420892
421538
421650
422641
423617
425285
425950
426659
427230
428279
428764
429430
429861
431053
431080
431458
431629
431871
432561
433962
434158
434607
434625
434727
435105
435530
436082
436562
436713
436903
438323
438477
438543
439038
439249
439794
441254
441944
443644
444191
444768
445105
446315
446518
446521
447052
447930
448003
448635
449240
449710
449730
449827
450313
451272
451361
451741
451828
452609
453857
454008
454051
455180
455225
455769
456035
456629
456712
457164
457978
458095
459030
459468
459576
459588
460383
460753
460865
461990
462336
464060
464247
465328
466402
466543
467357
467925
468328
468389
468856
468907
469082
470043
470155
470351
472187
472317
474416
474757
475022
475781
476110
476191
476296
476629
477180
477542
477633
477667
479506
480235
480248
481690
481821
482730
483393
483682
483873
484642
486237
486314
486341
487048
487173
488350
488743
489057
489186
490144
490635
491092
491169
491908
492172
492465
493906
494438
494456
495456
496125
497272
497425
497488
497700
498667
498731
499058
499349
499971