68
136
799
854
1216
2440
2479
2663
3511
3737
4112
4318
5154
5414
5505
5609
5781
6364
6968
7242
8129
8379
9760
10026
10076
10086
11145
11371
11395
11500
11934
12201
12332
12452
13079
13229
13538
13833
13873
14893
15215
15256
15830
19094
19096
19268
19326
19559
20272
20322
21035
22374
23052
23258
23652
23691
23707
23947
23977
25505
25579
25962
27593
27705
29246
30673
30763
30856
31448
33155
33334
33416
33492
34336
34898
35262
35423
35552
35561
35981
36181
36508
36764
37366
37660
37886
38081
38751
38826
39481
39643
40118
40373
40434
41627
41710
42637
42787
43090
43370
43427
44454
44456
47236
47446
47601
48344
48370
48393
49244
49549
49893
49980
50902
52288
52542
53066
53100
53780
53957
54106
54241
54288
54486
55056
55098
55154
55664
56399
56938
57031
57227
57978
58344
58522
58948
59710
59809
60417
60830
62050
62083
62685
62695
63662
63679
63710
63771
64073
64380
65545
66315
66398
66535
66836
68655
68855
69049
69062
69457
70144
70432
71727
71771
72782
72817
73105
73449
73504
73671
73675
73923
74128
75448
75718
76067
76378
76518
76648
76976
78566
78728
79952
81847
81926
82173
84025
84582
85954
86897
87715
87749
88176
88422
88583
89246
90255
90748
91133
91288
91591
92496
92916
94037
94058
95225
95729
95856
95953
98480
98566
98600
98656
98867
99101
99812
100351
100639
101791
101993
102781
102816
102939
104210
104819
105197
105266
106151
106643
106723
108381
108517
109098
110703
111329
112355
112591
113389
113406
113919
114218
114494
114518
114558
114781
114966
115651
115681
116791
116945
117743
118270
118419
119394
120259
120708
120906
121424
121554
121796
122138
122590
122765
123041
123053
123490
123549
125071
126138
126419
126620
127286
127801
127962
128261
128439
129028
130610
131642
131654
132275
132309
133163
133506
133687
134086
134235
134978
135018
135873
136435
136446
137772
138046
139021
139297
139857
140574
140773
141281
141499
141669
142036
143128
143473
144474
144658
144752
145004
146384
146408
146425
146566
147117
147157
147533
148680
148755
149211
149333
149565
149830
150129
150472
151214
152983
153025
153076
153323
153993
155702
155732
156895
157768
159378
159427
160413
160648
160824
161234
161772
161818
161969
163518
164773
165040
165352
165426
165525
167352
168380
169407
169428
170847
172123
174362
174417
174603
174733
174869
174873
174995
176556
176590
176623
176688
179540
179943
180039
180173
180365
180793
181279
181951
182105
182317
184139
184171
184247
184432
185469
186152
186256
186316
186617
186787
186848
187084
187569
188186
188410
188773
188864
189630
190285
190319
190686
191415
191765
192186
192842
194878
196239
196825
197058
197557
197660
198520
198592
198679
198994
199032
200150
200490
201510
201955
202078
203477
204051
204482
204661
204669
205598
206025
206976
207714
208229
208988
209279
210244
210330
210343
211713
211950
212881
213040
213347
213635
214318
215155
215545
215557
215585
215869
216742
217417
217996
218487
219281
219420
219473
220372
220483
220524
221067
221182
221365
221399
222716
222940
223778
224008
224787
225478
226099
226115
226763
227372
227539
228208
228390
228451
228699
229131
229309
229322
229556
230568
231277
231474
231492
231938
233277
234020
234350
234378
234616
235330
236135
236407
236501
237387
240218
240546
240866
241236
241336
241986
241986
242227
242235
242555
243250
243960
244348
245036
245058
245249
245569
246463
246465
246528
246745
247818
248299
248374
248532
248591
248704
248711
248898
248960
248969
248975
249333
249667
249683
249906
251019
251349
251681
252238
252913
256384
256844
257275
257758
257864
258021
258885
259189
259812
259868
261113
261174
261270
261498
262302
263688
264163
264429
266497
268175
268502
269325
269327
269727
270011
270408
270445
270893
271719
272815
273568
273670
273800
274862
275341
275364
275583
275666
275925
277268
277670
277907
278133
278576
279199
281607
283222
283237
283304
283537
283794
284264
284505
285184
286943
286981
287526
288034
288749
288794
289170
290473
290515
290751
292445
292659
293054
293160
294694
295344
295433
295965
296572
297139
297804
297821
298012
298976
299374
300611
300724
300772
300981
301107
301520
301652
301921
302126
302255
302629
302738
304129
305155
306145
306347
307711
307799
307910
308167
308720
308966
310162
310250
310373
310508
310697
310849
311060
311358
311863
312050
312916
312920
313653
313751
313806
313806
313935
315085
315179
316025
316959
317376
318330
320106
320833
321245
322200
322674
322909
322973
324015
325220
325986
326557
327374
327401
327664
327790
327952
328191
328922
329002
331428
331540
331762
332382
333031
334186
334770
334843
336987
337353
337431
337693
338606
339486
339658
339754
340118
341549
341885
342387
342982
343336
344266
344496
344541
344542
344709
344740
344996
345774
346798
347602
347840
348252
349239
349331
349354
350095
350744
351349
351544
351862
352297
352302
352304
352661
353938
353983
354240
354697
355252
356485
357461
357823
358111
358371
358642
359101
359987
360888
361373
361376
361713
361809
361895
362034
362484
364549
364581
364961
364986
365795
366291
366391
366490
366526
367178
367424
367507
367984
369049
369660
370214
372128
372885
373510
374763
374867
374880
375079
375249
376766
376975
377070
377373
377727
378632
378930
379144
379535
379934
380752
380995
381787
381876
381923
381967
382406
382542
382816
383425
383703
385873
386024
387993
388438
388954
389222
389268
390068
390322
390418
390494
390799
390984
394190
394678
395765
397177
397367
398383
398405
398976
399255
399275
399459
399676
400038
401750
402240
402638
402701
402780
402796
403509
403896
404136
405015
405165
405691
406074
406255
406388
406469
406663
406995
407173
407307
407338
408160
408406
408806
409650
410190
411835
411909
411990
412022
412143
412856
413188
413516
414152
414457
414781
415425
415521
416071
416159
416687
416850
417542
417728
419118
420615
421644
422309
423377
423936
424413
424989
426241
426485
426676
427110
427583
428157
429029
429372
429965
430004
430647
430961
431661
433065
433106
433255
433591
434079
434745
435017
435968
437412
439244
439316
441175
441176
441820
442102
442306
442603
443225
443342
443608
444308
445189
445441
446139
446406
446435
446490
446945
446960
447942
448016
448975
449139
449575
450099
450169
450360
450602
450896
451536
452674
453308
453709
454751
455810
456142
456605
456869
456998
458576
459674
460386
460732
460935
462504
463426
465103
465258
465331
465663
466109
466892
467519
467998
468013
470184
470551
470611
471052
471135
471807
471878
471925
472029
472935
474848
476425
477466
477910
478350
478396
479658
479989
480053
480119
482512
483600
485170
486003
488222
488235
489039
489113
489229
489332
489890
490263
490593
491784
492276
492554
492621
492941
493428
493657
494053
494230
494715
494764
494976
495688
496049
496252
496941
497134
497294
497406
497612
497976
498165