958
1374
1374
1703
2786
3394
3455
3469
3781
4064
4456
4488
4540
4607
5930
6145
6224
6648
7174
7734
7865
8134
8169
8260
9616
10474
12556
13383
13690
14128
14219
15098
15264
15758
16343
16985
18529
18677
18907
21017
21303
21951
23067
23165
23551
23642
25069
25270
25752
26164
27417
27538
27789
28707
29063
29279
29559
29797
31509
31783
32837
33235
33284
34459
35066
35525
35579
36565
37017
38312
39398
39426
40108
40242
41132
43891
43922
44177
44362
44426
44508
44543
44871
45431
45746
47114
48017
48289
48620
49132
49296
49870
49947
50374
50865
51197
51817
52319
53962
55034
55305
55585
55841
56057
58093
58219
58391
58599
58947
59295
61198
61442
61480
62559
62570
63751
64285
65279
65365
65453
66360
66567
68154
68920
68944
70076
71086
72568
72822
72992
73212
73663
73669
73934
75118
75439
75905
77653
77854
78228
78561
78748
79004
79553
79703
79992
80118
80374
81799
82131
82354
82731
82856
83371
83637
83877
83877
84402
84450
84862
86622
87143
87295
87512
88587
88864
88872
89036
89709
90337
90723
91973
92422
93037
93670
94117
94218
94434
94683
95509
96301
97372
98585
99589
100469
101119
103000
103411
103859
104468
104617
104662
105162
105440
106541
107313
107981
108518
108531
108544
108627
108966
109993
110223
111922
112287
112341
112839
113009
113071
113640
113927
114462
114861
115005
115120
115187
115887
116805
117400
118452
118706
120072
120200
120320
120819
120853
121343
123142
124051
124262
124944
125100
125127
125369
125653
126161
126721
127671
127952
127994
128086
128158
128584
128656
129475
129732
130397
131305
131333
132050
132424
132528
133029
133173
133831
133998
134104
134291
134316
134781
135012
135099
135137
135904
136312
136689
136817
136823
137557
138330
138647
139011
139062
139206
139212
141198
141562
142052
142407
142483
142817
142878
144131
145309
146141
146207
147092
148004
148770
149667
150757
151363
153191
154951
155331
156357
156898
158269
159476
159555
160635
160983
161573
161931
162769
163410
164220
164272
165140
165627
165878
166105
166732
166956
167430
167885
168258
169703
170383
171308
171747
172050
172293
172736
173270
173312
173474
174041
174182
174582
175517
175938
177492
178377
178922
178968
180876
180932
181686
182451
182478
182916
183361
184033
184642
184987
185068
185079
186143
186251
186703
187608
187839
188204
188660
188672
189386
189856
189888
190140
190959
190979
191223
191544
191811
191846
192357
193407
195396
196192
196609
196655
197214
197644
197964
198626
198865
199209
199586
199707
199924
200082
200698
200946
201001
201501
201552
201592
201735
204027
204391
205406
205944
206077
206165
207527
207658
207742
208083
208630
209738
210459
210910
211336
211464
211667
211818
212140
212190
212520
212727
213036
213582
213888
214076
214113
214549
214620
214887
215733
216153
216830
217116
217192
217587
219793
220652
220702
221220
221511
221928
222252
222708
222930
224299
224741
225163
225713
226171
226339
227233
227736
228246
228442
228781
228877
229852
229901
230046
230859
231403
231597
231754
231853
232109
232316
232515
232676
233306
234159
234503
235870
236264
236381
236618
236618
237526
238765
238979
240300
241691
241732
242559
242610
243001
243230
244059
244656
244933
245269
245466
246374
246971
247001
247756
248072
249173
249320
249357
249862
250134
250531
252660
252964
253815
254488
254551
254628
256285
256568
257703
258209
258240
258356
258926
259132
259678
259793
259815
260037
260073
260967
261164
261357
261535
262148
262215
262402
262409
262660
263300
263945
264106
265623
266026
266129
266610
266876
267006
268605
268713
269043
269083
271231
271547
272557
273602
273681
273800
275243
275258
275316
276660
278505
278549
278746
279127
279320
280523
280923
281635
281830
282076
282708
282900
283569
283713
284167
284573
285800
286704
287165
287731
288169
288720
288748
288835
289082
289123
289571
290433
290942
291290
292085
292516
293087
293623
293983
294100
294968
295461
295990
297586
298256
298349
298351
298499
298742
299258
299341
299515
300964
300968
301007
301040
301368
301484
302281
302593
303324
304038
304527
304812
304947
305335
306001
306876
307405
307898
308702
310103
310937
311463
311636
313112
313920
314240
315908
316231
316937
317438
317632
318166
318184
318562
318580
318713
319185
320007
320149
320425
320606
320882
321156
321390
321550
322178
323097
323498
326325
326540
326829
327211
327409
327475
327503
327811
328400
328502
329731
329805
330261
330705
331913
332141
332462
332776
333454
333878
334191
334336
334428
334521
337659
338200
339317
339745
339800
339890
340277
340286
340926
341135
342050
342175
342355
342534
343227
343229
343306
344097
345686
346175
346247
346286
346929
347805
347875
347941
348048
348501
348869
349581
349584
350628
352338
352567
353868
353887
354423
355366
355422
355424
356072
356799
357123
357282
358833
359205
359369
360275
360353
362689
363655
363991
364319
364566
365218
366204
367068
367430
367618
368278
368929
369097
369801
369909
369919
370908
371261
372416
372723
373149
373703
373709
374365
374426
375511
376236
377036
377454
377965
378280
378431
378481
378620
378868
380546
380849
381243
381592
381601
381929
382536
382677
382905
383497
383797
384897
385260
385416
385679
385889
386346
386467
387270
387399
387734
387845
388367
388370
388808
389371
389372
390481
391232
391331
391735
391953
393411
394101
394551
394865
395131
395326
395465
395674
395735
395799
395806
396121
399053
399065
399151
399406
399874
400065
400440
400788
401096
401882
403496
404298
405052
405314
406312
406353
406377
407693
408246
408313
408338
408985
409493
410376
410946
411092
411146
411196
412118
413297
414519
417130
417377
417839
417858
419543
419617
422405
425269
425591
426270
427340
427379
427576
428940
429334
429427
429992
430151
430601
430631
430967
431259
431579
432275
432361
432638
433119
433364
433371
433467
433886
433993
434174
434862
436112
436971
437452
437731
438363
438761
438918
439064
439358
439776
439795
439861
440207
441382
441826
442144
442366
442441
442588
443018
443221
443263
444628
444923
445085
445275
445834
446646
446949
447165
447458
447486
447723
447880
447893
448666
448851
449064
449426
449466
449703
450451
452270
452329
452434
453207
453357
454933
455422
455454
455580
455842
456520
457696
458266
458593
459638
459743
459843
460669
460821
460939
461069
461521
461743
461875
462230
462740
464162
464249
464569
464784
465302
465495
466686
467819
467965
468290
468784
469490
469618
469893
470985
472106
472313
472369
472799
473546
473673
474133
474359
474675
475192
476026
476206
476290
477064
477676
478017
478413
478941
479302
479538
479841
480683
480889
480949
481028
481183
482973
483339
485484
486784
486901
487293
487652
487682
488244
488983
489181
490417
490695
491323
492710
493238
493243
494274
494300
494860
494964
495243
495325
495522
496377
496923
497269
498449
498847
499021
499060
499415
499559
499682