682
1487
2990
3444
5091
6254
8389
8506
8655
8901
8962
10778
10812
11506
12105
12152
12279
12875
13882
14269
14616
15321
15553
16596
16917
17187
17556
18621
20003
21625
21628
22208
22289
23536
23586
23619
24676
25271
25295
25568
26275
26312
28726
29228
29801
30562
30604
31146
31976
32210
32666
33112
33942
34290
35302
35763
37856
38090
38287
38391
39674
40313
40402
40862
41473
42480
43735
44859
45953
45962
46311
46951
47342
47799
47920
49123
49156
49818
50109
50160
50194
50472
51215
51924
52270
53221
53252
53992
54307
54784
55131
55261
55731
55816
55852
55857
56751
57138
57412
57629
58451
58757
59447
59560
59861
60472
60635
60907
61008
61107
61306
61486
61702
62137
62291
63665
64658
65404
65982
66745
66891
66935
67093
67100
67523
67866
68261
68492
68726
68749
68963
70073
72354
72647
72730
73534
75161
78278
78287
78507
78554
78993
81894
81992
82096
82813
82966
82995
83061
83857
84082
84579
84780
86939
87478
88003
88465
88848
89363
89418
89898
90452
90517
91198
91963
92580
92791
94103
94165
94186
94229
94253
94826
95359
96271
96788
98414
98436
99001
99031
99037
99179
99235
99283
100860
101045
101493
101499
101624
103066
103119
103255
103461
103520
103543
105143
105604
106101
106514
107045
107447
107847
108085
108575
108770
109353
110218
110250
111126
111678
112111
113271
113601
113648
114229
114403
116277
116545
116943
119045
120531
121000
121135
121679
121931
123187
123654
124325
125232
125275
125774
126088
127513
128016
128018
128253
128918
128964
129016
129137
129275
129510
129948
130080
132335
132446
133034
133194
133203
133505
135139
135615
136626
136898
137154
139512
139656
140442
141490
141983
142065
142277
142343
142734
142821
143823
145593
146543
146831
147890
148099
148326
148706
148847
149020
150184
150269
150634
150722
150849
151201
151341
151655
152197
152756
153548
154674
154986
155912
157471
158694
159137
159812
160106
161312
162495
163392
164255
164479
165577
166091
166205
166307
166842
167173
167893
168258
168469
168575
168640
168923
169090
169202
169401
169692
169991
170144
170200
170376
170414
170794
170806
171386
173185
174138
174556
174869
175471
175475
175478
176249
176774
176884
177075
177134
177249
177395
178079
178392
178446
178868
179133
179150
179406
179893
179939
179951
180591
180664
180957
181721
181775
182247
182354
183029
184302
185129
185995
186352
186650
187450
188770
188827
189498
189858
190122
190493
190959
190973
191130
191453
191722
192000
192172
193713
193802
194254
194274
194380
194684
195183
195234
195402
196486
197002
197025
197199
197741
197784
197863
198757
198965
198998
199231
201543
201816
201846
202124
203370
203656
204951
205025
205357
205602
205676
205968
206849
206896
206960
207978
208579
209230
211407
212646
213380
213504
213586
214608
215895
215981
216381
216383
216732
217350
218309
218921
219958
220156
220445
220636
221042
221250
224225
224317
225571
225742
225859
225944
226462
227880
228418
228684
228727
228788
228961
229212
229497
229510
229518
230192
230873
231633
232197
232920
234062
234495
235149
236531
237393
237533
238182
238359
238588
239582
239816
242630
243089
244087
244596
244936
245428
245793
246414
246749
247206
247213
247412
247420
247945
248163
248570
249165
249247
249476
249873
250068
250528
250968
251640
253308
253343
253592
253622
253682
254004
254568
255197
255597
256524
256703
256803
258616
259231
259507
259521
259729
259760
260429
260764
260934
260997
261513
261856
262343
263237
263385
263782
264128
264808
265133
265179
265291
265332
265568
266092
266413
266553
266781
267711
267721
267850
268698
269023
269058
269179
269809
269910
270363
270542
270854
272848
274379
274414
274768
274878
275191
275245
277042
277114
277710
278291
278970
279894
280074
280099
280112
280113
280150
280881
280916
281036
281581
281857
282395
282720
282961
283612
284474
285742
288030
289620
289923
290166
290365
290896
291352
292057
292131
292599
293217
295223
296447
297156
297245
297307
297730
298091
298526
298915
299073
299090
300641
301151
302572
304240
304362
304869
305375
305732
306194
307434
307732
308300
308598
309062
309188
309324
310038
310269
310287
312103
312192
312246
312407
313421
313721
315165
315743
317982
318642
318776
319033
319091
319193
320242
320274
320335
320396
321818
322098
322267
322381
322450
322490
323097
325371
325839
328098
329618
329958
330657
331180
331533
331747
333949
336104
336947
337043
337103
337604
337785
337891
339386
340530
341573
341787
342343
343089
343287
344035
344134
344379
344486
344571
344673
344972
344975
346175
346248
347978
348277
348978
349156
350917
351050
351490
351710
352935
353014
353329
355209
355338
355409
355757
355891
357753
357932
357953
358290
358300
359262
359514
360058
360222
360509
360651
361058
361146
361283
361346
361400
361656
361828
361829
361925
362039
362049
362397
363262
363460
363585
363616
363765
363978
364145
364604
364887
365016
366904
367101
367422
368387
368608
369364
369650
369830
370156
370397
370987
371228
371334
371386
371445
371550
371699
372035
372339
373260
373319
373587
374101
374986
375153
375437
375845
375979
376044
377562
379027
379861
380327
380433
380855
380968
381073
381489
381499
381807
381810
382208
382427
383172
384804
385325
385391
385606
386043
386075
386514
386997
388034
388289
388583
389165
389505
389629
390256
391549
391622
391651
391978
392026
393060
394270
394741
395339
395407
395490
396203
396382
396667
396668
396941
398396
398426
400241
401782
402697
402870
402940
403810
403842
405147
405613
405818
407222
407246
407474
408409
408717
410424
410708
410900
411004
411443
411550
411835
412101
412293
413765
413802
413873
413926
414227
415354
416283
417578
419236
420077
420879
420957
421890
422698
423724
424064
424445
424607
424850
425355
425929
425932
426038
426365
426380
426662
426817
427391
428037
428389
428709
429172
429352
429719
430418
430455
431046
431196
431339
431356
431391
431422
431877
432064
432429
432661
433041
433078
434235
434828
434967
435722
435869
436044
436401
436463
436721
436726
437113
438050
438068
439191
439308
439616
439857
439888
440484
441660
441865
443002
444399
444716
444740
445208
445984
446296
447288
447600
447778
448260
448736
449128
449154
449235
449437
451303
451352
451469
451732
452170
452263
452410
452646
453517
454063
454334
454931
455263
455305
455331
455519
455674
455828
455938
458205
459312
460015
460661
461443
461468
463719
464167
465542
465704
465878
466224
466246
466839
466854
466895
468115
468161
468435
469273
471219
471309
471377
471986
472624
472747
472829
473757
473901
474026
474360
474787
475872
476162
476470
477272
477456
477664
477853
478366
478448
478943
479072
479293
479544
480576
480657
480777
481190
481250
481404
482326
482329
482654
482866
483113
483286
484443
485484
486234
487236
488394
490090
490719
493056
493488
493542
493724
494149
495079
495083
496177
496387
497753
498046
498529
498800