257
354
569
709
882
959
1141
2520
2713
2761
3723
4083
5578
6018
6664
6756
7399
7615
7939
7977
8011
8618
8719
8977
9190
9594
10056
10621
10738
11574
12497
12691
13056
13159
14206
14544
15119
15151
15586
16175
16686
18906
19101
19256
20840
21224
21827
22139
22267
22995
24025
24043
24317
24799
25225
25234
25434
25515
25747
25998
26314
26553
27726
28549
28588
29140
29501
29899
30375
30391
30412
30755
31226
31242
31535
31602
32181
32366
33645
34445
34633
35172
35264
35366
35370
37588
38802
38822
39159
39989
40050
40524
42568
42610
42908
42953
43779
43817
43985
44362
44780
45138
47053
47733
48269
48338
48501
49529
50816
51051
51239
52213
52914
53281
53731
53809
54301
54549
55491
56317
57244
57605
57786
57936
58281
58413
58807
59590
59737
59906
60105
60739
61585
61679
62429
63621
63773
63897
64526
64573
64766
65782
65913
66382
66415
66957
67163
67440
67779
68818
69195
70226
70280
70579
70654
71532
71811
72254
72692
73115
73224
74099
74230
74733
76236
76584
76756
76982
77133
77204
77286
78080
78397
78403
78740
78996
79054
79884
79981
81092
82152
82564
83970
84560
84770
87699
88626
88632
89178
89348
90174
90601
90627
90731
90784
91908
92959
93421
94190
94320
94453
95320
97034
97286
97568
98690
99009
99113
99425
99557
100632
101071
101407
101750
103658
103838
104996
106100
106409
106433
106444
106764
107034
107264
107387
107507
108152
108733
109184
109546
109690
112076
112194
113641
113669
115083
116033
118539
118742
119199
119993
120106
120955
121842
124234
124293
124346
124530
124604
125357
125734
126046
126690
126745
127880
127968
128413
129295
130863
130932
131343
131663
132364
132523
132811
133154
133299
133312
133430
133467
133621
133881
134013
134254
134685
134840
134845
135170
136579
136880
137357
137635
137811
137828
137886
138114
138948
139340
139885
140667
140674
140828
140909
141096
143271
143775
143833
144303
144462
144996
145408
145826
146465
146558
146884
147521
147675
148269
148915
149370
149631
149866
150218
151851
152433
152447
153120
153560
153667
154280
154454
155067
156158
157235
157442
158655
159199
159510
159534
160617
160962
162463
162573
162894
164177
164692
165733
166144
166418
166635
168024
168646
168926
169378
170041
170136
170288
170422
170709
170719
170922
172561
174899
177022
177073
177597
178503
179584
180440
180547
180616
181040
181115
182739
184286
185473
185710
186079
186495
186605
187826
188170
189624
190902
190977
191080
192971
193185
193573
194256
195356
195377
195682
196191
196291
196610
196830
197953
198677
198944
199282
200329
200402
202124
203235
203507
204672
205046
205516
206468
206841
207406
207818
208859
209194
210630
210841
211374
211385
211768
212120
212878
213174
213571
214077
214679
215290
215308
216027
216473
217139
217610
217789
219596
221455
221461
221479
221692
221763
221921
222141
222313
222638
222822
224478
224603
225219
225581
226148
226257
227040
227217
227657
228644
230020
230289
230636
230936
231999
233246
233315
233376
233816
234414
234908
234979
235433
235990
236049
236223
236698
236961
238306
238771
238859
239411
239571
240020
240476
241330
241392
241732
241917
242430
242763
242907
242937
243400
243533
243778
243933
244177
244640
244950
245810
246705
246710
247512
247557
248245
248680
250336
251372
251995
251998
254156
254390
254415
256309
257264
258233
260353
260583
260967
261461
262506
262914
264863
265363
266087
266924
267566
268272
268314
268337
268363
269614
269768
270026
270288
270393
270635
270740
270749
270777
271014
271319
271419
272017
272384
273100
274085
275198
276007
276052
276298
277227
277433
278000
278375
278771
279139
280204
281314
282600
282892
282966
283554
283785
284119
285624
285863
286305
286640
287107
288689
288699
289063
290087
290272
290555
290716
291724
291865
292731
292942
293072
293640
293899
294934
295099
295360
295927
296047
296057
296066
296399
297318
298141
298230
298844
299033
299499
300303
300438
302474
302949
303289
303481
303766
304521
305815
305837
305983
306918
306987
307768
308339
308346
308667
308817
308861
309153
310660
311966
312516
312562
313182
313317
313578
313674
313722
314093
314564
315230
315772
315779
315993
316903
317029
317378
317572
318478
319523
319699
319826
320214
320392
320631
320856
321558
321651
322371
323437
324086
326471
327305
328347
329411
329422
329759
331242
332520
332600
333867
334730
334766
335190
335622
336052
336071
336370
337268
338129
338516
339000
339247
340167
340245
340569
340787
341185
341237
342370
343008
343056
343095
343757
344613
345061
345081
345997
347554
347654
348983
349547
349741
350748
351524
351733
351925
354242
354351
354584
354748
354789
355780
356717
357109
358035
358103
358501
358768
359281
359648
359854
361376
361922
362583
363136
363602
363628
363717
363995
364398
364519
364781
365450
365661
365820
366493
366643
366827
366842
366975
367652
367840
368138
368187
369035
369092
370674
371443
373224
375177
376137
376430
377525
377547
377828
378202
379205
379949
380164
380952
381597
381651
382458
383025
383243
384047
384418
384670
385288
385626
385902
386232
387179
387322
387755
388076
388165
388318
388348
389561
389992
390677
390828
391151
393760
394406
394614
395191
395267
395436
396035
397044
398163
398481
398708
400828
401698
402005
402245
402309
403413
403713
404281
404452
404543
405328
405553
405554
405612
405991
406185
406228
407043
407469
407514
407901
408767
409352
409523
409802
410020
411904
412861
413081
413509
413513
413554
413677
413720
413959
414469
415205
415230
415662
417618
417803
418482
418622
418678
418688
418769
419712
420657
421752
422318
423081
423239
423425
423708
424144
424677
424965
425968
426694
427858
428218
428277
428515
429117
429316
429355
429369
429537
429872
430042
430777
431092
431733
432366
432498
432576
432617
433330
433845
433969
434081
434790
435180
435483
435516
435954
436500
436614
436658
436814
437621
437736
438477
439077
439296
439467
440887
441283
441858
442156
442412
442569
442602
442814
444062
444645
444845
444946
445878
446358
446602
446986
447310
447348
447405
447751
448247
448791
448976
449439
449485
450260
450291
450683
451002
451311
451848
451865
451877
452671
452726
452966
453103
453322
454197
454397
454611
455156
455463
457008
457572
458405
458668
459015
459736
460766
460965
461205
461286
461973
461980
462974
464136
464823
465510
465638
466902
467532
467857
469050
469255
469381
469431
470310
471240
472603
473199
473395
473573
473946
474240
474314
474819
475195
476969
477020
477135
477606
477632
478446
478508
478951
480281
480504
481054
481364
481402
481654
482162
482283
482823
483300
483438
483458
483467
483617
483676
485770
485859
486072
486663
487093
487116
487301
487360
487360
487474
488795
489312
491658
492101
492232
492588
493880
493967
494648
494724
494911
495148
495881
496053
496371
496372
496493
496853
497304
498349
498698
499836
499857