604
623
1379
2296
2784
2989
3077
3189
3782
4164
4268
4698
5153
5271
5398
5952
5959
5965
6849
8189
8977
9193
10123
11599
11643
12945
13176
13701
14475
14973
15333
16729
16768
18108
18248
18418
19033
19745
20359
20886
20902
21325
21912
22717
23377
23405
23428
23465
23511
23671
23823
23959
24234
24427
24564
26392
27398
27494
29020
30348
30744
30778
30948
31034
32182
32413
32543
32686
32694
33081
33564
33587
35650
37233
39068
39852
39987
40419
40573
40903
41011
41480
41799
41934
42704
43620
43991
45114
45215
45359
45659
45959
46228
46329
46639
46951
47192
47523
47624
48234
48393
48771
49498
49667
50024
50256
50476
50665
50954
53266
53442
53451
54117
54373
56315
58214
58255
58455
59198
59377
59831
60661
61723
61852
62282
62798
62991
63148
64369
65214
65281
65388
65862
66414
66591
66879
67085
67121
67262
67358
67380
67514
67683
69541
70383
70501
70793
70963
71277
72765
72795
74239
74442
75803
76054
77410
77702
77785
78222
78386
78676
78858
78925
79501
79695
80187
80414
81101
81902
82301
82307
82534
82996
83844
84183
84473
84712
84886
85583
86086
87443
87988
88862
89868
91910
92431
92463
93242
95570
95655
96130
96157
96250
96685
97268
97393
97565
97580
98100
98490
99430
99610
99874
99940
100716
100836
101133
101430
101677
101875
102163
102724
102868
102997
103894
104113
106399
106715
106831
108857
108914
109719
110429
111657
111974
113038
113437
113646
113878
114181
115162
115302
115389
115686
115825
116269
117250
118981
119288
119783
122080
122477
122770
125175
125582
125622
126150
126225
127527
127676
127679
128119
130544
131008
132207
132288
132662
132819
133142
133408
133470
134686
134911
135279
136839
137371
137738
138339
139036
140253
140383
140543
140615
141310
142272
142842
142929
143156
143932
144009
144280
144615
144722
145038
145119
145147
146290
146511
147319
147376
149076
149357
149441
149577
150188
151006
151876
151944
151961
152075
152274
152400
152502
152544
153219
153308
154310
154803
155172
156208
156939
156981
157199
158263
158656
158685
159611
161250
161879
161986
162739
162812
163854
164440
164515
164981
166790
166991
167317
167683
169607
169694
169874
170274
170820
170853
170932
172146
172216
173325
173511
174195
174205
175533
175958
175968
176979
178781
178894
179470
179753
179812
180184
181005
182578
183324
184061
184127
184802
186545
187423
188873
189112
189460
189823
190073
190813
191216
193583
194062
194170
194186
194599
194901
195014
195306
195699
195755
196608
196684
197551
197710
198070
198182
198599
200383
200588
200914
201380
201478
202113
202153
202207
202461
203240
203670
203792
204058
205045
205486
205658
205797
205966
206860
208000
208415
209211
209689
209839
210151
210513
210676
211040
211108
212427
212445
212599
212800
213760
213811
213875
214140
214481
215416
215756
216590
216832
217204
217532
217735
218054
218334
218597
220177
220411
222174
222765
223311
223535
224122
224188
224577
224935
225182
225993
226684
227317
227330
227669
227804
228621
229077
230423
230849
231380
231399
232557
232942
234460
235103
235149
235292
235339
235763
236543
236832
236861
236984
237791
238072
238141
238417
238978
238999
239265
239410
239936
240349
240621
240639
243301
243641
243676
243872
243953
244042
244260
244564
244826
245181
246449
246703
247103
247118
247393
247788
247984
248670
248719
248937
248994
249452
250977
252848
253084
253672
253789
254092
254424
254572
254620
255536
256977
258341
258560
258830
258834
258991
259493
260457
260574
261142
261963
262813
262870
263589
264458
264563
265198
265244
265837
266611
267371
267619
268787
269430
269553
269619
271017
271114
272068
272161
272821
273037
273504
273931
273966
273991
274384
274767
277570
278036
278163
278172
278957
279167
279290
279384
279713
279736
280179
280598
280712
280964
281521
281544
281873
282882
283000
283097
283107
283328
283713
283783
283986
284973
285820
286432
286497
286906
287229
288255
288324
288496
290560
291897
292890
293239
293366
293372
294107
294573
294622
295560
297941
298232
298233
298502
300749
300827
301462
301575
301737
301819
301841
301988
303152
303974
304099
305017
305361
306347
307053
307218
307645
307840
308086
308674
308720
308804
308889
309594
309700
310159
312255
313137
313541
313727
315315
315566
316125
316453
318188
319680
319974
320383
320869
320914
321179
322362
323693
324303
324855
325105
325359
325863
325863
325916
326066
326162
326226
326784
327791
328313
329231
330814
330824
330937
331303
331389
331404
331743
332485
332708
332746
332855
333567
335085
335188
335753
335757
336693
338076
338788
340335
340831
340937
341177
341742
342249
342726
343950
345937
345984
346924
346977
347058
347186
347693
347897
348266
348319
348481
349008
349522
349846
350681
350851
351601
352206
352476
353443
353550
353781
353841
355106
355655
356019
356359
356429
357011
357397
357488
357512
358718
358799
359619
359634
360142
360817
360983
361211
361735
362669
363450
364291
364293
364482
365224
365485
365781
366402
366664
368032
368164
368267
369133
369270
369533
369736
370223
370501
370538
370948
371991
372438
372541
372912
374992
375535
375540
375669
375729
375975
376586
377528
378949
379345
379914
380017
382391
382573
383046
383242
383558
385158
385160
385376
385995
386780
387346
388073
388365
388857
389585
390768
391070
391340
391490
391670
391915
392887
392922
395225
395436
395978
396174
396277
396414
396601
397874
398350
399137
399402
399992
400189
400268
400514
400608
400996
401670
402024
402323
402535
402575
402605
404305
404370
404417
404428
404587
407103
407125
407165
407270
407502
407603
408306
408404
408857
408969
409023
410300
410512
411335
411564
411702
412251
412547
413359
414110
415178
415271
415331
417709
418930
419522
420415
420507
420931
421777
422346
422450
422744
425217
425891
426465
426628
427480
427619
427988
428078
428473
429251
429369
429834
430488
430620
430765
430774
430857
432084
432426
432728
432874
433215
433350
433900
434127
434440
434771
435863
436191
436774
437330
438045
439721
440030
441312
441829
442014
442084
442308
443439
443543
443713
444573
444759
445221
446513
447207
447284
447473
447941
448092
448115
448283
449318
449335
449805
450764
451191
452338
453386
453685
454842
454906
455511
456947
457052
457360
457562
458486
458636
459843
459935
460394
461387
461395
461791
461821
463799
464339
464625
464811
464991
465323
466548
467313
467684
468171
468248
468641
468730
468938
469132
469589
469641
469768
470004
470125
470828
471759
472144
472246
472265
472306
472738
473017
473315
473533
475088
476584
476897
477427
477465
477469
477916
478199
478271
478693
479011
479150
479227
479565
479606
479771
479920
480450
481135
481136
481325
483016
484147
484185
484697
485739
487282
487702
488055
488157
488181
488650
488798
491464
491801
492402
492802
493468
493879
494526
495440
495468
496324
496337
496603
497058
497283
498123
499424