200
456
1142
1156
1816
2685
2833
2857
3118
4763
7523
8391
8851
9024
9523
9540
9913
10377
10822
11760
11883
12283
12975
13274
13346
13626
13643
14134
14869
18103
18114
18166
18371
18634
18949
19034
19985
20376
20870
20921
21471
21757
22147
22406
22550
22854
22948
23721
23977
24409
25210
25575
26661
27125
27157
27739
28019
28166
29539
29909
30216
31245
31266
31629
32645
32686
32826
34356
35380
36360
36946
38628
39989
40317
40469
40854
41435
42909
43143
43360
44246
45248
46974
47546
47558
47649
47742
47771
48332
48622
49491
50758
50895
51544
52158
52424
53120
53604
53991
54197
54504
54801
54882
55646
56334
56359
58435
58517
58802
59483
61245
61383
61526
62101
62543
62799
63688
64395
64491
64639
65903
66933
67587
67655
68462
68684
69097
69416
69484
70087
70683
70865
71971
75044
75301
75714
76488
77094
77580
78186
79156
79463
80173
80863
82328
82611
82836
82846
83066
83694
84417
85040
85261
85711
86579
86659
87270
87986
88363
88530
88682
88824
89071
89343
90019
92068
93526
93755
94245
94746
95026
96188
96435
96479
96509
96954
96961
97052
97510
97587
97637
97717
98390
98677
98986
99013
99264
100308
100609
100704
101012
102264
102308
102442
102986
103331
103537
103605
103727
103997
104159
104494
104874
105709
108291
108298
108541
109061
109277
109458
110626
110875
112174
112454
112508
112645
112749
112979
114674
114813
114877
114907
115482
116047
117328
117563
117763
118758
120394
120717
121464
121795
121988
122117
122455
123098
123773
124053
124348
124492
124579
125066
125559
125615
129827
132600
133485
133605
134059
134235
134411
134862
135250
135682
135730
135731
135810
136645
137053
137179
137903
137986
138536
138642
138735
138904
140366
140398
140643
142246
142392
143626
143889
144457
145631
146057
146206
146654
147025
147791
147828
148609
148732
149054
149171
149272
149317
149717
149914
151715
152078
152163
152309
152543
153677
154475
154789
154889
154989
155405
156128
156136
156588
157029
157150
157594
157627
157953
158085
158693
158910
161455
161797
162808
162821
164070
164116
164509
164927
165060
165619
166437
166778
166822
167318
167399
167720
167769
169019
169739
171746
171890
172230
172609
172956
173468
174064
174569
174669
175120
175666
175874
176946
177355
177492
178506
178735
179098
179216
179261
179688
180305
181051
181995
182262
183311
184877
185254
185555
186699
186930
187215
187271
187864
188567
189334
189381
189382
189764
189928
190219
191753
192877
193366
194278
194662
195561
195967
196205
196351
196967
197156
197323
198246
198434
198879
200281
200535
200816
201027
201313
201423
202222
202559
203808
204035
205294
205326
205642
206795
206911
207091
207508
208131
209440
209589
209647
210267
210450
210922
212158
212887
213881
214577
215828
215877
216135
216341
216625
217343
218327
218968
219292
220157
220934
221519
221596
222356
223159
223409
223620
224283
224487
224790
225305
225762
225853
227155
227987
228239
228815
229371
230192
230732
231478
232152
232284
232457
232502
233302
233543
234930
236006
237572
238078
238348
238814
239178
239394
239732
239981
241308
241478
242109
242733
242891
243128
243264
243970
245578
245694
245966
246383
246449
246561
247074
247182
247270
249182
249501
249536
249600
249643
251499
251672
252650
253508
253782
254317
256564
257694
258611
259355
259680
260008
260139
260559
260855
261825
262105
262789
264221
264376
265095
265189
265252
265741
266009
266083
266693
267268
267515
267919
268306
268566
269168
269813
270138
270900
271117
271437
271503
271522
272755
272912
272957
273122
273907
274745
275716
275726
275894
276186
277157
277477
278843
279184
279611
281238
281547
281907
281990
282581
282596
283092
283093
283601
284897
285366
286569
286875
287824
288378
288750
290816
291396
291614
291984
293094
294066
294936
294954
295300
295348
296143
297285
297448
298645
299648
299782
299793
299826
299997
300464
301041
301577
301811
301977
302071
302169
302434
303124
303198
303286
304544
304762
304770
305830
306780
307744
308316
308834
308912
309565
310015
311766
311796
312439
312717
313355
314909
315691
317058
317073
317442
317832
317919
318396
319419
319669
320050
320177
320243
320280
320427
320696
323519
323749
324124
324336
324873
325488
325989
326293
326656
327031
327209
327345
327791
328366
328607
328932
329228
330090
330917
331086
333161
333560
333841
334791
335260
335539
335549
335806
336128
336437
336966
337575
337580
338690
338703
338784
339066
339078
340093
340247
340467
340811
340836
340924
341181
341757
342278
342334
342607
342941
343737
345847
346244
346344
347245
347435
347789
348499
348747
349069
349516
349615
350249
350723
350955
353193
353742
354618
354680
354823
354839
356205
356715
356770
357333
357798
358129
359146
359285
359537
360025
360946
361137
362074
362350
362550
362724
363000
363137
363681
364040
364811
365135
365184
365434
365951
366032
366260
366313
366794
366896
367426
368305
368771
369677
370645
370662
371297
371454
371524
372282
372359
372937
372999
373389
373676
374853
375248
375252
375579
375620
375830
376284
376933
377346
377560
379170
380125
380862
381965
382318
383281
383650
383665
383779
384278
384388
384812
385638
385734
386009
386458
388044
388213
388358
388578
389604
389712
390169
390429
391084
391287
391486
391696
391793
391898
391966
392073
392401
393363
393456
393953
394708
395221
395979
397078
398285
398624
398819
399570
399752
399792
399986
401592
402451
402711
402925
403726
405238
405358
405407
405612
405834
406161
406647
406899
407104
407413
409662
410124
410250
412107
412145
412748
413841
413956
414204
414277
414674
414836
415040
415067
415823
416076
416103
416606
416798
416912
417155
417526
419046
419266
421507
421634
421848
422088
422299
422389
422477
422640
422990
423019
423408
423514
424111
425483
425562
425635
426349
426597
427520
427635
427730
427936
428266
428495
428856
428858
429015
429128
429152
429642
429702
429839
430278
430340
430693
431115
431173
432258
432914
433657
433879
435275
435447
435635
436009
436686
436771
437245
437255
437454
437625
438046
438277
438306
438450
438700
438888
438914
439818
439924
440012
440510
441909
443079
443327
445007
445094
445114
445332
445656
446107
446317
446334
446648
446826
447184
447467
448551
448666
448967
449138
449361
450163
451541
451882
452332
453249
453589
454219
455804
456168
457916
458023
458474
458516
459784
461012
461378
462112
462201
462500
462554
463382
464039
464520
466060
466582
468142
469236
469770
470201
471179
471984
473257
473596
474304
474441
476258
476517
476906
477134
477591
477870
477962
479715
479722
479876
480543
480577
480945
481971
482442
482479
482480
482680
483101
483303
484636
484680
485048
485397
485539
485566
485686
486093
486685
486937
487556
487856
488166
489789
490009
490284
490922
491213
491452
492344
492490
492546
494002
495200
495223
495434
495736
495738
497300
497786
497795
498021
498571
498716
498752