683
1794
2052
3080
4080
5540
5681
7395
7504
10055
10099
10223
10491
10937
10942
10979
12055
12984
13417
13834
13995
14087
14560
14649
14976
16067
16851
16935
18285
18427
18491
19161
19347
19537
20500
20629
20772
20817
20888
20923
20975
21711
22894
24262
24612
24820
25203
25248
25546
25602
25619
26231
26337
26812
27371
27794
28426
28766
28798
28955
28991
31835
32504
35453
36030
36195
36532
37031
37374
38232
38651
38667
38898
39052
39756
40007
40165
40656
40857
41937
42450
42964
43209
43391
44649
44828
44842
45866
45870
46411
46703
46929
47707
47895
48334
48434
48913
49936
50412
50991
51369
51479
51548
53766
53923
54032
55732
55969
56134
56338
56592
56983
57732
57785
59144
59184
59374
59794
60090
60631
60964
61657
61664
63087
63116
63562
63726
63825
64041
64545
64878
65104
65336
65803
65842
65990
66239
66436
67902
68332
68356
69866
71308
72080
72518
72639
72776
73200
74117
74195
74529
74779
74980
75089
75142
75735
76374
79537
81508
81513
81674
82852
83321
83368
83913
84204
84352
84365
84515
84532
85512
86299
87067
87395
87568
87936
88611
88615
88852
90097
91134
91174
91380
91987
92796
94065
94372
94622
94700
94794
95915
96480
96990
97181
97715
98395
99300
99535
99817
100290
100798
100843
101454
101506
102755
103483
103653
104116
105721
105722
105814
106188
106548
106672
106777
107307
108489
109200
109425
109578
109886
110771
111813
112500
112632
112824
112848
113692
113728
114002
114318
114358
115190
115264
115644
115735
115746
116413
117914
118369
118472
119428
119585
121023
121135
122026
122301
122680
122871
123439
124577
124580
124670
124787
125096
126032
126280
126930
126999
127924
128501
129109
129721
131529
131651
132395
133483
133961
134038
134446
134555
135170
136415
137108
137287
137395
138453
139880
142066
142180
142417
142494
142549
143438
144368
145623
145984
146466
147090
148204
148617
149147
149275
150193
150535
151595
153332
154468
154963
155883
156476
157077
157085
157303
157343
157368
158560
159089
159672
159675
159699
160370
160794
160947
161102
161130
161430
162138
162917
163494
164561
165503
165835
166881
168564
168747
169118
169525
170602
171141
171182
171416
171533
171859
172675
174465
174822
175336
176061
176192
177397
179304
179828
180974
181343
181418
182093
182676
182691
184552
185928
185995
186005
187433
187503
187758
187798
188143
188516
190472
191085
192809
192915
193298
193999
195787
195836
196071
196406
196524
196546
196879
196886
197168
197446
198959
199895
200571
200623
201699
201726
202381
202705
202873
202903
203815
204046
204057
204146
205135
205292
205448
206508
207317
208660
209077
209801
210452
211042
211717
212978
213095
213102
213168
214866
214937
214981
215495
215576
215778
215944
216470
216541
217485
217672
217867
218335
218653
219564
219573
219853
219894
220296
220615
220764
220939
221015
221565
221731
221789
222911
223204
223643
224222
225017
225190
225413
225850
226154
226217
226625
226729
226808
227415
228888
229541
229796
229818
232453
232561
232586
232614
233762
235158
235288
235380
235653
235950
236602
236714
237093
237362
237778
239009
240157
241618
241666
242613
243074
243632
243879
244356
244605
245018
245189
245436
245499
246195
246659
247447
248031
248292
249370
251079
251097
251324
251606
251746
251764
252061
254859
255282
256202
256347
256629
256890
257783
258104
258699
259152
259608
259997
260236
260266
261543
261737
261804
261840
262971
263040
263376
264022
264340
264517
264612
264718
265184
265372
265521
265619
265637
265720
266090
268996
269107
269541
269664
270209
272261
272697
272930
273081
273409
273682
274268
274798
275094
275815
276750
277129
277233
278716
278913
280129
280204
280510
280705
281210
282691
283824
284383
284604
285275
285604
285987
286306
286591
286789
287464
287583
287724
287812
287975
288274
288392
289405
289489
289929
290415
290971
292673
293285
293329
293700
294057
294772
294804
294965
294977
295396
295649
295843
296804
296864
296951
297141
298587
298711
298980
299964
302524
303012
303226
303436
303812
304118
304301
304487
305236
305243
306454
307155
307636
307762
308536
309561
310002
310621
311211
311363
311417
312078
312597
313326
313614
313876
314223
314340
316496
316921
316991
317340
319398
320143
320670
321732
321790
323145
323658
324024
324322
324854
327196
327201
327363
328852
329398
330070
330136
330323
330813
332061
332456
332468
333240
333652
333770
334021
334493
334570
334925
335390
335475
336793
337923
338669
338861
338893
338920
339199
339787
339795
341236
342932
343131
343181
343734
343895
344748
345687
345797
346983
347887
347977
348204
348259
348283
348339
349331
349646
350286
350925
353076
353360
353532
353564
353619
353716
353859
353956
353975
354411
355172
355213
355285
355330
356714
356931
357782
357911
358313
358372
358463
358544
359506
359671
359844
360187
360273
360474
360860
360895
361652
362972
363174
363187
364265
364615
365175
365221
365342
365665
365712
366040
366659
367257
368908
369027
369402
369728
369808
370046
370686
370742
370968
371643
373503
373790
374005
374701
375223
375227
377139
378481
378754
378878
379552
379633
380362
381617
381953
382148
382330
382332
382495
382865
383762
383988
384345
384943
385673
385674
385784
385825
386286
387435
387544
387602
387916
388187
388234
388928
389176
389384
389414
389719
389877
392150
392828
392863
393710
393818
393985
394430
394453
395003
395207
395647
396670
396874
397802
398218
399262
399660
400010
400299
400553
401618
401826
401901
402111
402350
402442
402986
403073
404142
404752
405569
405847
406274
406359
408099
409081
409197
409513
410146
410216
411389
412598
413006
413912
414128
414368
414620
414842
414952
415702
415972
416876
416948
417786
418389
418408
418448
418455
419081
419613
419656
420315
420542
420904
421501
422191
423286
426413
427045
427728
428028
428236
428569
429181
429201
429216
430365
431132
431649
432293
432545
432616
433009
433123
433249
433273
434612
434738
434868
435305
435858
437228
437795
437831
437841
438243
438524
439003
439080
439273
439603
440759
441390
441481
442186
442508
442608
442682
443618
443782
443801
444400
444787
445113
445294
447526
447734
448290
449068
449133
450534
451414
451795
452259
452929
453150
453390
453619
454293
454978
455741
456123
457413
457497
458387
459119
459254
459563
459832
459930
460269
460683
460745
460819
461051
461437
462157
462370
462416
462559
464767
465367
465437
465572
466051
466323
466436
469366
469922
470096
470767
470830
471119
471459
471681
471815
471945
472318
472939
473188
473285
473315
474411
474552
474568
475947
475992
476443
478617
480043
480168
480728
480987
481172
481224
482188
482906
483918
484061
484709
484912
485597
485777
486535
486917
487295
487649
487808
488021
489069
489320
489829
490932
491523
491804
492774
493283
494338
494510
494514
494665
495157
495483
496431
497981
498237
498459
498506
498530
498806
498955
499435
499940