487
1020
1268
1641
3236
3284
3700
5409
5903
6327
8227
8366
8869
9005
9115
10018
10486
10558
10670
12588
12848
13066
13907
13962
14152
15272
16148
16500
16755
17826
18167
19401
19914
20257
20261
20422
20480
20675
21002
21545
21601
21944
22185
24591
24606
24690
24725
26056
27053
28144
28376
28810
28919
29258
29269
29539
30311
30560
31123
31315
31872
32087
32213
32410
32449
33438
34200
34207
34603
35122
35395
35766
36496
38035
38432
39310
39355
39456
39825
40430
40591
41302
41461
41479
41625
41776
42489
42933
43587
43960
44047
44374
44730
44815
45337
45701
45990
46486
46511
47118
47331
48462
48849
49519
49581
49817
49850
51143
52229
52440
52617
52724
52959
54277
54446
54854
54967
55942
56573
57042
57189
57736
58015
58313
58455
58621
59949
61064
61332
61446
61492
61790
62108
62551
62755
62965
63538
64848
65541
66454
66695
66916
67327
67381
67697
67981
68006
68328
68620
69104
69176
69862
70330
70674
71102
71256
72362
72462
72922
73811
74579
75188
76846
77114
77846
78055
78115
78360
78795
78821
79578
79806
80235
80249
81990
82272
82511
84179
85772
87585
87597
87734
87917
87988
88317
88467
89022
89229
89620
90051
90329
90382
91815
92157
92333
92841
92852
92918
93118
93543
93746
93815
93899
94169
94511
96633
96736
96892
97013
97304
97590
97721
98042
98297
99528
100566
101165
101900
101935
102235
103769
103950
105051
105139
106413
106613
106951
107981
108627
109073
110403
110802
110853
110932
111534
111837
111887
112291
112967
114759
115512
115691
115952
116216
116421
116578
116590
116677
116800
117356
117918
118677
119029
119249
119360
119380
120193
121395
122388
123270
125241
125846
126237
126661
126944
127114
127358
127424
130662
130823
130943
131339
131920
132325
132579
133179
133801
133982
134314
134350
134435
134558
136476
138577
139578
139641
140231
141667
141980
142963
143579
143689
143724
143808
144156
144185
144299
144759
144900
145497
145851
146231
147109
147464
147576
147796
148382
148943
148989
149503
149706
149919
150925
151899
152025
152628
153241
153950
154265
154378
155180
155418
155960
156096
156512
156535
156644
156744
156842
157019
157859
159758
161164
161186
161675
162419
162434
164262
164614
165209
165410
165878
166045
166085
166714
166749
167400
167910
168027
168486
168555
168988
169020
169059
169183
169983
171597
171656
171845
172873
173141
173332
173361
173736
173828
174161
174274
174511
174914
175001
176950
178502
179455
180409
181372
181644
182527
182761
182765
183797
184206
185192
185325
185466
185746
185771
185789
187891
187941
188516
188610
188963
189175
189364
189445
189695
190081
190692
191808
192350
192838
193773
193967
194852
194925
195058
195770
196301
196470
196855
198460
199032
200110
200672
200725
201277
202133
202526
203496
203710
203853
204596
204624
204773
205607
205719
205819
205957
206848
207271
207382
207703
208070
208091
208695
208993
209584
210144
210624
211213
211415
212195
212531
212575
213036
213273
213334
213725
214181
214378
214399
214422
214450
215354
215875
216030
216228
217815
217954
218176
218655
218843
218883
219065
219068
219432
220750
220781
221339
221346
221717
221840
222930
223002
223003
223432
223547
223753
223891
223939
224454
224776
225208
225308
225420
225943
226349
226711
226981
227954
228714
228755
228883
230200
230624
230675
231008
232183
233757
234744
234969
235604
236476
236676
240227
240751
241497
242419
242945
243057
243848
243867
244624
244941
245452
245950
246253
247082
247304
248217
249539
249697
250303
251652
252075
252217
252776
253209
253327
253440
254274
254290
254412
254608
255209
255677
256160
256376
256400
256496
257038
257278
257565
258281
258795
258893
259141
259330
259611
260672
261066
262331
262416
262823
262863
263248
264763
265286
265319
265525
265758
266154
266154
266633
266789
266807
266909
267044
268272
268396
269413
269732
270928
272510
273080
273728
273966
274964
275783
276033
277043
277071
277117
277213
277668
278678
278991
279217
279615
279805
279902
280283
282262
282382
282455
283540
283805
283867
283878
284042
284769
284880
285792
286438
287035
287512
287657
288428
288821
289423
289429
291142
292636
293596
293597
294781
297521
297603
297690
298880
299018
300092
300450
300590
301503
302273
302676
302956
305450
305995
306448
308643
308645
309312
310596
310909
312096
312862
313250
313365
313426
314143
314385
314436
315745
316022
316329
316374
316493
316769
316803
317197
317205
317897
318878
319098
319975
320196
320265
320326
320730
321226
321361
321445
321743
321879
322011
322755
323190
323527
323532
323662
324172
324696
325605
326192
326422
327478
327562
328630
329125
329772
330041
330790
330908
333314
334241
334287
336397
337600
337942
337953
338929
339197
341102
341494
342576
343406
343645
344299
344391
344898
344974
345265
345450
345516
346710
346950
347306
348225
348243
349565
349734
350561
350609
351622
352944
353100
353403
353674
354331
354793
355140
355317
355388
355615
356168
356433
356919
357303
357453
357610
358762
359307
359794
360192
360482
361332
361559
362533
362667
364149
364494
364898
365064
365489
366024
366620
366853
366857
367213
367564
367757
369035
369099
369642
370449
372584
373937
375025
375237
376023
376115
376937
377136
377395
377463
377538
377634
377797
378715
378796
381907
382153
382652
383114
383528
384982
385110
385379
385437
385533
385736
385967
385993
386047
386225
386292
386338
386968
387954
388328
388640
389523
389599
390331
390563
391232
392391
392496
392670
393942
395818
395825
396407
397248
398204
398625
398674
399252
399764
400166
400476
400598
400820
401214
401322
401743
402082
402199
402477
403089
403757
404920
405859
406483
406548
407765
407892
407899
407935
408727
409458
409776
410302
410379
410947
411004
411221
412205
412244
412288
413385
413539
414184
414501
414735
417357
417852
418058
418553
419141
420413
421214
421381
421963
422161
422515
423486
424109
424680
425211
425340
426172
426786
427189
429196
430426
430714
431886
432042
433465
434450
434945
435303
435637
436145
436164
436599
436910
437587
438812
439098
440142
441009
441060
442489
442863
442962
443968
444841
447931
450055
450138
450395
450410
452513
452601
452898
453234
453296
453708
454014
454723
454904
455322
457286
458117
458408
460435
461085
461548
462372
462847
462995
463213
463281
463288
464004
464873
465483
465864
466063
466473
467044
467761
467777
468951
470100
470857
471085
471128
472178
472360
472614
472909
472927
472963
473529
473975
474513
474783
475070
475623
475630
475927
476190
477155
477270
477443
477629
478088
478276
479098
479372
479514
480412
480639
480815
480885
481023
481095
481289
481376
481947
482890
483358
484304
484638
484772
485078
486101
486104
486313
486914
488264
488600
488792
488905
488971
489401
490560
491040
491454
491781
491943
492570
493258
493483
493936
494756
494784
494846
495501
495511
497126
497457
497629
497638
499631