436
511
1126
1183
1871
1881
2405
2406
2933
3230
3307
4050
4373
4974
5163
5427
5596
6034
6823
7136
7222
7285
7622
9284
9317
10021
10492
10499
11028
11702
12043
12198
12907
13396
15652
16260
16808
16970
17745
18199
18254
19005
19089
22401
23072
23441
23609
23616
24196
25260
25498
25644
25995
26690
27042
27055
27530
29207
30572
30670
30742
31579
32245
32900
33207
33502
35463
35482
35713
35895
36435
36697
36722
36746
37007
37657
37969
38542
39028
40277
40647
40665
40878
40975
41012
41301
41491
41837
42317
42761
43252
44060
44648
44742
44745
45931
46278
46698
46915
47205
48024
48440
48576
48647
49006
49217
49999
50743
50986
51028
51315
52691
52735
53023
53518
53645
53922
54140
54303
54705
55016
55324
55355
57504
57602
58438
58512
59066
59193
59407
59932
60603
61303
62087
62916
63017
63652
63680
64668
64903
65016
66847
66913
67510
70097
70750
71043
71092
71265
71412
71728
72302
72483
73447
73714
74415
74432
74675
75040
75106
75563
76401
76603
76664
78428
79145
79339
79862
80099
80199
80848
81531
81909
83057
83741
84190
85121
85331
87221
87698
87789
87812
88259
89632
90161
90384
92492
92935
93501
94429
94917
95623
96361
96702
97192
98166
99725
99825
99960
100387
102122
102413
102662
102731
103247
103371
103596
104006
104065
105027
106184
106324
106760
107176
107190
108779
109043
109933
110008
110691
111386
111575
112079
112143
112264
112741
112799
114369
114413
114485
114552
115135
115323
116115
116295
116453
116896
117137
117440
117875
118245
119161
119593
119821
120432
121043
122460
122835
123314
123863
123895
125208
125409
126754
127049
127224
127473
127966
128256
128591
129580
129964
130139
131010
131347
132275
132393
132864
133010
133121
133539
134106
134363
134533
134753
134887
134972
136234
136264
138266
138916
140121
140807
140996
141535
141589
142387
142403
142789
142955
143594
143709
144007
144527
144821
145921
146493
146647
146665
147240
148404
148783
151275
152499
154087
154111
155077
155497
155945
156030
156871
156993
157215
157306
157438
158771
160237
160245
160568
161279
161518
162035
164217
164446
164531
165074
165401
166049
166485
167510
168368
168820
169420
169808
170396
170404
172698
172877
173399
173508
173603
173769
173890
174838
175333
175889
176408
176439
176610
177560
178362
178909
179111
179940
180936
181527
181816
182110
182383
183323
183399
183586
184796
184843
185513
186218
186927
187625
188610
188802
188974
189564
189671
189848
190620
190827
191765
191971
192794
192795
192876
193411
193440
193637
193873
194069
194399
194770
196162
196798
196882
197804
198312
198382
199810
199934
200145
200914
201167
201497
201710
201828
201833
202126
202577
202786
202911
204662
204835
204913
205296
205300
205622
205869
206442
206690
207103
207442
207981
208149
208727
209464
209478
211349
211656
212387
212862
213471
213775
213909
214556
214728
215319
215441
215647
216414
216595
217111
217521
217940
218928
219195
220035
220156
220512
221234
221610
221937
223658
223738
223751
223883
224173
224432
224543
224704
225707
225792
225807
226092
226922
228049
228868
229402
229568
231262
231274
231395
232526
232648
232675
232881
233821
234023
234290
235895
237020
237156
237555
237815
237840
239227
239780
240400
240404
240476
240679
242002
243112
243935
244685
244884
245051
245220
246077
246324
246429
246511
246883
247768
247894
248493
249377
249514
250059
251317
251348
251918
251952
252202
252935
253251
253327
253548
254177
254588
255490
255903
255999
256503
257767
258235
258498
258589
259489
259924
260119
261898
261948
262108
262316
263361
264173
264178
264308
264846
265293
266013
267171
267416
267704
267822
268472
269268
269424
269431
269462
269736
270705
271006
271891
272162
273390
273431
273726
275007
275079
275129
275775
275980
276035
276170
278037
278508
279004
280248
280389
280893
281130
281372
281575
282132
282251
282843
283134
283509
283616
283630
284030
286810
287027
287108
287260
287920
289219
290349
291723
292595
292725
292863
293257
294158
294296
294347
294507
294537
295657
295810
295888
297140
297782
297865
297967
298091
298449
298702
298742
299114
299219
299335
299683
300041
300631
301513
302039
303635
304196
304723
306101
306210
306554
307241
307504
307533
308753
309111
309567
309945
310280
310453
310581
310673
311010
311152
311330
311341
311448
311572
311760
312296
312406
313398
313672
314409
315024
315521
315582
316250
316311
316410
316958
317554
317628
317912
318806
319234
319603
321757
321942
322991
323334
323567
324168
324185
324386
326030
326837
328391
328445
329554
329644
329972
330322
330322
330568
330874
331666
333735
335850
336359
337080
337178
337555
338490
338617
338839
339236
340038
340065
340480
340840
341211
341323
341444
341605
342345
342515
343785
343967
344682
345182
345427
346119
346454
346829
347249
347625
350101
350242
350312
351693
351866
352142
352189
353041
353400
353761
354411
354497
354727
355042
356036
356176
356564
356790
357146
357464
357670
358095
358243
358656
358837
359329
360106
360169
360649
362577
362777
362924
363163
364191
364271
364482
364514
365166
365897
366393
366902
367920
369077
369154
369180
369814
369913
370889
371656
373089
375957
375978
376259
376819
377944
378517
379770
379824
379949
380075
380197
380972
380993
381336
381802
382124
382186
382320
382961
383202
383359
384036
384361
384573
384880
385546
385650
385816
385892
386314
387851
388856
389882
391855
392018
392156
392291
392350
393008
393290
393897
394170
394434
394973
395688
395821
397409
398426
398638
399406
400051
400713
401020
401418
402791
403603
404394
404679
405318
405427
405479
405601
405667
406084
408177
408240
408441
409333
409983
411005
411551
412374
412818
413717
413745
414747
414885
415316
415406
417185
418084
418378
418628
418859
418973
418995
419488
419725
420380
420414
421617
421877
422037
423033
423276
423566
423651
423842
423880
424171
424684
426295
426673
426675
428229
428393
428455
428939
428941
429009
429480
429777
429890
430038
430646
430677
431018
431361
431395
432512
434457
435002
436477
436741
437115
437125
437467
438130
438586
439060
439514
440231
440802
441224
441825
441997
442985
443286
443910
444017
444470
444518
445429
445704
446203
446578
446787
447176
447575
448055
448545
448700
449925
449935
452759
452833
453290
453333
453357
453371
453753
454142
455597
455741
456139
456249
456851
458368
458473
458695
460008
460330
460563
460697
461045
461139
461481
462044
462180
463062
464315
466022
466088
466214
466928
467118
468741
468922
469515
469689
469884
471309
472286
472383
472521
472737
472898
473859
475296
475544
475939
477269
477583
477761
478426
479472
482805
482858
483725
483860
483936
484212
484900
485277
485807
486720
486780
487494
487525
487898
490363
492483
493282
493429
493743
493835
493866
494441
494793
495545
495769
496158
496250
496388
496564
496931
497035
497662
497874
498667
498700
498967
499574