1281
1422
1635
1854
1978
2093
2140
2303
3100
3175
3429
3670
3929
4633
4749
5345
6055
6987
8088
8592
8648
9393
10066
10222
10587
12890
13316
13399
13812
14278
14650
15026
16069
17227
18284
19948
20243
20581
21101
21608
22228
23037
23128
23622
23843
24144
24893
25506
25678
27049
27516
27724
28091
28592
28800
29066
29783
30065
30271
31330
31439
31572
31856
32337
33002
33008
34669
35459
35852
35964
36269
36810
37044
38682
38783
38883
40467
41090
41255
41278
41358
41943
42132
42502
43628
44021
44065
44198
45018
46595
46609
46639
47378
48593
49764
50615
50822
52187
53352
53823
54244
54637
54664
54932
55726
56468
56622
56720
56772
56918
57498
58149
59520
61084
62280
63606
63737
65502
65575
66298
66307
66551
66639
67046
67632
68060
68773
69182
72292
72337
73017
73683
73756
74446
74493
74672
74991
75140
75711
76418
76626
77176
78498
78819
78985
79049
79078
79263
79360
79724
80408
80907
81405
81419
81906
82155
82577
82730
82751
83208
83295
83830
84403
84873
84930
85043
85416
85953
86065
86102
86206
86330
86682
86998
88292
88509
88512
90481
90498
90639
91221
91658
92457
92869
93605
94238
94309
95200
95390
95500
96501
97489
98129
98892
99600
99845
100207
100408
101046
101643
102041
102100
103288
103795
104814
105800
105937
105951
106364
106675
106913
108234
108740
108854
110243
110581
111005
111595
111816
111837
112007
112080
112952
114104
114253
115098
115099
115280
116008
116247
116333
117339
117458
117793
119042
119408
120093
120124
120727
121025
121601
125351
126079
126102
126353
126582
126816
127449
127665
127954
128154
128943
129245
129442
130202
130248
130525
130699
131693
132317
132651
133114
133418
133605
133627
133711
133803
134105
134390
135082
135191
135849
136309
137167
137193
137209
139876
140411
140433
140531
140702
140824
140845
140978
141020
141109
141290
142664
143060
143176
143922
144579
144635
144815
146079
146333
146336
146906
147507
147611
147840
148193
148576
151912
152137
152782
153061
153806
153871
154841
155900
157071
158397
159481
159644
161197
162381
162482
163211
163228
164169
165011
166472
167424
167897
168054
168387
168871
168896
168966
169406
171151
171300
171856
171978
171992
172026
172333
172564
174028
175177
175382
175917
176344
176458
176463
176730
177884
178140
178767
179039
179501
179643
179650
180080
180324
181183
181197
181364
182919
183529
183648
183928
184293
184474
185477
187027
187168
187984
188478
188663
188709
189635
190559
191335
191780
193248
193289
193478
194064
194958
195515
196747
197130
197319
198213
198840
199485
199680
199755
200491
201271
201432
201544
202144
202543
203073
203483
203693
204365
204470
205660
207180
207520
208983
209808
210314
210526
211437
211574
211772
211955
212165
213317
214675
214802
214896
215114
216639
216859
216983
217102
217576
217881
218110
218535
218831
218943
219576
220024
220114
220898
221162
222530
223295
223708
224201
224246
224327
224902
225447
225512
225873
226757
226764
227263
227978
228137
228454
228819
230208
230231
230363
230730
231024
231111
231325
231692
232257
232345
232531
232913
233034
233202
233860
235572
235880
235987
236853
237035
237139
237141
237271
238443
239064
239537
239832
241061
241610
242198
242389
242758
243343
243637
244028
245024
245626
246411
247899
248045
248658
248736
249037
250289
251956
252114
252380
253604
253673
253764
254046
254110
254174
255532
255633
255652
256881
257045
257500
258282
258365
258903
259408
261225
261839
265816
265967
266021
266812
267110
267282
267971
268190
268648
269344
269814
270500
271731
272465
273975
274066
274216
275498
275643
276090
276358
276892
277361
279176
279273
279343
279647
279721
279870
280059
280403
281087
282983
283144
283585
284351
284572
284604
284720
285838
286528
287671
288820
289458
290326
290353
291835
292300
292479
293003
293536
293812
294299
296039
298266
299585
299650
299857
300031
300107
300305
300324
300713
301829
302513
303097
303185
305214
305428
305931
307058
307367
309098
309542
310181
310237
310919
311946
312342
312983
314454
314494
314700
314713
315139
315209
315396
315670
315929
316456
316644
317527
317696
318385
318946
318987
319814
320863
321254
321507
321778
322325
322686
322814
323360
324411
324592
324749
324919
325132
326782
327921
328125
328393
329246
329603
329814
330182
331645
331983
332701
332958
332992
333435
333956
334683
335473
336250
337086
337759
337840
338031
338294
338296
338741
338927
339411
340091
341548
341583
341695
341823
342354
342428
342729
343660
344090
344111
344560
344693
346067
346195
346228
346371
347135
347371
348705
349222
349223
349314
349381
349576
349929
350325
351005
351108
351231
351528
351603
352809
354051
354371
355273
355351
356182
357152
357288
357757
357846
357991
358091
358839
358881
358885
358968
359505
359857
360192
360247
361070
361293
361570
362367
362907
362911
363348
363640
365419
365530
365664
366264
367696
368472
368505
368875
368879
369513
370300
370493
370501
370730
370888
370993
371373
371490
371944
372029
373134
373343
373843
373848
374659
375030
375855
376310
376326
376388
377397
378302
378715
379041
379299
381203
382166
382321
382426
383552
383882
384171
384420
384635
384694
384921
386108
386568
386783
388551
389210
389285
389348
389361
390401
390697
391703
392646
392728
392840
393198
393268
395742
395779
396094
396257
396745
396885
398109
398323
398326
400864
401185
401637
402226
403418
405067
405121
405507
406097
406296
406860
407655
408579
408694
408899
409196
409777
410562
411480
411579
412636
412870
412957
413118
414010
414467
414494
415016
415184
416052
416552
416875
417117
417326
417939
418343
420283
422464
422787
423078
423079
423702
423938
424778
424857
424919
425596
425677
425959
426381
426528
427444
427949
428091
428288
428315
428685
428767
429477
429583
429780
430332
430911
431057
431648
432857
433005
433376
433576
434157
434749
436089
436143
436588
437018
437167
437822
438331
438545
439369
439733
440605
441212
441313
441315
441820
442306
443552
443680
444337
444415
444651
446298
446386
446661
446783
446973
446980
447183
447904
447988
448017
448288
448843
449378
449629
449932
450515
450663
450918
451377
451443
451838
451870
451889
453584
453780
454836
454892
454946
455074
455142
455188
457010
458493
458988
459295
460542
460733
461310
461845
461974
462178
462267
462716
462928
463219
463323
463378
464023
464966
465378
466499
467127
467253
467382
467760
467815
468574
468842
469330
469421
470339
470350
470430
470499
471129
471215
471361
471740
472757
472785
473865
474060
474471
474969
474973
476003
476035
476903
476907
476951
478794
478837
479205
480199
480308
480441
480611
480983
481028
482189
482824
483718
484388
484583
484667
484693
484794
485689
485753
486145
486461
486919
486979
487707
488723
489243
489516
489683
490092
490751
491075
492328
492750
494944
495795
496562
497110
497193
497371
498446
498756
499011
499669
499736
499977