1559
2345
2519
3685
3983
4042
5436
5661
5688
5991
6196
8081
8406
8903
9152
9708
10549
10671
10908
10916
11032
12071
12248
13034
14859
14880
15011
16243
19030
19094
19185
19438
19515
19632
19758
20191
20350
20364
21084
21198
22917
23058
23448
23932
24563
25071
25746
27096
27517
27811
28835
29504
30123
30125
30355
31728
32140
32316
32460
32709
35822
35951
36265
36406
37299
37929
38083
38183
38458
38638
39044
39178
39818
40119
40351
40775
43358
43651
43712
44064
44473
47291
47798
48871
49036
49154
49884
50518
50633
50710
51056
52407
52534
52677
52820
53363
54145
55484
56513
56857
56947
56958
57064
57601
57738
58623
58900
59639
60441
60619
61126
61486
62027
62032
62055
62683
62950
63088
63341
64505
65083
65679
65948
66524
66563
66853
66910
67175
68286
68304
69433
69634
69820
69823
70196
70467
71276
71661
72272
74745
77019
77039
77174
77829
77997
78058
78121
78229
78815
79100
79494
80202
80439
80664
82417
82594
83024
83025
83426
84215
84268
84405
84525
84566
84681
87941
88481
88732
89900
90239
90253
90624
90692
91469
91763
92662
92906
93950
95808
96179
96583
97264
97637
98171
98187
98633
99022
99362
99483
99649
101442
101913
102539
103485
104683
104758
105267
105523
106096
107239
107879
107929
108038
108162
108492
109074
109491
110606
111382
113152
113648
113669
113883
113912
113958
114177
114664
114734
114922
115444
115672
115934
116675
117205
117523
118041
118154
119543
120998
121178
121309
121547
121925
122034
122120
124358
124383
124591
124801
125609
126188
126466
126968
127741
127752
127877
128104
128935
129135
129214
129251
129378
130367
130373
131242
131758
132334
133994
134176
134252
134533
134821
134917
135482
135916
136860
136876
137024
137496
137883
138187
139282
139834
140135
140533
140905
141334
142374
142446
142930
143333
144350
144421
144563
144700
144828
145119
145884
146835
147297
147539
148533
149246
149308
149834
150826
151567
151973
153751
154765
155667
156227
156321
156367
157388
158423
158789
160181
160300
160748
161141
161442
161857
164074
164154
164315
166316
166920
167368
167408
167444
167507
167995
168597
169286
169563
169858
170498
171012
171480
171505
171866
172410
172742
173191
173433
173549
173965
174041
174476
175375
175563
176049
176285
176527
176833
177203
177800
178045
178189
178572
178619
178783
178986
179076
179622
180026
180818
180896
181371
181461
181485
181880
182049
182062
182188
182265
182706
183676
183867
184244
184543
185181
185269
185353
186823
187902
187974
188568
188660
188991
189735
190047
190221
190582
191123
192511
192527
193213
193497
194332
194380
194390
194469
194769
194803
195148
195405
195513
196280
196745
197668
197754
197901
198184
199761
200092
200104
200730
200776
201420
201787
202673
203193
204191
204880
204994
205166
205456
205460
205510
205535
207672
208272
210010
210292
210452
210566
211206
213149
213879
215829
216203
216258
216339
216367
217048
217494
217533
218581
220220
221297
222353
223534
223831
223911
224907
225219
225745
226533
227307
227703
228026
229619
230826
230937
230999
231668
233355
233860
234374
234579
234920
235213
235848
236579
236784
237517
237829
237869
237936
239113
239660
239765
239977
240189
240280
240499
240579
242425
242636
243091
243235
243980
244902
244922
245033
245182
247077
247298
247536
247574
247755
247837
247873
247905
248461
249635
250245
250599
251324
251590
251730
251917
252272
252277
252320
252853
253468
253508
254512
254620
255723
255973
258092
258124
258466
258787
258975
258979
259065
261227
261294
262961
263334
263570
264122
264415
264436
265817
266548
268046
268475
269351
269976
270221
270261
270793
271387
272053
272743
273589
274480
274580
274773
275099
275209
276681
277412
279725
280002
280030
280235
280695
281393
281663
281699
281859
282381
282384
283106
283211
283800
284299
284484
285060
286220
286748
286995
286997
287482
287766
288312
288469
288904
289206
289387
289461
289482
289587
289994
291264
291294
291710
291905
291948
291974
292114
294263
294679
295610
296005
296035
296200
296207
296802
296813
297639
298562
299157
299540
299846
301763
302511
303158
303596
304347
305151
305854
306259
306605
306676
306677
307993
308267
308501
308574
309434
309453
309728
311442
312396
314041
316449
317733
317829
317966
318467
318661
318786
319775
319922
320248
320283
320940
320940
321082
321216
321970
322115
323056
323616
323910
324169
324435
324583
325502
325899
326084
326870
327481
329452
329721
330400
330751
331025
331221
332457
333054
333065
333277
333687
334185
334439
335057
335353
335409
335558
336198
336313
336377
337337
337872
338004
338379
339563
339709
340023
340812
340817
340876
340925
341595
341888
341907
343141
343333
343933
344096
345140
347226
347660
348287
348606
348686
349029
349131
349236
349847
350116
350156
351312
351491
352321
352481
353257
353463
353650
356031
356301
356356
358678
358692
359043
359128
359265
360029
360072
360592
360797
361819
362717
362954
363437
363521
363573
363954
364622
364904
365022
365392
365780
366244
366622
367171
368015
368926
369281
369467
369569
369654
370227
370666
370825
370924
371597
371825
371843
372482
372639
372758
373349
374526
375175
375188
375437
376864
377723
378279
378418
378986
379420
379587
380081
380335
380586
380674
381235
383236
383732
385981
386437
387205
388222
388768
389580
389586
389894
389953
389974
390289
390415
390704
390731
391184
391984
393122
393462
393886
394381
396162
396530
397001
397171
398053
398788
398850
399137
399576
399811
399913
400317
401023
401146
401289
401435
401490
401611
401712
401868
401959
402149
403666
404244
404589
404731
405294
405381
406412
406852
406948
407087
407348
408035
408819
409370
409975
411426
411599
411775
412117
412501
412911
413014
413066
413224
413226
413257
413642
414260
414806
415066
417413
417486
418027
418151
419409
419466
420577
420651
422141
422336
423137
423587
423816
424233
426066
426763
426996
427191
427372
427529
429144
430180
431496
433030
433208
433314
434961
435702
437099
437206
437696
438062
438124
438178
439177
439266
441772
441974
443766
444976
445210
445526
446287
446877
446979
448276
448907
450251
450887
451762
451778
453008
453060
453157
453396
453753
454327
454675
455098
455981
456253
456548
456840
458252
458510
458872
459334
459648
460314
460346
460784
461203
461484
461561
461879
461927
462522
462903
463295
463347
463389
463909
464298
464984
465217
465263
465759
466295
466532
466772
466885
467478
467595
467787
469459
470057
470242
470542
470955
471795
472025
473051
473987
474295
475345
475462
475679
477511
477660
477731
477785
478826
478898
479014
479692
480049
481195
482203
482382
482577
484534
485631
485741
486124
486540
486669
486834
487032
487064
487727
488580
488773
489881
489913
489914
490023
490461
491362
491409
492052
492639
492765
492780
493382
494141
494406
495205
495206
495332
495707
497231
497395
497420
497761
497941
499015
499291
499497