25
58
266
1564
1756
2051
2583
2678
2936
4325
4411
5930
5983
6029
6492
6536
8802
9000
9220
9414
10269
10319
10776
10891
11278
11405
11469
12565
12585
13289
13406
14402
14622
15455
16637
16811
17332
18399
19302
19339
21106
21424
21610
22828
23013
23209
23375
23475
25367
25472
25667
26104
26468
27040
27570
28012
28109
28161
28978
29039
29248
29552
30375
30705
31091
32358
32561
33103
33251
33279
33499
33781
34507
34834
35076
36097
37213
37536
37670
37996
38286
38354
38619
39490
41652
41662
42525
43293
43396
43955
44132
44136
44453
46266
46390
46795
47753
47847
47866
48035
48234
49037
49044
49096
49140
50911
51116
51434
51742
52185
53264
53440
54259
55061
55071
55845
57410
57570
57797
58097
58435
59099
59426
59582
60160
61051
62544
62584
62738
63159
63242
64820
65014
65073
65358
65476
65539
65578
65592
65887
66817
67833
68081
68175
69100
72701
73268
73950
74565
74586
76792
77422
78738
80239
80962
82090
82098
83070
83174
83413
83713
84538
84825
84895
84932
85651
86290
86369
86790
87054
87238
87953
88196
88522
88585
89145
89978
90708
91234
91349
91496
91722
91990
92929
94126
94138
95726
96616
97813
98872
100239
100492
100551
100634
100727
101255
101327
101703
102350
102484
102771
103834
104328
104410
104762
105524
106414
106502
107453
108002
108037
108503
108868
109229
109812
109917
109969
110398
110643
110816
112197
112788
113933
114010
114181
115742
115792
115845
115979
117320
117389
117981
118584
118752
119683
119999
120337
121194
121697
122172
122261
122397
122501
122590
122615
123101
123630
124113
124196
124296
124906
125150
125319
126353
127776
128383
128850
129372
129392
129492
129640
130001
131113
132420
132525
132561
133042
134223
134265
134726
134965
135139
135170
136039
136392
137296
137578
137862
138043
138224
138248
138308
138505
139185
139258
139334
139632
139794
140515
140659
141033
141727
142108
142120
142645
142922
144095
144420
144701
144790
145952
146618
147309
147802
147875
148192
148304
148691
149449
149527
149611
149832
149832
150144
150348
151701
152504
152702
153105
153586
153687
154169
154560
154884
156085
156115
156141
156559
156916
157930
158140
158228
158712
159368
160146
160886
161605
161643
161746
162353
163538
163754
164422
165403
165582
165674
166237
166356
167779
168019
168590
168610
168810
169129
169408
170609
173670
173798
174048
175059
175607
176810
177435
178089
178446
178883
178979
180598
180964
181825
181880
182014
182393
182404
183008
183911
184525
185523
185765
186176
186693
186818
186995
187533
187775
187807
187990
188281
188414
189022
189704
189759
190616
190700
191754
192000
193053
193543
194432
195285
195885
195989
196073
197301
198508
198570
199082
199231
200230
201904
202041
202686
202793
203414
204327
206134
206630
206962
207079
207124
207715
208169
208288
208379
208870
208900
210595
211170
211177
211238
211401
211975
212247
212580
212791
213224
213700
214205
214749
215065
216329
216654
216750
216777
217223
217400
217453
217697
217703
218617
219344
219956
220190
220571
221110
221448
222127
222627
222942
223525
223841
224500
224656
225653
225730
226479
226727
227024
227178
227481
227859
228604
228808
229131
229135
229160
229590
229891
231123
233836
235128
235318
235373
236683
237254
237360
237831
238320
238482
238950
240374
240390
240529
241214
241387
241434
242551
242982
243273
243280
243615
244176
244270
244505
244610
245417
246341
247033
247230
247432
247438
247744
247894
248103
248182
248810
248939
249623
251667
252406
252433
252504
252552
253583
253793
256330
256674
256850
257149
257254
257660
258658
259476
259861
260174
260200
260470
261201
261382
261844
262192
262956
263448
263727
264330
264889
265305
265687
265727
265786
267286
267698
268331
269051
269216
269737
270050
271193
271880
271891
271994
273330
273575
273802
274276
274488
274641
275577
275672
276719
276827
276959
278184
278707
278841
279382
280492
280991
281088
282156
282429
283422
283505
284345
284708
285413
285912
286030
286649
286680
287031
287203
287655
287715
287942
288550
289211
290741
290768
291816
291841
292123
292260
292335
292706
293554
293597
293682
294762
295246
295970
296077
296508
297161
297812
298095
298539
300412
300674
300718
301392
301778
302807
302986
304725
304731
304970
305121
305532
306694
307255
308381
308595
308811
309346
309491
310279
310801
312097
312909
313585
313666
313915
314133
314358
314462
315419
315670
315932
316373
316395
316665
316788
316808
317015
317074
317343
317629
319927
320132
320219
320768
321169
321646
321681
322044
323582
323724
324225
324377
326178
327291
327554
328140
328670
328952
329077
329238
329544
329558
329672
329890
329933
330338
331394
332025
332076
332353
332882
333010
333182
333720
336840
337122
338682
339573
340209
340503
340548
341415
342070
342449
343447
344123
344450
344593
344753
345425
346872
347166
347560
349270
350096
351167
351167
352114
352470
352687
354708
354717
354718
355960
355988
357807
359424
359449
359482
359764
360279
360453
361219
361848
361905
364345
364367
365725
365765
366027
366569
366687
366812
367206
368009
370176
370486
370776
371020
371447
371620
371785
371884
372665
373172
373687
373861
373889
373935
376571
376779
377664
378009
378077
378638
379139
379476
379797
379928
381293
381382
381449
381904
382008
382101
383004
383361
383412
384714
384882
385081
385312
385344
386139
386139
386179
386328
386784
387081
387361
387479
388686
390572
390953
392804
394424
395011
395075
395355
395705
396135
396418
396631
397032
398201
398514
399336
399429
399518
399808
399818
400056
400121
400482
400683
400794
401119
403161
403991
404320
404413
404667
405034
405044
405337
405914
407562
407631
408803
409883
410054
411238
411407
412568
412690
413743
414917
415120
416289
416829
417029
417799
417878
418248
418425
418542
420114
420430
421724
422857
423288
423439
423525
424157
424574
425274
425949
427427
427848
428082
429250
429481
429552
430345
431075
433703
433741
434501
434816
434878
434931
435713
435893
435895
436264
436372
436712
436938
437356
437651
438246
438326
438474
438593
438724
438741
439818
440171
440386
440433
440867
441342
442435
442892
443200
443945
445382
446250
446751
448291
448424
448587
448934
449441
449986
450059
450318
450330
450883
450913
452134
452842
453505
453672
454534
454605
455545
456416
456625
456766
457047
457520
458140
458662
459171
459806
460009
460314
460440
460908
461139
461904
462618
462810
463111
463424
464993
465365
466359
466959
467109
467184
469999
470205
470471
470589
470711
471315
471678
472406
472491
473441
473612
475037
476277
476401
476624
479016
479505
479843
481071
481838
482341
482506
482645
483162
483269
484960
486757
487964
488229
488871
489153
489274
490579
491651
491808
492295
492484
492666
492705
492756
493062
493174
493952
495227
495461
495770
495944
496145
496424
496604
496615
496674
497167
497661
497883
497892
497899
498092
499251
499455