368
1278
1389
1537
1624
1904
2125
2309
3204
4917
5100
5166
6838
8174
8233
8418
9063
9525
9919
10223
10416
11026
11131
11689
12843
13063
14110
14152
14499
14942
14989
15179
15544
16020
16317
16755
16887
16965
17063
17149
17428
18310
19676
20546
22074
22306
22525
22737
23151
23211
23701
24148
25687
26468
26704
27583
27595
27632
28153
28175
28258
28386
30476
31049
31671
32208
32997
33046
33310
34194
35971
36915
36942
36997
37193
37528
37786
38212
38853
39335
40920
41069
41466
42187
42654
42785
43712
43789
44068
44497
44518
44693
45144
45170
45429
45725
46270
46779
46823
47146
47545
47935
49302
50578
50693
50850
50993
51417
51714
52407
53015
53127
53196
53403
53409
53781
54474
54590
55021
56778
57560
57617
57843
58013
59188
59274
59278
61287
61963
62020
62198
62510
62573
62778
62924
63251
63420
63547
64287
65288
65675
65862
66221
67285
68106
68338
68425
68496
69027
70434
71501
71937
72595
73225
73583
74712
74717
74933
76078
76307
76348
76954
77333
78335
78363
78630
78891
79066
79090
80018
80050
81624
82919
82950
83791
83892
84308
85157
85200
85294
85495
85836
86364
86671
86719
87021
87172
88302
89043
89889
90947
91101
92385
93107
94052
94188
95096
95453
95648
96408
96813
97363
97581
97637
98813
99322
100033
100238
100366
100728
101562
102486
102997
103322
104649
104805
105003
105283
105489
105809
106329
106349
107149
107986
108147
108931
109026
109323
109928
110656
110743
111339
111392
112528
113924
115094
115778
116108
116373
116433
117163
117668
118223
118353
118510
118609
118848
120076
121657
122343
122584
122915
123808
124105
124246
124465
124634
125565
125923
126216
127892
128175
128829
129030
130455
130473
130736
131390
131437
131568
132224
133428
135179
135778
135780
135827
136641
136851
136905
137190
137743
138020
138054
138262
138699
139024
139452
140188
141218
141325
142334
142786
143900
144165
144749
144847
145182
146268
146396
146405
146817
146857
147251
147285
147291
147487
147905
148338
148593
149225
149344
150174
150234
152892
152928
153979
154507
155053
155695
156069
156503
157750
157875
158262
158496
159930
160635
161037
161779
161880
162526
162641
162668
163391
163625
164054
164123
164735
164815
165593
165998
166680
166862
167703
167885
168322
169027
170180
170298
170342
170754
170893
170922
171348
173799
174424
174934
175891
178730
179170
179427
179568
181069
181191
181379
181727
182412
183001
183590
184636
186882
186929
186940
187062
187339
187944
190425
190982
191661
191724
191819
192115
192442
192480
192521
192661
193156
194504
195101
195415
195690
196626
196703
196729
196744
197000
198559
201061
201231
201496
201684
201939
201981
202194
202277
203149
203915
204135
204344
204875
204876
206091
206525
207078
207367
207896
208119
209250
209342
209403
209439
209736
209820
211018
212933
213486
213584
213603
214221
214367
214896
215616
215761
216863
219607
219853
220213
220668
221080
221514
222466
223036
223802
223803
225161
225284
226052
226996
228150
228188
228300
228459
228718
228943
229198
230259
230934
232567
233123
236222
237029
237709
238778
238940
238993
239021
239054
240149
240225
240324
240500
241310
241720
242122
242496
243196
243367
243958
244491
246352
247236
247950
248523
248935
249016
250490
250571
250764
251354
251408
251862
252751
252874
253064
253759
255088
255456
255864
255970
256735
257614
257814
258428
258508
259677
260086
260330
260553
260640
260782
260833
260843
261141
261148
262403
264178
264779
265141
265394
266221
266226
266335
266373
266948
267033
267534
268039
268104
268552
268780
268886
269678
269848
270294
270815
270937
271120
271537
271710
271843
272023
273060
273123
273496
274978
275050
275517
276191
277292
277515
278129
278581
279719
281360
281686
282166
282184
282332
282701
282764
282807
283696
283767
285373
285526
285694
285775
286008
286196
288391
289628
289888
290129
290533
290568
290594
290933
291068
291645
291775
292003
292051
292132
292510
292846
292880
293435
293701
293749
294274
294812
294819
295119
295732
295788
295891
296123
296518
296528
298275
298610
299416
299422
299885
300721
300916
300917
301117
303344
304196
304483
304516
304594
304700
305201
306904
306913
307051
307071
307198
308271
308313
308438
308438
308639
309414
309518
309629
310901
312749
313027
313592
313608
313817
314268
314545
314997
315062
315775
315922
316105
318714
318907
319211
319278
319983
320835
321535
321755
323093
323215
325927
326221
326231
326315
326442
326685
326865
327184
327746
327767
327899
328001
328311
328760
329554
330206
330800
332682
334090
334207
334754
334993
335111
335886
336507
336818
337328
337988
338430
338470
338549
339242
339324
339806
340183
340763
341153
341380
341663
342283
342619
343138
343209
343949
344802
345677
346292
346685
347190
347312
347542
348155
348325
349035
349182
349864
350773
350960
351383
351509
351515
351575
351687
353973
354031
354350
356184
356415
356789
357338
358747
358816
359059
359116
359298
359359
359375
360810
361334
361422
362426
362873
362934
364437
364571
365137
365372
366490
366841
367002
367166
367508
367565
368376
368391
368470
368915
369235
369399
369603
369612
370689
370707
371081
371262
371277
374284
374430
374792
375870
375916
375930
376916
376984
377563
378388
378598
379346
379348
380577
380768
382747
383239
385118
385226
385540
387380
388370
389765
389813
390049
390054
390936
390974
391179
391498
391819
392356
392701
392968
393087
393296
393340
393594
394464
394654
394814
395171
395302
395782
396395
396468
396701
397150
397309
398802
399223
399544
399667
400065
400399
400931
401382
401617
403044
403423
403653
403692
403794
405477
405903
406214
406888
406934
406964
407834
408730
408755
409444
409929
409948
410495
410934
411212
411351
411433
411626
412929
413185
413961
414632
415110
416376
416600
416718
416917
417040
417408
418385
419819
419881
420675
420679
420790
420837
421397
421853
422824
423640
424954
425327
425756
425873
426009
426344
427731
428722
428773
428986
429534
429671
429760
429934
430051
430670
431328
432094
433648
433692
434422
434553
435497
435590
435700
435801
436186
436366
436539
436665
439569
439698
439865
440078
440323
441141
441150
441528
442060
442293
443039
443114
443390
444605
445016
447304
447516
447978
448238
449158
449922
452287
452479
452737
453128
453816
454954
455199
455469
455690
455778
456043
456161
457033
457265
457899
458023
458180
458666
458795
460006
460279
460488
460546
461139
461725
461973
462678
462703
463776
463960
465376
466213
466952
467361
467968
468233
469490
469578
470438
471649
472113
472251
472762
473585
473809
475292
475594
476369
476712
476830
477220
477328
478539
478801
479064
479221
480918
482551
483014
483033
483062
486041
486403
487000
487641
487881
488383
488505
489037
489218
489771
490041
490161
490305
490464
491072
491564
491835
491851
492259
492929
493281
494284
495989
496245
496722
497566
498396
498809