306
451
854
1308
1402
1452
2833
3738
3906
4092
4172
4371
5498
6401
7805
7948
7960
8771
9250
9840
9942
10658
11080
11099
12018
13337
13382
14503
14692
16681
16780
16897
17053
17171
17189
17204
18285
18968
19505
19539
20041
21373
21418
21740
22019
23308
23490
23787
24946
25187
25939
26485
26523
26934
27644
27884
27924
29002
29266
29760
30242
30706
31398
31534
32553
33184
33270
33351
33609
34934
35141
36164
36928
36978
37327
37395
37807
37962
38325
39381
39553
39642
40044
40134
40298
42016
42721
43148
44150
44666
44821
45141
45152
45322
46446
46963
46970
47843
48258
48561
48628
48867
49034
49042
49093
49864
50635
51332
52245
52844
54424
54820
54831
56448
56516
56579
57926
58959
59717
59846
61798
62108
62138
62337
62361
63778
64803
65921
66522
66539
67564
67958
67972
68600
69350
69497
69740
74001
74458
74481
75610
76040
76494
76591
76762
77107
77141
77766
77958
78258
78649
79107
79210
79424
79453
79526
79943
80559
80760
80989
81062
81539
81566
82041
82729
82807
84101
84148
84352
84665
85615
85810
85873
86033
86531
87241
87827
88408
88592
88933
90071
90434
91753
93708
94156
96195
96442
96510
98481
98871
100000
101212
102546
102924
105064
105094
105527
106568
106770
108945
109388
109418
109680
110082
111057
112041
112282
112511
112839
114075
114308
114732
114991
115348
116105
116934
117377
117937
121705
122618
123171
124172
124500
124572
125102
125166
127089
127243
127890
129965
130065
130214
130687
131380
132231
133076
133858
134430
135215
136203
136619
137217
137244
137620
138864
141086
141133
141682
141689
142302
144183
145332
145799
146687
146757
147276
147514
148528
148635
149431
149641
149968
151118
151201
151294
151351
151416
152515
152674
153856
154375
155609
156756
158238
158320
158417
160786
160985
161314
161335
161338
161802
162179
162306
162764
163229
164339
165815
166218
166344
166751
167233
167407
167785
168614
169177
169942
170214
171225
171440
172223
172440
172550
173746
173918
174412
175385
175663
175784
176151
177043
177152
177301
177660
177780
178942
179763
180318
181552
181670
181686
182312
183568
184127
184665
184952
185127
186020
186767
187182
187346
187885
188554
188879
189540
189883
190080
190570
190783
191044
192001
192324
192383
193062
193231
194480
195496
195648
195866
196261
196274
196581
196731
197215
197609
198905
199274
199322
199435
199622
200369
202700
203222
203315
203834
204853
205141
206406
206960
207179
208071
208577
208755
208872
209068
210052
210570
211588
212018
212049
212053
212378
212570
212949
213237
213330
213853
213961
214004
214053
214084
214615
214982
215244
215254
215672
216159
216256
216432
217822
217969
218338
218662
218784
218841
219821
221132
221611
222067
222085
222336
223971
224125
224255
225084
225387
225404
226573
226601
227015
227020
227251
227456
227471
228035
228552
229209
229538
229739
230751
231117
231283
231528
231739
231884
231915
231915
231964
232061
232187
232891
232986
233024
234551
235053
235719
236109
236343
236466
236887
236956
237044
238249
238827
238946
240071
240313
240727
241019
241498
242231
242278
242478
243311
243823
245219
246420
247187
247247
248120
248223
248625
248812
248826
249113
250002
250773
250891
251285
251448
252214
252280
252873
253600
254007
254278
254382
254717
255183
255927
256086
256605
257260
258011
258063
258819
259352
259525
261530
261723
262199
262199
262425
262550
262592
262792
263103
263811
263906
264177
264470
264501
264780
264839
264899
264926
265522
265815
266187
266220
266317
266769
266995
267618
267845
267863
268084
268813
269779
269850
270038
270048
270245
270445
271341
272261
272541
273401
273481
274597
274853
274911
275033
275397
275820
275974
276249
276654
276714
276781
276821
277387
278099
278299
279141
279636
280680
281740
281915
282627
283187
283547
284385
284539
285929
287406
287461
288271
288487
290424
291137
292532
293117
294868
295810
296123
296496
296922
297167
298017
298142
299123
299378
299565
299810
299888
300002
300007
300110
300189
300716
301785
302071
302354
302392
302471
302922
302993
303066
303077
303739
304708
305333
305745
306206
306236
307329
307411
308843
309195
309246
310503
311060
311070
311301
311851
312068
312106
312131
312306
312376
312981
313109
313269
314219
314625
314765
315098
316224
316923
317154
317522
317537
317716
318259
319686
319856
321204
321858
322345
322774
324372
324733
324856
325202
325473
325589
325851
325851
326023
326804
327608
327985
328377
329135
329147
329280
330144
331030
331337
331350
331905
332355
333034
333372
333397
333739
334003
334234
334893
334913
335019
336171
336340
336392
337710
337806
338735
338895
339370
340192
340333
341234
341289
341456
342118
342255
342661
342711
343167
343314
343955
344429
344505
345268
345758
346251
346501
346799
346918
347028
347148
347257
348683
348930
348976
349208
350499
350603
351493
351636
353350
355089
355341
355843
356719
357071
357297
357709
358529
358773
360404
360749
361006
361185
361509
361854
362132
362352
362578
363208
363680
364430
364894
364917
365073
365317
366657
366682
367275
367329
367831
367837
368629
369576
370145
370456
370807
371165
371928
372847
373207
373395
373668
373705
374010
374090
375607
376699
377926
378378
379904
380241
380292
380432
380928
381682
381832
382264
382365
383120
383122
384782
384809
385582
386107
386964
386972
387248
387372
387499
389660
390346
391158
391854
392228
392267
393785
394039
395301
396752
397009
397804
398101
398636
399465
399573
400870
400884
401267
401538
403048
403389
403815
404146
404772
405228
405630
405798
406927
408466
409807
410335
411038
412394
412497
413496
414256
415328
415562
415638
415830
416112
416678
416883
417542
418089
418101
418384
419414
419947
420145
420487
420647
421733
422260
422356
422908
423119
423457
424764
426423
427324
427565
427899
428415
429897
430024
430071
430123
430231
430786
431133
431769
431859
432278
432709
432846
433634
433713
434271
435056
436670
437365
438429
439182
439328
439454
439600
440851
440939
441065
441091
441401
441797
442613
442940
443123
443135
444316
444664
445476
445755
445826
446159
446880
446985
447305
447986
448135
448431
448843
449748
449766
450041
450348
450463
450576
450884
450979
452046
452988
453357
454282
454387
455392
455682
456071
456100
457056
457947
458362
459457
459980
460659
461373
461529
462928
463119
463757
463995
464523
464930
464948
465199
465315
465783
465847
466924
466944
467227
467919
468733
469975
470871
471228
471260
471306
471751
471906
473492
473615
473963
474285
475801
476358
476382
477503
477909
478577
478898
479428
479971
480214
481901
482552
482590
483289
483355
483466
483956
483990
484158
484207
485756
485779
485820
486230
486795
487251
488365
488427
488664
488726
488884
489293
490708
491055
491862
492170
493892
494487
494650
494923
495012
495636
496074
496312
496760
496890
497039
497342
497544
497855
498243
498414
498976
499251
499374
499407