0
435
1511
1564
2214
2249
4308
4336
4634
4635
4990
5796
7401
8660
8927
9460
9509
10926
11032
11344
11631
12417
13202
15630
17251
17520
17890
18376
18647
18762
19189
19648
20506
21229
21399
24311
24317
24411
24667
25169
25915
26636
27547
27928
28638
29460
29696
29754
29918
30199
31482
31544
31625
31721
31742
31763
32041
33146
34551
34552
34878
35086
36032
36626
37111
37499
38139
38926
39020
39815
40094
41277
41804
41918
42428
43457
44018
46172
46236
47454
47817
48496
48538
48638
50520
51183
51382
51688
51711
52288
53930
54325
55256
57583
57600
57907
58043
58304
58403
59929
60175
60347
61780
62377
63600
64484
64652
64671
64710
65374
65441
66572
66973
67318
67516
67883
67962
68012
68122
68212
68599
68671
68992
69207
69702
72583
72876
73074
74498
75672
76270
76711
77531
78191
78296
79141
79449
80280
80537
80653
81084
81162
81400
81543
81665
81676
82026
82415
82500
82861
83399
83993
84479
84721
86230
86387
87614
88023
88162
88587
88971
90378
90558
91127
91162
91429
91453
91640
91958
92480
92592
93393
93418
94220
94701
95198
95451
95773
95854
95898
96264
96303
97135
97205
97558
98380
98392
99563
99636
100925
101088
101251
101302
102887
102897
103295
103319
104218
104560
104926
106859
107304
107516
108020
108237
108404
109653
110304
110752
111127
112194
112628
112659
113873
114618
114889
114937
115527
116100
116420
116639
117006
118734
118857
119625
120151
120176
120392
120498
120892
120930
121032
121503
122324
123102
123423
124469
125215
125471
125870
126063
126488
126692
126699
126858
127861
128348
128585
129975
130069
130093
130764
130818
130823
131143
131312
132202
132238
132257
132770
132774
133194
133367
134152
134235
134539
134692
134702
135540
135589
135804
137105
137611
137904
138267
138389
138827
139047
139991
140275
140696
140893
141187
141763
141935
142224
142730
143022
143657
144090
144387
145040
145144
145344
146038
146387
148169
148289
148441
149076
149284
149633
149903
150079
150611
150842
150888
151599
151881
152942
153182
153237
153839
154554
154719
156003
156141
156345
157444
158044
158906
159284
159976
160817
161291
161961
162162
162629
162865
162938
163159
163274
163450
163646
163706
164428
165126
165665
165914
166592
167068
167391
167554
169091
171482
172609
172843
173015
173500
174071
174676
174681
175997
176363
176774
176813
179141
179705
180823
180879
180919
181265
181631
181887
182481
182940
183127
183910
183982
184390
185655
187163
187759
188215
191498
191841
192724
193003
193292
193444
193486
194054
194251
194547
194591
194618
194705
195365
195632
196150
196170
196191
198078
198692
199360
199386
199886
201387
201531
202166
202282
202541
202664
203854
204373
205185
205303
205649
205658
206184
207577
208382
208921
209043
210202
210342
210451
210804
212110
212992
213076
213674
214542
214564
214925
215213
216506
216879
218480
219034
219707
219997
220628
221315
221321
221948
223098
224083
224590
225470
226566
227055
227590
228154
228925
228988
229819
231517
231548
233221
233352
233485
234229
234326
235377
235466
235638
236343
236550
237116
237674
237741
238405
239630
239764
241291
241350
241498
241929
242028
242912
243254
243656
244755
245152
245165
245246
245259
245598
246254
246316
247292
247758
248937
249470
249759
250663
250729
250825
251210
251262
251343
251424
251858
252992
253034
253359
254175
254897
255028
255157
255923
256114
256493
257116
257730
258817
258839
259302
259341
259859
260776
261791
262601
263270
263728
264016
264378
264573
264615
265897
265995
266191
266974
267046
268254
268961
268968
269550
270003
270727
270851
271199
271567
271730
272378
272736
272755
272870
272902
273619
274183
275024
275482
276552
276628
276921
277597
277771
278971
279371
279927
280607
280951
280955
281311
282310
283494
283675
284178
286045
286348
286426
286942
288488
289453
289607
289783
289909
290071
290292
290489
291553
293098
293624
294281
295154
295488
295815
296214
297480
297799
299101
300052
300715
300909
301017
301027
301233
301805
301914
302107
302312
302424
303492
303574
304525
305060
305183
305702
305832
306911
307762
307976
307994
309098
309769
310151
310821
311655
311997
312402
312844
313160
313255
313382
314556
314662
314809
314840
314911
316179
316249
316696
316883
316901
318745
319091
319110
319124
320992
321087
321565
322070
322985
323529
323669
324194
324774
324810
324925
324946
326500
326710
326778
327125
327845
328022
328205
328268
328286
328527
329180
329795
330679
330886
331584
331772
331860
332559
332662
333244
333251
333486
333583
333660
333680
334170
334217
335453
335878
336115
337642
337711
338414
339017
339029
339042
339704
340613
341627
343911
343977
344145
344324
344361
344586
345545
345991
347867
349225
349265
349353
349699
350055
350124
350209
351725
351959
352507
352783
352855
355286
355461
355962
356231
357289
359061
359902
360800
361432
361724
362193
362461
362681
362854
363171
363494
363635
363876
363944
364207
364531
365159
365703
365901
367593
368974
369387
370233
370472
371047
371505
373046
373177
373554
373832
373833
374246
375074
375212
375483
375580
375646
375932
378916
379747
380186
380580
380607
381442
382073
382534
382981
383371
384061
384594
384631
385075
385832
385909
386120
386303
386402
386602
386900
386998
387664
387773
388020
388105
388176
388418
389294
389856
390057
390377
390768
390811
390867
391157
391530
391684
391825
392259
393213
393424
393482
393643
394266
394487
394645
397427
397728
398027
398075
398962
399454
400138
400347
401206
401336
401730
402053
402572
403654
403857
405136
405254
405267
405302
405626
407094
407216
407560
407933
408815
410211
410788
411050
411101
411564
411672
412547
413544
413596
413989
415860
416178
416341
417119
417389
417818
418199
418541
419766
420100
420483
420555
420760
420836
420903
421556
421989
422199
422836
423226
423736
425214
426212
428044
428730
429231
429281
429944
430589
432152
432863
434757
435099
435896
436058
436890
437253
437805
437945
438522
438676
439301
439327
439596
440074
440920
441194
441968
441978
442789
442921
443151
443227
443946
444302
445376
445529
445774
445953
446154
446540
447254
447671
448430
448624
448802
449003
449740
450172
450215
450537
450885
451110
451399
452791
453462
453732
453943
454930
455288
457013
457900
458402
458434
458554
459341
460057
460184
460233
460403
461426
461812
462573
463452
463850
464108
464224
464594
464608
465162
465397
465663
465977
467572
467712
468120
468411
468584
468787
469901
470461
470608
470698
471174
471459
472528
472933
473009
473072
473299
473423
475857
476116
476230
476474
476989
477413
477640
479939
480975
481296
481386
483028
483047
483647
484056
484342
484537
484979
485065
485352
485625
485902
485903
486740
486770
487388
488481
488628
489231
489706
490472
490665
490916
491050
492218
492572
493032
493277
493911
494818
495405
495532
495559
495936
496056
496167
496412
496648
497282
497914
497971
498154