489
1363
1895
2144
2349
2351
2996
3145
3460
3795
4046
4391
5887
6455
7172
7434
7761
8355
9134
9600
9798
9811
10685
11074
12022
12703
12768
12950
13473
13724
13923
15134
15681
16084
16614
16643
16972
18394
19286
19470
19549
20812
21329
21508
22222
22428
22951
23324
24628
24683
25256
25314
25880
26291
27373
27566
28505
28697
29288
29590
29888
30345
30405
30600
31956
32165
32353
33207
33219
34470
34526
35379
35811
36111
36259
36553
36833
37972
38159
38355
38831
38975
39019
41009
41719
41783
42360
42492
42956
42983
43799
45696
45754
46590
46834
46868
47145
47366
47701
47871
48008
48024
48419
48894
49408
50553
50758
50908
50967
51536
51790
52257
52418
52685
52686
53086
53684
54367
54537
55297
55429
55875
56936
57492
59273
59273
60271
61424
61560
62496
62564
62918
63371
64486
64595
66081
66348
68622
69297
70046
70098
70426
70486
70605
70703
70907
71027
71028
73050
73781
74449
74737
74743
75360
75448
76150
76298
76777
77676
78044
78953
79213
79271
79537
79843
80470
80544
81054
81148
81197
81654
82125
82181
83015
83222
83680
83733
84023
84266
85015
85405
85602
86288
87490
87506
88136
88792
89117
89304
90796
92735
92865
94653
94894
96895
97280
97491
97688
98549
98735
98899
99700
100424
100526
100676
101022
101565
101571
101577
102037
102621
102716
103311
103997
104227
104247
104314
104375
104939
105099
105680
105898
105962
106582
107653
108193
108455
108674
109261
109523
109982
110134
110724
111667
113451
113457
113896
114007
114528
114738
115126
115552
117294
117544
117771
118507
119016
119273
119633
120554
120775
121473
121498
122285
122712
123230
123356
123405
124853
125629
126540
126558
127268
127391
127402
127578
129267
130045
131062
131357
132281
132976
133092
133293
133552
134195
134234
134425
135361
135554
135612
136045
136716
136957
137031
137123
137125
138072
138404
138410
138491
140221
141533
141951
142087
142347
142443
142522
143795
144052
145123
145136
145280
145319
145864
146426
147782
148032
148351
148742
149410
149995
150497
151290
151536
152317
152502
153274
153463
153590
153971
154022
156845
158028
158227
158393
159709
159765
160000
162839
163364
163375
163418
163516
163788
163997
164540
165299
166132
166247
166374
166895
167793
168088
168667
169222
169572
169675
169722
169751
170116
171245
172500
176002
176214
177507
177550
177986
178183
178618
179048
179064
179334
179796
180826
181156
181636
181702
181951
182492
182561
182595
183238
183422
183485
183771
183772
184220
184592
184669
184818
185605
185723
185803
185821
186639
188211
188977
189088
189101
189145
189441
189515
189777
190026
190158
190495
193574
193988
194364
195247
195469
196222
196389
197394
197673
197788
200074
200218
200294
200961
201394
202264
202320
203296
204723
205393
205501
206256
207085
207450
207504
208074
208957
209637
210461
211374
211536
211646
211809
212030
212062
212337
212930
212963
215712
215953
216447
217920
218540
218587
218875
219203
219805
220472
220643
221060
222194
222410
222891
223170
225377
225925
226757
227215
227246
227293
227548
229236
229820
230175
230704
230933
231140
231160
231670
231921
232012
233596
233914
234073
234138
234293
235301
235538
236244
236281
236719
236751
237019
237839
237977
238447
238836
239459
239588
239759
239789
240172
240290
241133
241518
242853
243537
243570
244253
244651
244662
245146
245943
246898
246913
248015
248803
249129
250583
251096
251172
252533
252572
252746
253018
253638
253883
253921
254148
254744
255003
255687
255951
256568
256920
257212
257900
258812
259564
259782
259888
260151
260210
261314
261598
262273
262747
263494
263916
264137
264406
265618
265949
267527
268254
268791
268844
269062
270048
270128
270728
270769
271232
271737
272038
273230
273765
274105
274235
274948
275116
275792
276506
276507
276574
276879
277139
278206
278709
278926
279154
281222
281249
282451
282935
283201
283303
283770
284605
285018
285189
285257
285288
285548
285775
287131
287146
287659
287971
289506
289614
290813
292197
293968
294344
295128
295551
296785
297461
297860
297906
298122
299331
301111
302128
302842
303476
304001
304356
304418
304614
304634
304697
305354
305690
306281
306532
306846
307587
308017
308842
309128
310260
310658
310661
310924
312590
312678
312956
312992
313841
313892
314046
314971
315824
315995
317584
317588
317624
319654
320462
320546
320745
321707
321911
322016
322670
322704
323423
324067
324759
324985
325212
325562
325729
326868
326986
328301
328489
328562
329205
329739
329891
330539
330858
331186
331574
332027
332201
333232
333508
333581
334712
334795
336192
336868
337006
337076
337118
338175
338739
339165
339298
339756
340507
341618
341721
341842
342272
343088
343358
343577
343665
344045
344222
344486
344531
345625
345814
346545
347217
347924
348674
349595
349609
352044
352458
352499
353373
353404
353825
354678
354941
355320
355364
355605
358133
358297
358482
358487
358896
358909
359056
359550
361215
361405
361744
362099
362237
363110
363527
363910
364391
364457
364851
365625
365668
366365
367043
367837
368095
368273
368407
368569
368776
368918
369108
370223
370837
370865
371103
371191
371213
372184
372195
372449
373386
373457
374470
374550
374867
374903
376473
376793
377017
377019
377064
378009
378671
379761
380658
381724
381849
381861
382126
382309
382310
383636
383671
384145
384265
384803
385231
386046
387977
389709
390686
390820
390980
391435
392745
392746
392779
393779
393923
394251
394395
394648
395170
395571
396303
396337
398034
398124
398627
399350
399549
399921
400139
400683
401615
402072
402210
404079
404164
404304
404878
405429
405962
406154
406433
407357
408519
408621
409548
410175
410527
410610
410623
410755
411231
411293
411370
411757
411920
412127
413163
413708
413965
414504
414863
415281
415297
415816
416014
416524
416645
416667
416786
417047
417620
418053
418867
419396
419485
419601
420205
422074
422997
423541
423821
423884
424832
425937
426940
427019
427845
428304
428664
429330
429405
429763
431327
432257
433216
433566
433599
433823
433903
433958
434028
434944
435518
435980
435993
437607
438614
438902
440354
440585
441026
442183
442402
442554
442613
443048
443164
444758
445294
445341
445782
446233
446710
447048
447102
447120
448107
448478
448614
448657
449170
449312
449711
450171
450364
451191
451917
452364
452369
453155
454958
455219
455371
455539
455659
456148
456557
457034
457322
458229
459065
459714
460284
460427
460782
460800
460894
461344
463072
464167
464301
464986
465259
466418
467563
467614
467722
469691
470002
470121
471071
471356
471634
473026
473075
473106
473794
474175
474585
475745
476204
476277
478589
478609
479108
479379
480386
481567
481972
482822
483071
483152
483332
483823
484754
485467
485622
485678
486316
487003
487552
487774
488481
488493
489272
489988
490065
490158
490273
490362
490914
491005
492163
493647
494147
494748
494773
495640
497751
498241
498373
498576
499676