85
217
2756
2835
2964
2987
3256
3534
4117
5138
5562
5749
6301
7423
7640
7750
8161
8513
8858
9247
10165
10462
11637
11648
11782
12032
12791
13042
13833
15097
15459
15732
15874
16175
16352
17179
17598
17871
18399
19014
21789
21888
22043
22082
22090
23303
23730
23892
24687
24778
24981
25199
25252
25895
26113
26248
26372
27294
27439
27562
27597
28139
29100
29224
29430
29597
30279
30368
30743
31004
32173
33624
34153
34767
36314
36810
36878
38897
39747
39870
39872
40148
41447
41967
42492
43292
43553
43724
44372
45373
45717
45898
46517
46661
47256
48297
48323
48426
48451
49183
49401
49709
50594
50861
51107
51382
51578
51680
52427
53061
53125
53200
54511
54901
55192
55259
55378
55660
55800
56584
56656
57054
57421
57899
58322
58402
58872
59038
59358
59466
59625
59629
61123
61361
62542
62620
63359
64770
65266
65470
68053
69239
69386
69741
70423
70657
71095
71788
71849
72688
72802
72950
73208
73710
74305
74372
74536
74829
75756
78186
78464
78477
78719
78915
79035
79267
79997
80838
82884
84079
85056
85503
85929
86648
87687
88238
88416
88980
89657
89722
89825
89988
90822
91248
91726
92430
92546
93185
93219
93328
93647
93894
94457
94670
95864
96096
96446
97465
97768
98290
98635
98759
99875
99902
101649
101707
102630
103036
103163
103301
103427
103925
104821
104824
105418
105482
105495
105629
106200
106910
107458
107609
108355
109361
109693
109856
109945
110059
110574
111736
111813
112109
112749
113197
114040
115232
115521
115993
117651
117803
117928
118119
118220
118277
118379
118620
118668
119220
119765
119800
120225
121333
123106
124036
124083
124949
125851
126048
126152
126529
126879
126942
127576
128637
130272
130387
131606
133823
134801
134988
135179
135185
135417
135684
136277
136384
136750
137605
137984
138069
138846
139356
139917
140558
140630
143418
143450
144295
145116
145922
146324
146567
146962
147485
147791
148263
148722
149434
149702
149993
150539
150719
152083
152115
152449
152715
153093
154273
156000
156008
156160
156476
158447
158471
158587
158612
158776
159298
159912
159920
160311
160361
161924
162727
164273
166238
166973
167030
167479
167842
168592
168891
169123
169244
169946
170528
170695
171152
171674
171983
172829
173412
174110
174389
174630
174932
175178
177180
177324
177349
178361
178495
178549
178920
179074
179945
180161
180891
182784
183579
184088
185690
185918
186194
186731
187509
187881
189861
190363
190523
190917
191012
191020
191028
191144
191336
191815
192202
192207
192997
193277
193421
195022
196408
196605
197282
197989
198242
198942
198966
200187
200373
201005
201626
201817
201972
202637
203618
203694
204624
204690
204934
206031
207548
207617
208444
208488
208489
209143
210157
210483
210526
211297
211300
211898
212016
212094
212258
212481
212521
212526
212876
213612
214076
214795
214835
215275
215463
216118
216944
216962
217080
218072
218292
218427
218501
219968
220229
220369
221079
221735
221847
222284
222647
223067
224616
225089
226558
227317
227481
227544
227851
227891
228085
228336
228605
228729
229014
229081
229679
229848
230001
230349
230377
230708
230741
230860
231554
231635
233274
233295
233367
233402
234489
235228
235264
235933
237399
238115
238195
238767
240126
240229
241482
241815
242858
243509
244128
244267
244796
245000
245616
245739
245836
246315
246485
246622
246893
248673
249659
251366
251414
251494
251945
252026
252368
253120
253493
253670
254359
254605
254975
255027
255350
255851
255937
256236
256532
257356
257746
257889
258279
259023
260228
260274
260713
260726
261023
261494
261546
262349
263243
263349
263445
263536
264160
264788
264962
265059
265285
265383
267269
267327
267674
267909
268565
268887
268901
269562
270157
270260
271808
272118
272714
273390
274397
274613
275163
275401
275947
276017
276705
277131
278259
278964
279977
280245
280518
282001
283018
283962
284114
284717
284765
286611
286860
287412
288426
288708
290402
290636
290980
291177
291384
291443
291632
291717
291738
292191
292210
293069
294172
294384
294549
294567
294862
295481
295786
296089
296116
296482
296509
296573
296700
296814
297447
298298
298720
299205
299369
299493
299554
299842
301394
302037
303652
304455
304691
304718
304936
305036
305696
306459
306597
306661
306923
306991
308413
308835
308857
310372
310399
310459
310948
311802
312031
313665
313944
314246
314285
314968
314988
315512
316831
317553
318270
318378
318530
318862
319218
319593
320173
320585
320780
320961
321134
321698
324723
324787
325127
325323
325542
325637
326403
327045
327046
327184
328366
328479
328790
329255
329584
329873
330616
330779
330804
330903
331948
333502
334805
334969
336048
336096
336136
336215
336330
336915
337324
337475
338426
339229
339950
340358
340836
341005
341311
341832
343772
344948
345436
346503
347814
348094
348119
349316
351226
351796
351913
352081
352317
352664
352792
353464
354032
354226
354303
355541
355670
355996
356289
357051
358173
358186
358338
359796
360105
361171
361865
362012
362082
362659
362902
363854
364038
365051
365211
365497
365751
365984
366209
366326
366436
366870
367497
369425
369512
369647
369653
370245
370385
371436
373278
373755
374780
375068
375443
376759
376914
377136
377441
377524
378033
379936
380589
380710
380918
381314
382082
382150
382406
382654
382977
383392
383478
384292
384436
384729
385132
385694
385926
386372
387015
391567
391625
391717
391739
391784
392536
392621
392663
392988
393613
393700
393722
393813
394457
394645
395098
395631
396018
396370
397665
397719
398046
398215
398482
399071
401667
402364
403081
403183
403197
403237
403685
404264
404581
404953
405091
405372
405564
405915
406004
406206
406604
407732
407819
408506
409190
410053
410165
410177
410265
410513
410653
411472
411565
412229
412895
413303
413592
413642
413940
413971
414002
414661
414815
415371
415478
416279
416507
417114
417828
418882
419597
420172
420833
421800
421857
422151
423350
423481
423943
423984
424045
424910
425116
425963
426704
426914
426924
426932
427162
427336
427407
427483
428291
428410
428800
428902
429716
429978
430132
430184
430517
431359
431573
431834
432022
432158
432654
432816
432966
433050
433068
433448
434416
435161
435163
435970
435994
436136
437015
437629
437736
438692
438730
439669
440625
440925
441389
442900
443559
445224
445444
445600
445857
445991
446215
446849
446887
447024
447889
448777
449614
449956
450467
451279
451660
452082
452744
453021
453197
453202
453297
453971
454221
454560
455382
455773
455982
456032
456072
456375
457570
458080
458752
459601
461413
462431
462708
463336
463479
463485
464736
465418
466494
467220
468162
468559
468661
468771
469151
469180
470640
470881
472521
472678
473049
474046
474298
476213
481952
482231
482837
483143
483206
483420
483520
484475
486699
487010
487349
487638
487689
488708
489308
489386
490129
493485
493764
494348
494723
495381
495572
496333
496756
497203
498368
499213
499798