617
2415
3126
4069
4145
5343
5377
5614
5816
5870
6419
6820
6927
8587
9319
10446
10601
10769
10895
11041
11637
11853
11945
13287
13347
13416
15023
15475
15745
15851
16367
17297
17434
18203
19095
19480
20473
20784
21463
21503
21787
22782
24301
24652
24826
25302
27356
28029
28546
29832
30397
32716
33486
33701
34238
35130
35153
35285
37255
37371
38167
38397
38753
38988
40478
41119
41690
41843
42536
42766
42946
43150
43603
45786
46628
46813
47053
47901
48130
48464
48730
48810
48986
50248
50394
50599
50910
50919
52272
52275
52622
53272
53859
54460
55632
55635
57151
57214
57421
57689
58104
58214
58267
58566
58660
58686
59261
59739
59846
59931
60585
61262
61862
62143
62587
62741
63193
64430
65059
65208
66490
66632
67051
67614
68347
69070
70283
70309
70636
71107
71717
72110
72532
73360
73678
75157
75496
75498
75720
76163
76436
76538
77202
78369
78799
78973
79531
80517
81471
82281
83047
83179
84036
85290
85562
86724
86727
86760
87196
87344
87464
87485
87789
87865
89187
89267
89508
90271
90410
91309
92068
92423
92533
93243
95322
95348
95388
95643
96200
96852
97129
97358
97501
97586
97816
98153
98512
98648
101075
101297
101422
101687
102918
103392
104083
104359
104538
104579
106185
106593
107680
107840
107880
108610
108612
109319
109319
109349
109429
109571
109713
109866
109923
110701
110749
111033
111788
111919
111965
112112
112675
113782
113961
114351
114570
115399
115593
115764
117815
118644
119334
120222
120985
121810
122181
122404
123709
124571
124693
125152
125680
126812
127141
127515
128091
128277
128340
128890
128932
129332
129823
130042
130173
131924
132483
132543
133434
134535
134633
134757
134893
134906
135610
136952
137370
138148
139625
139650
139889
140444
142111
143086
144036
144044
144141
144258
144470
144480
146133
146409
148186
148914
149010
149123
149139
149673
150084
150107
150126
150226
150442
150567
150735
151386
151428
153526
154857
155534
156798
157062
157152
158086
158540
158684
159019
159251
159471
159856
159973
160168
160556
160817
161160
161444
161784
162253
162361
162494
162555
163907
163919
164794
165080
165575
165708
166089
166319
167060
168036
168248
168586
168778
169846
170178
170652
170910
171896
172138
172555
173031
173151
173154
173952
174118
175061
176038
176095
176627
176764
177929
178624
178832
178848
179383
179678
180401
180431
180545
181015
181132
181532
181848
181945
182236
182445
182717
183614
183965
184032
184508
184622
185079
185490
186753
187106
187137
187684
188894
189221
189869
190612
191039
192061
192124
193480
193812
194515
194745
194933
195164
196838
197512
197653
198812
199140
200668
201067
201159
201820
202110
202654
202660
203305
203406
203473
205414
205605
205704
205763
206094
206726
206902
207275
207415
207494
208308
208815
209147
209348
209394
209653
209672
209755
209820
211117
211406
211789
211802
212293
212927
213438
214531
215030
215121
215621
216906
216917
217162
218547
218672
219252
219413
220446
221105
221662
221680
221733
222303
222470
223101
223293
223442
223471
224949
225198
226932
228115
228362
228397
228737
229013
229172
229282
229304
229398
230327
230799
231394
231396
231641
231711
232740
233083
233853
234262
234558
235008
235462
235465
236827
237044
237343
237448
238175
238597
239072
239283
239905
241268
241596
241608
242057
242180
242445
242476
242535
244595
244816
244885
244915
246375
246676
246745
247494
248616
248829
249351
250332
250474
251716
251808
252452
252792
252915
252972
253249
253767
253805
253950
254484
254723
255677
256010
256099
256400
256953
257216
257355
257423
258217
258661
259460
261224
261306
261837
262062
264049
264299
265858
265950
266230
266789
267616
268393
268734
268773
269479
269644
269911
269936
270135
270758
270893
271146
271503
271530
271535
271688
272273
272356
272511
272970
273294
273565
274272
274591
274985
275766
275877
275893
276342
276972
276986
277038
277286
277399
277929
278359
278764
278890
279489
280645
281154
282777
284139
285363
285506
285595
285629
286364
286559
288804
289504
290285
291279
291491
291557
292313
292680
293036
293242
293521
293668
294141
294446
294674
295105
295256
295269
296615
296794
298934
300715
301071
301240
301509
302414
302467
302472
302602
303767
304108
304781
305816
305835
305925
306031
307189
307541
307606
307885
309127
309418
310408
310630
311482
311748
312620
313068
313069
313495
313657
314236
314943
315347
315502
315589
315836
316280
316460
318170
318858
319046
319795
320395
321724
323285
323596
324065
324269
325536
325583
325813
327041
327349
327414
327889
327900
328189
328238
328705
329203
329457
329511
330966
331057
331499
332028
332883
333609
335054
336042
337821
338395
338477
338636
340814
341099
341455
341808
343684
344885
345444
345684
346149
346241
346733
347143
347479
347535
349188
349351
349609
349673
350660
351179
351348
351368
352491
352959
353187
353281
353366
354465
354705
354786
355247
355482
356597
356765
357153
358059
358071
358180
359086
359265
359383
359423
360207
360721
361316
361411
361879
362054
363321
364181
364817
364939
365612
365654
365752
367240
367519
367893
368583
369561
369815
369947
370494
371339
371978
372696
372925
372928
372986
373190
373200
373677
375973
376136
376166
376198
376394
376434
376622
377406
378613
378984
379194
379629
380723
381876
382001
382283
382290
382399
382716
383442
383586
383668
385393
385655
387184
387735
387836
388202
388485
389844
390103
390195
390561
392251
392837
393170
393777
395009
395751
395864
395954
396127
396134
396162
396868
397329
398099
398681
398939
399655
400257
400313
401137
401598
402373
402478
403506
403539
404529
405334
405945
406128
406761
407213
408784
409753
410123
410583
410675
413133
414175
414899
415072
415352
416337
416649
416788
416895
417158
417639
417769
417835
417896
418012
418285
418478
419579
419872
420150
420221
420430
420592
420617
421669
422117
423119
423255
423449
425976
426838
426936
427689
427711
428141
428940
429602
429780
432129
432344
432371
432539
432586
432643
433471
433725
434103
435150
435325
435491
437275
437820
438399
439237
439563
440852
441773
442084
442239
442349
442432
442906
443411
444590
444935
444968
445958
446594
446767
448916
448968
449360
450781
450880
451308
451873
451897
452277
452531
452562
453375
453508
453587
454104
454114
454595
455046
455203
456867
456871
456999
457004
457468
458210
458900
459765
459995
460328
460617
460700
461311
462253
463168
463715
464257
464435
465101
465462
465674
465843
466136
466926
467001
468010
468622
468734
470335
470946
470964
470978
471033
471295
472078
473762
474221
474397
474421
474512
475077
475775
475980
477228
477416
477750
477858
478730
479782
480775
482061
482225
482572
483391
484475
485234
486012
486078
486225
486280
487643
487779
488106
489399
489523
490021
490642
490979
491821
492503
493140
493149
493217
493438
493786
494195
495904
496047
496444
497832
497954
498883
499069
499668
499734