718
1365
2038
2972
3770
3878
4326
4651
4941
5197
5853
6195
6211
7189
8663
9191
9507
9935
9958
10260
10782
11248
11299
11309
11812
13654
14258
14392
14745
15221
15450
15654
15705
16130
16739
17095
17513
17706
19118
19432
19449
20074
20787
22001
22036
22240
23248
24648
24660
25107
25178
25524
26138
28194
28775
29254
30140
31289
31508
32725
33154
33194
33554
34047
34075
34336
34776
35943
36251
37445
37719
37945
38674
38967
40313
40315
40443
40478
40967
41024
41371
43465
43783
43882
45762
46922
47603
48167
48363
48432
48627
48775
49442
49670
50077
50190
50374
50584
50669
50800
51338
51811
52043
52107
52188
52624
54215
54747
55094
55447
56277
56435
56629
56778
57282
57545
58728
59379
59774
59858
59919
60725
62017
62109
62960
62978
63507
63630
64626
64854
65539
66059
66624
67658
67825
68504
68990
69270
69938
70194
72159
72715
73201
73970
74493
74612
75415
78382
78581
79418
79492
79674
79784
79948
80107
80284
80563
80977
81011
81508
81912
81978
82725
83073
83200
83216
83572
84574
85120
85383
85893
85986
87241
89707
89759
90111
90541
90943
91055
91169
91299
91561
92652
92778
92894
93414
93949
94415
96494
96576
96697
97408
97416
97461
98776
99679
99840
99845
99967
100459
101051
101206
102240
102620
102634
103767
105031
107003
107858
108164
109159
109215
109486
109779
110059
110578
110603
110649
110668
110765
111514
111670
112561
113001
113625
114343
115268
115352
115536
116049
116147
116258
116901
117380
117389
119835
120989
121018
121091
121731
121874
122134
122631
122908
123399
124076
124162
124414
124661
124710
124795
124817
124862
125318
125420
125431
125724
126068
126114
126699
127192
127901
127994
128739
129034
129043
129162
129203
129569
129828
130902
130970
131407
131606
132310
133068
133102
133196
133955
134188
134339
134532
135382
136002
136071
136280
138396
138648
138696
139078
139410
139532
139654
139777
139889
140091
140647
140886
141408
141640
143073
143140
143533
143945
143990
144059
144123
144469
145040
145149
145979
146646
147094
147891
148711
150689
150693
150872
151934
152499
152964
153865
154617
155857
157469
158612
159278
159533
159875
161182
162307
162566
163555
164273
164303
164480
165317
165456
165860
165901
166502
166629
167006
167872
168248
168287
169295
170012
170772
170883
171068
171391
172070
172490
173140
173369
173506
173713
175163
175434
175752
177222
177396
177812
179231
179955
180138
182196
182334
182775
182925
183470
185199
185269
185427
185821
186269
186384
186445
187926
188279
188790
189072
189434
189708
189764
190087
190392
190756
190873
190995
191079
192222
194235
194645
197589
198496
198811
199332
199909
200161
200416
201289
202635
203835
203940
204534
205899
206939
207367
208343
208583
209604
209930
210069
210683
212455
213147
213218
214290
214981
216850
217248
217524
217543
217941
218515
218572
219160
219373
220404
220425
220691
220909
221417
221829
223666
224125
224389
224653
225632
225686
225928
227437
227479
228204
228574
228939
229326
229622
229968
230045
230432
230952
231274
231382
231979
232001
232109
232162
233165
233290
233456
233770
234141
235151
236508
237244
237275
237393
237651
238035
238305
238399
238878
239152
239610
240111
240657
240905
241214
242222
243140
244270
244401
245358
245396
245729
246350
246376
246840
247221
248158
248717
249012
249294
249536
250253
250753
251704
251955
253441
253603
253761
254365
256763
256791
256947
257147
257687
258024
258783
258808
258950
259263
259597
260976
263540
263805
263915
264248
264490
264923
265088
265304
265753
266062
266080
266732
266919
267075
267486
268684
268755
268880
269119
269136
269171
271233
271296
271365
271636
272134
272688
272693
272745
272853
273161
273314
273477
273488
274036
274258
274871
275001
275100
275239
276118
276458
276922
278458
278998
279233
279483
279567
279823
279844
280305
280737
280760
281309
283295
284040
284816
285123
285263
286734
288572
288747
289412
289886
290262
291013
291174
291224
291445
291646
292025
294181
294443
294565
294582
295338
295351
295870
296447
297406
297657
297973
298485
298793
300202
301255
301722
304720
304803
304871
305433
305452
305779
305810
305908
306092
307158
307228
307597
307974
308279
309766
310002
310173
310761
311899
311969
312050
312756
313179
313419
313537
314111
314131
315918
317324
317510
318424
319673
319758
320257
320768
321607
321881
323126
323480
324183
324896
325020
325039
325199
325519
325937
327218
327952
328549
329259
329965
330175
330222
330335
330377
330708
330835
331764
331986
332313
332464
332686
333027
333611
333846
334670
335175
336210
336690
336817
337214
337652
338177
338402
338426
338760
339013
339809
340018
340228
340229
340430
340760
340893
341076
341887
342243
343029
343748
343842
343910
344038
345423
345635
346146
346218
347256
347309
347924
348156
348244
348602
349671
349992
350294
350423
351023
351515
351561
351952
352383
353411
353529
354008
355171
355185
355761
356470
357203
357715
358079
358172
358612
359012
359156
359845
360455
361410
361901
362068
362073
362499
363116
363987
363989
364392
364653
365519
365916
367169
367332
367578
368584
368850
369618
369847
370104
370760
371542
371668
372371
373021
373213
373982
374131
374546
375939
375966
376096
376372
376561
376831
378371
378835
378965
379943
379955
380015
380052
380250
380982
381147
381558
382564
382639
383343
384015
384140
385247
385866
386863
387007
387250
387613
387774
387798
387841
387986
388094
388103
388387
388840
389845
391284
392484
392691
392896
393512
395838
396788
396950
397400
399034
399219
399633
399698
399787
400270
400740
400972
401112
403675
403861
405551
405567
406994
408635
409018
409821
409932
411101
411570
411629
412522
412969
414836
414976
415113
415259
416367
416720
417024
417689
417728
418157
418245
418388
419484
421810
421947
422238
422352
422497
422633
422992
423591
424676
424791
425363
425452
426214
428317
428413
428557
428784
429729
429846
431383
432092
432295
432299
432397
432993
433255
433862
434066
434576
434578
435151
435249
435871
435895
436151
436699
438974
439497
440797
443416
443820
444219
444402
445157
445435
445642
448636
448707
448957
449226
449442
449703
449845
450046
450126
451372
451451
451616
453017
453117
453212
453236
453271
453761
454007
454574
455186
456415
457064
457102
457232
457549
457860
459918
460101
461715
462005
464928
465602
465668
465963
466710
466992
467764
468032
469093
470377
470756
471447
471516
472436
472508
473476
474129
474517
475423
476566
476672
476773
477706
478079
478992
479198
479224
479364
479417
479487
479552
480236
480596
480902
481580
481767
482214
482221
482299
482487
482803
483038
483307
483465
483927
484527
484717
484841
485386
485513
485899
485999
486166
486462
486532
486795
488445
488572
488766
489363
489853
490452
491687
492422
492774
493047
493153
493510
493724
493952
494769
496004
496135
496202
496256
497166
497195
497225
498035
499241
499376