398
588
1538
1847
2509
3892
4193
5179
6058
6461
6486
6610
6752
6831
7899
8262
8460
8470
9044
10216
10536
11612
12045
12608
12910
13192
13774
14844
15110
15146
15403
15938
16436
18523
18557
19726
20139
21417
22356
22358
22544
22623
23203
23572
25065
25827
26705
26731
27407
27591
28784
29373
29844
29916
31541
32421
32956
33770
34445
34454
34581
34667
34739
35101
35245
35338
35796
35950
36455
36962
38913
39032
39260
39269
39421
41213
43494
44161
44367
45557
47716
47726
47820
47932
48339
48988
49039
50816
51050
51504
52240
52617
53276
54340
54827
55650
56115
56254
56439
56912
56963
57840
58916
59019
59803
59853
60356
60520
60958
61311
61473
62283
62390
62703
62794
63374
63426
63947
64072
64553
66288
66722
66844
66951
67029
67064
67494
68250
69481
69508
69518
69546
70064
70326
70594
70689
71632
71638
73631
73636
73867
74175
74661
74774
76238
76355
77059
77141
77770
78337
78807
78883
78932
79075
79170
79469
79993
80158
81832
83445
83549
83559
84377
84422
85662
86869
86874
87423
89056
90233
90537
90591
90642
91559
91834
92272
93046
93170
93370
93604
94054
94679
95175
95757
96134
96153
97177
97571
97613
98338
98911
99095
100566
100747
100860
101331
101857
102499
102637
102906
103089
103625
104677
105385
105566
107155
107421
107488
107489
107536
107728
108596
109378
109570
110107
110853
112818
113205
113855
114380
114394
114495
115270
115390
115417
115710
117760
118534
118572
119059
120132
120637
120669
120841
121127
121336
121473
121474
121653
123460
123476
123547
123704
123921
124129
124541
124941
125169
125818
125996
127391
127608
128498
129390
129404
129515
129713
129725
130218
130478
131143
131256
131339
132173
132317
132548
133264
135899
136074
136137
136625
137211
138434
138648
138686
139109
139565
139702
139831
140228
140786
141031
141842
141953
142190
143017
143500
143711
144248
144270
144362
144503
145144
145325
145410
145662
145740
145989
146838
147043
147220
147925
149772
149864
150259
150864
151037
151229
151651
152172
152429
152603
153510
153816
154551
154769
155100
155118
155166
155494
156343
156536
158331
158571
159157
159664
159880
159958
160028
161111
161266
161518
161728
163482
164338
164494
164628
165375
165622
165993
166166
166984
167092
167448
168159
169737
170230
170863
171033
171173
172470
174992
175202
177164
178972
178991
179283
179995
180027
180056
180308
180375
180624
180734
180836
180952
181049
181507
184125
184869
184978
185267
185301
186165
186170
186269
186356
186900
187068
188945
189806
191644
192247
192459
193342
193352
193412
194693
195098
195943
197076
198555
199148
199191
199919
201242
201502
201732
203022
203359
203783
204415
204530
204897
205396
205891
206313
206393
209089
209467
209681
210132
210807
210963
211299
212496
213143
215016
215048
215686
215994
216339
216636
216713
217410
217495
217545
217658
217882
218332
218351
218736
218888
219858
220633
220817
221540
221559
221946
222019
222732
222922
224918
225749
226164
229086
229248
229340
229642
230434
231292
231412
231490
232676
232949
233483
234350
234548
235272
235638
235731
236185
236700
236704
238323
238446
238711
238745
240965
241394
241646
241908
242199
242888
243036
243158
243223
243337
244594
245383
245389
245774
246360
246546
249327
249391
250000
250114
250667
250726
251394
251890
253227
253236
253728
253734
253846
253890
256647
257316
258094
258145
258169
258378
258480
258534
259011
261580
261751
262236
263636
263973
265384
265770
266005
266701
267166
267366
267400
267577
267769
267782
267957
268485
268533
270031
270209
271520
271982
272327
272635
272766
273014
274303
274564
274815
275345
275631
276256
276369
277119
277225
277360
277671
280765
281027
281223
282305
282509
282647
282751
283059
284364
284687
285247
285282
285593
286517
286895
286900
287257
287851
288179
288324
288683
289599
290148
290320
291313
291394
292258
293471
294501
295302
296030
296404
297423
297470
297642
297859
298021
298402
298715
299552
299733
300756
300781
302300
302501
302913
303071
303778
304323
304406
304715
304914
305019
306481
306876
307371
307592
308662
309513
309767
309807
310162
310281
310542
311259
311547
311623
311776
313109
313208
313708
313973
314013
315374
315518
315789
316720
316774
316953
319002
319197
319220
319654
319796
320540
320785
320813
321064
321380
321819
322472
322518
322727
322729
323203
323887
324485
325103
325474
325662
326040
326552
327160
327252
327311
327490
328203
328387
328420
328776
328811
329402
329659
329773
329892
330510
330695
330857
330899
332748
334061
334149
334169
334316
335060
335743
335850
336812
337368
337624
337662
337678
338312
338770
339418
339770
340385
340696
341419
341428
342223
344203
344560
345671
346330
346332
347605
348411
349146
350580
351583
351721
352043
352071
352197
352261
353321
353403
354007
354094
356281
358535
358537
359031
359242
359557
359582
359657
360278
360767
360978
361283
361340
362107
362701
362909
363989
364499
365108
366450
366765
366845
367264
367551
368037
369401
369432
370058
370085
370144
370607
370947
372899
373702
374120
375178
375242
375298
375864
375984
376162
376306
377531
377559
378338
378471
380831
382319
382621
383874
384321
384359
385176
386288
386356
386371
386798
386828
387012
387866
388418
389240
389440
390171
390976
391503
392445
392809
392821
392866
393423
394202
394607
395465
395888
396455
396599
396812
397166
397393
397661
399201
399263
399433
399934
400044
400138
400829
400998
402053
402646
403491
403761
404047
404075
405830
405843
406302
406460
408081
408452
409261
409310
410377
410822
410963
411208
411869
412103
412167
413960
414085
414218
414806
414902
415114
415124
415228
415485
416458
417451
417656
418174
419387
420227
420832
421768
423316
423333
423345
423463
424755
425219
425744
426645
427123
428147
428290
428345
428618
428975
429124
429873
430248
430262
430379
430722
430771
430912
431317
432077
432450
432491
432711
432806
432882
432965
433638
435449
435464
435565
435594
436012
436661
437280
437631
437914
438033
438609
438680
438932
440285
440463
441196
441390
441531
441802
441924
442000
442254
442477
442618
443300
443394
443665
444102
444772
444887
444965
445199
445379
445481
446557
446561
446645
446688
446896
446929
447002
447465
447497
447660
448669
449119
450297
450446
450663
450863
450998
451322
451479
452003
452010
452225
452240
452303
454146
454482
455798
456948
457519
457931
457943
458098
458225
458811
460286
460641
461897
461904
462143
462576
463727
463962
464067
465436
465743
466064
466897
467229
467568
467697
468246
468456
469246
470698
471024
471133
472061
472551
473326
473751
474133
474769
475562
475921
476183
476444
477251
478683
478686
479020
479276
480152
481584
481717
482320
484033
484719
484780
485093
486079
486719
487866
488024
488642
488704
489264
489473
489560
491217
491480
492093
492326
492413
492586
492991
494759
496156
496805
497052
497099
498172
498642
498802
499385