528
573
1081
1207
2358
2903
2919
3354
3723
4094
4330
4711
5259
6020
6177
6750
6777
7436
7790
7870
9038
9304
9595
9757
10274
10530
11398
12231
12687
13842
13888
14253
14977
15270
15699
15830
16122
16843
17017
17801
17992
18596
19015
19232
19420
20282
20640
20671
21322
21676
23322
23488
23595
24782
25007
26625
26650
28639
31355
31642
32625
32685
32933
33321
33783
34349
34934
35037
35566
35670
36491
36935
37168
37874
38502
39113
39470
39781
39900
40285
40905
41247
41434
41484
41594
41663
42898
43219
43324
43496
43595
43856
43955
43956
45714
46211
46248
46484
46820
47885
48390
48767
49068
49318
49610
50223
50359
51211
51316
52473
53201
53486
53502
53547
54323
54340
54802
55938
56388
56854
57511
58853
59199
59244
60246
60482
60797
61311
61485
61656
61954
62084
62253
63466
63706
64052
66230
66256
66505
66645
67078
67082
68416
68499
69066
69239
69876
69913
69949
70151
70285
70859
71061
71703
71768
71982
72540
73538
73775
74752
75058
75732
76084
76262
76778
77213
78124
78502
78938
79656
79689
80484
80719
81335
82222
82739
82889
83048
83094
83443
83773
84010
84388
84454
84552
84807
84836
86332
86799
87560
87689
88498
91053
91181
91518
93062
94144
95232
95343
95951
96299
96433
96894
96928
97632
97775
98227
98606
98653
98685
98736
99524
99604
100604
100710
100730
101007
101068
101195
103294
105161
105244
105581
106138
107181
108627
108863
109523
109892
110105
110555
112195
112478
112578
112640
113512
113513
114524
114562
114646
115612
115737
116789
116826
119101
121249
121421
122283
122492
123481
124045
124218
124464
124682
125741
125763
126661
126693
126826
127641
127670
128002
128425
129128
130037
132230
132787
133285
133860
134582
134654
135332
135722
135737
136707
136967
137169
137352
137551
138030
138419
138629
139441
139631
140913
141594
141805
142037
142210
142786
142906
143191
143484
143885
144365
144803
145094
145132
145773
147136
147249
147648
148228
148600
149262
150078
150244
150283
150687
150701
151077
152304
152490
152597
152673
153419
154812
155211
155241
155315
155546
156109
156312
156430
156436
156736
156893
157055
157347
157903
158075
159663
160133
160385
161148
162203
162671
163120
163451
164840
166155
166760
168282
169863
170086
170565
170786
171059
171250
171624
171701
173343
173800
174161
174606
175204
175401
175654
176412
177034
177662
178133
178139
178459
179418
181012
181182
181985
182237
182331
183602
183728
183783
183857
184073
185033
185177
186386
186444
186783
187253
187349
187990
189063
189394
190944
192439
192540
192901
193143
193256
193673
193802
193935
194082
194231
194294
194462
194505
195455
195749
195862
196606
196925
197262
197409
197642
198102
198408
198620
198641
199272
199313
199893
200166
200423
200483
200620
200903
201644
201874
202314
202325
202337
202532
202717
202970
203924
204355
205419
205767
205916
206388
206576
206699
207056
207124
207682
209422
209439
209508
211486
213016
213136
213251
213383
213716
214252
214403
215323
215363
215599
216790
217043
217422
218797
219406
219893
220882
221765
221997
222023
222123
222914
223161
223348
224049
224317
224657
224672
225427
225843
225880
226124
227584
227770
228604
228993
229116
230469
230538
230679
231030
231233
231915
232941
233385
234350
234765
235296
235346
235539
235955
236368
236681
236991
237225
237238
238693
239694
239801
239985
240025
240396
241440
241897
242325
242691
242834
243272
243361
243581
245230
246183
246723
246972
248493
248660
248950
249018
249267
249861
249890
250418
250497
250595
250603
250795
251850
252089
252854
252858
253444
253742
253930
255195
255679
256165
257110
258407
258535
258710
259041
259463
259587
259740
260041
260767
260983
261333
262076
262750
263254
263668
263891
263973
264141
264428
264953
265368
265685
265720
266190
267429
267601
267949
268057
268364
268466
268850
269221
269465
269719
270085
270292
271100
271393
271412
271750
272136
272567
273128
273390
273698
273928
274024
274138
274902
275824
276563
276564
276632
277056
277687
277746
280557
280769
281142
281315
281920
282415
282495
282627
282773
283950
284172
284468
284500
285167
285281
285873
286189
286406
286409
286757
287075
287981
289072
289792
289878
290102
290794
290838
290941
291162
291220
291240
291636
292044
293331
293417
293915
294467
294542
294587
294608
295872
296139
296236
296766
297900
298010
298140
298639
300142
300812
301257
303405
303521
303827
304684
304745
304843
304879
305089
305335
305836
306208
306243
306842
307403
309683
309888
313566
314857
315612
316216
317215
317223
318122
320594
321396
321918
322659
323347
323397
323699
324056
324639
325119
325476
325912
326240
326351
326739
326766
327140
327683
327695
328330
328660
328782
329113
329534
329626
330607
331415
331768
332559
333006
333862
335120
335337
335976
337798
339302
339532
339591
339827
340195
340324
340473
341099
341896
343331
343451
343553
345131
345647
345679
347427
348229
348394
349441
350078
352840
354255
356071
357483
357629
357791
357937
357971
360101
360476
360707
361233
361711
362033
365481
366133
366196
367682
367798
368478
368597
368708
369138
369843
370386
370739
371293
371317
371348
372163
372357
372477
375254
375259
375366
376091
376166
376313
376585
377674
377947
378177
378315
378473
378518
378970
379631
379996
381464
384119
384315
384822
384934
386751
387434
387550
387587
387735
389204
389961
391363
391569
392234
392569
392771
393085
393669
394678
395500
395773
396363
397109
397109
397173
397473
398731
399439
399549
400344
400583
400925
401193
401485
401553
402549
402635
402708
402971
403289
403744
403763
404036
404968
405363
406405
407285
408186
409850
410053
410424
410877
411443
411987
412389
413002
413638
415047
415732
415990
416428
416538
416548
417157
417409
417673
417822
418462
419343
420003
420146
420598
421492
421684
421792
423316
423373
423482
423626
423972
424223
424557
425152
425203
426893
426962
427278
428043
428118
428195
429197
430489
430735
431771
432169
432593
433364
434129
434280
434681
435857
436010
436108
437325
437638
437694
438389
438410
438699
438912
439774
440083
440764
440770
441672
442204
442356
442621
443467
444366
444720
444768
445361
445648
445740
445909
445998
446260
446670
446747
446944
447480
447837
447911
448664
449320
450211
450462
453095
453687
454405
455769
455785
455944
456079
456479
457169
457174
457791
458762
458986
459625
460981
461277
461641
462039
462390
463571
464117
464252
464644
464667
465325
465504
466274
466959
467994
468085
470298
470307
471519
471964
471977
473536
473786
475276
475486
475598
475920
476409
476721
477066
478271
478599
479063
479078
479412
479453
480395
481145
482388
483619
483797
484837
486633
486674
488294
488443
489302
489367
489652
489887
490088
490692
490970
492131
492194
492937
493292
493903
494180
495025
495138
495167
495471
496220
497020
497033
497224
497325
497514
498055
498641
498899
499675
499677