532
2130
2490
2512
2892
3379
3614
4569
5257
5813
5830
5945
6071
6740
7079
7161
7644
7650
7739
7950
8054
8729
8914
8930
11448
17001
18036
18408
18764
19039
19054
19994
21751
21958
22645
22925
23217
23431
23582
23764
25235
25965
26117
26257
26414
26640
27987
28437
29062
29404
30388
30826
31001
31776
32360
32463
33342
33439
33443
35573
35604
35827
36391
36789
37089
37858
39093
39138
39918
41312
41417
41531
41647
41846
42192
42539
43135
43181
43896
44111
44295
44937
45012
46316
47597
47956
48289
48338
48843
49701
50637
51914
52015
52218
52318
52449
52612
53011
54640
54697
55926
56659
57051
57323
57674
57765
57779
57925
58297
58338
58475
58673
58781
59205
59778
60515
60530
60915
61036
61591
61711
61713
62323
63214
63233
63738
64432
64491
66312
67637
67820
67866
67924
69075
69244
69358
69365
69734
69812
71082
72064
72376
72405
72660
72798
72904
74295
74380
74555
74688
75431
75888
76379
76420
76491
77339
77458
77585
78084
78585
78885
79168
79201
79491
79924
79959
80119
80344
80924
80942
81066
81734
84921
85019
85243
85768
86458
87177
87615
89076
89859
89936
90461
90468
90769
91726
91731
93256
93339
93657
94388
94415
94794
95646
96763
97894
98540
99759
99766
100652
101411
102824
105354
105984
106222
106805
107373
107977
108241
109951
110688
110776
111292
111410
111763
112257
112649
113679
116769
116802
117550
117957
118880
120044
121175
121350
122159
122581
122682
122982
123409
123923
124833
125179
125373
126202
126286
126625
126744
128179
128709
128730
128733
129450
129712
129801
129941
130337
130669
131673
132911
133010
133846
135938
138107
138224
138836
139391
139462
140413
141523
141817
142275
142353
142993
143172
143422
143921
143945
143958
144445
144862
144877
145422
146278
146332
147532
147746
147930
148450
148974
149608
150181
150674
150894
151847
152132
153433
153561
153722
153754
154087
154152
154222
154222
156051
156772
156799
157499
159438
159578
160332
161715
161741
161782
162472
162494
163430
163831
163931
163961
164240
164558
165023
165074
165433
165459
166443
167197
168518
168598
168611
170217
170234
170392
170628
170848
171602
171604
172458
172564
172604
172817
172884
174165
174536
174899
174904
175395
176518
177808
177839
177898
177939
178576
178585
179476
180355
180373
180613
181672
182242
182922
183101
183916
184262
185613
185806
187107
187364
187667
187690
188119
188573
190734
192356
192649
192727
192728
193529
193909
194999
195114
195209
196014
196197
198053
199987
200170
200182
200280
200669
200879
200894
201321
201483
201941
202256
202679
203516
205218
205251
205568
205984
206603
208451
208914
209123
209313
209948
210004
210305
210977
211429
211652
212461
212923
213427
213992
214767
215500
216939
217809
218603
218681
219220
219798
220001
220196
220691
220952
221015
221064
221072
221576
222130
222149
222179
222193
223948
224752
225374
225448
225509
225581
225648
225725
226023
226026
226272
226457
226829
227854
228019
229397
229496
229773
230302
230490
231382
231617
231661
231865
233620
234579
235450
235692
236076
236256
237109
238036
238197
238276
238485
238742
239418
240784
240941
241315
241737
241920
242917
243965
244046
245442
245574
245792
246568
246604
247403
247431
248472
248487
248621
249860
249998
250278
250887
251986
252421
252867
253714
254505
254548
254974
255263
256015
257576
257766
258079
258125
258176
258352
258403
260228
260344
261726
261728
261768
261864
262012
262037
265542
265653
265824
265981
267187
267414
267977
270032
270822
271551
274257
274366
274828
275304
275872
276071
276076
277433
277728
277807
277853
277991
278242
278691
280783
282090
283047
283168
283995
284598
285097
285248
285565
285823
285844
286039
286560
287011
287406
289206
290343
291041
291744
291760
292043
292369
292567
293202
293880
294009
294831
296424
296497
296787
296991
297445
297654
298170
299296
300908
301234
301376
301446
301803
302310
303178
303446
304550
304839
305442
305768
307243
307295
308706
309187
310439
311357
311833
312487
313125
314121
314485
314550
314991
315044
315342
316758
317370
317473
318124
318281
318607
318722
321688
321713
321863
321988
322132
322184
323117
323229
323428
323576
323735
324243
324582
325060
325095
326261
326429
328552
328997
329892
330106
330118
330715
331402
331545
331693
332718
332828
332835
333447
334504
334710
335271
336159
336592
337321
338238
338583
339233
339566
339704
342298
343463
343659
343775
343847
344263
344445
344539
344541
344656
345169
346094
347548
347764
348503
348622
348719
348862
349366
350247
350261
350445
350922
351395
351591
351827
352007
352431
353684
354514
355450
356373
356475
357049
357116
357489
357540
357543
357575
358222
358487
359265
359361
359490
359542
360351
360613
360772
362393
362934
363049
363076
363428
363511
363746
365224
365724
365826
366087
366514
369251
369917
369988
370130
371367
372380
372851
373153
373321
373608
373736
375810
376137
376183
376248
376807
377424
377770
378435
378519
378881
379502
379635
380772
380820
380877
381004
381744
382123
382220
382780
382785
383898
384705
385041
385351
385515
385942
386080
386219
386891
387486
387542
388489
389312
389426
389558
390283
390407
390921
391355
391761
392303
392915
393662
393779
393884
394324
394333
394683
394705
395035
395508
395973
396205
396387
397571
397627
398770
399482
399699
399759
399794
400278
400387
400648
401199
401789
402079
402372
402814
403401
403646
404169
404695
404711
404843
405207
405516
405678
405916
406821
406936
407379
407577
407678
407730
408753
409210
409656
409792
410302
410711
411593
411680
412008
412068
412823
413042
413393
413409
413940
414166
414709
415025
415157
416683
416839
418884
419183
419241
419728
419857
420096
420456
420851
421344
421497
421854
421868
421901
422319
424964
425086
425455
427248
427770
427928
427940
428690
429180
429866
430097
430433
430510
431306
431573
432200
432246
432451
432662
432887
433732
434781
435607
436757
436821
437130
437232
437742
437846
438514
439311
439617
440233
440301
440700
441356
441787
442207
442358
442598
442706
443074
443751
444006
444019
444309
444409
446100
446457
446577
446579
447166
448111
448177
448406
449870
449929
449997
450581
451074
451081
451615
452422
452451
452744
453043
453173
453700
453756
454193
454460
454813
455781
455784
456118
456127
456725
456834
457434
457439
457611
457938
459852
461578
461814
463156
463238
463567
464063
465196
465345
465873
465879
466097
466327
466774
466977
467244
467672
468790
469957
469995
470090
471384
471497
471750
471832
473038
473151
473245
474079
474984
475384
476070
476094
477048
477389
478123
478257
479324
480204
480541
481034
481466
481788
482021
482318
482883
483039
483283
483683
483701
484998
485615
486217
487232
487722
488321
488410
489988
490239
490516
491024
491244
491438
491737
491963
492036
492621
493002
493688
494513
494716
494733
495240
496032
496336
496678
496876
498990
499256
499726