426
747
1332
2298
2588
3325
3461
3545
3763
5091
6346
6568
6629
7356
8725
8862
9433
9638
9744
9782
11232
12196
12292
12378
12594
12643
13601
13824
14423
15760
16026
16060
17101
17287
17516
18211
18830
18925
20280
21294
21354
22217
22290
22424
22429
22594
22810
23967
24353
24975
25596
26303
26484
26708
27612
28602
28738
29102
29141
29280
29515
29566
29574
31564
31704
32160
32438
33647
33709
34086
34126
35772
36044
36593
36642
37785
37889
38351
38707
39351
39753
39982
40126
40898
41044
41207
42707
42867
42994
43766
44192
45248
48227
48895
49630
49681
50194
51144
51597
52041
52335
52670
53313
53676
54442
55874
56772
57358
57542
57594
57781
58065
58196
58397
58627
58630
60326
60409
60683
61628
61646
62305
62495
62712
64440
65722
66514
66686
66742
67124
69694
70107
70331
70596
71208
71488
71718
72378
72646
73818
73841
74088
74634
74907
74963
75326
75951
77629
77818
77883
78755
78878
79140
79523
80754
81284
81426
81550
81572
81998
82557
83659
83834
83910
84708
84983
85207
85253
85901
85947
86081
86141
86338
86825
87872
88910
89100
90228
90351
90362
90475
91115
91580
91879
92072
92766
93563
94079
94755
96299
96460
96466
96715
97373
97868
99056
99087
99274
99928
100817
101604
103074
103140
103583
104207
104287
104383
104773
104779
105083
105259
105835
107560
108394
108581
109783
109962
110889
111383
111514
111578
112218
113831
114022
114102
114968
115483
116680
116886
118661
118940
119056
119427
120753
121489
122519
122752
122820
122903
124434
124807
125536
126250
127557
128268
129354
130515
130836
131887
132192
132252
132733
133014
133680
133815
134213
134552
135057
135239
135529
135697
136729
137381
138179
139573
139980
141899
143188
143326
143408
143796
144025
144955
145103
145919
146672
147379
147444
147696
147715
147951
147952
148617
148696
149893
150808
150940
151415
152729
153886
153969
154798
155438
156492
157449
157730
158051
158387
158657
159026
159033
159362
159366
160692
161040
161108
161722
161743
161980
162207
162317
163214
163956
165894
166141
166762
166941
167553
168328
169365
170253
170301
170629
170971
171218
171235
172425
172491
172518
172689
172803
172966
173231
173368
173461
174198
174490
175810
177151
177593
178574
178602
178840
179371
179955
179986
180049
180744
181443
182335
182407
182771
183620
183737
184219
184399
185568
185908
186695
187409
188145
188722
189111
189533
190081
190228
190747
191999
193291
193811
194391
194922
195089
196248
196293
196382
197010
199252
199376
199797
199920
199950
200030
200299
201108
201159
203025
203766
204288
204621
204673
204725
204804
205241
205341
205741
205960
206138
206332
207749
208025
208517
209818
210042
210315
210826
211458
211843
212261
213201
214089
214316
214520
214526
214829
215167
215516
216078
216251
216615
216870
217931
218435
218753
218759
218968
218982
219156
220404
220555
220619
221053
222394
222478
222639
222787
223520
224439
224783
224855
225560
226232
226605
226611
227025
227133
227629
227892
229314
229355
229766
229845
230683
232188
232503
232536
233285
233287
233602
233938
235418
236359
236646
236661
237004
237429
237457
238069
238388
238544
238587
238703
238829
239558
239766
240721
240908
241825
242539
242805
243457
243469
243636
244027
244257
244624
245495
245555
245568
248907
249722
250469
251692
251979
252592
252604
252691
253139
253189
253445
253645
253659
254414
254468
255225
255346
255767
256154
256363
256685
257261
257390
257810
258263
258456
259541
259692
259813
259831
260053
260090
260762
261733
261984
262121
263413
263503
264348
264734
264760
265079
265873
266040
266060
266382
266565
266715
267160
267877
268913
269037
269159
269395
269578
273430
273549
273727
275022
275534
276421
277062
277438
277593
277974
278935
279084
279114
279471
279958
280802
280808
281930
282112
282515
282583
283097
283142
283841
285027
285164
285447
285885
286430
286477
286490
286629
287272
287939
288007
289446
290887
292781
294455
294659
294791
296149
296224
296676
296713
296819
296958
297095
297112
297153
298986
299574
302014
302321
302538
303009
303251
303785
304058
304066
304953
305484
305530
305582
305828
305899
306487
306845
306937
307587
308826
309026
309501
310043
311692
312447
312592
312685
313360
313694
314150
314233
314281
314738
315752
315905
316347
316744
317382
317558
317575
318048
320141
320290
321405
322045
322516
323426
324682
324742
325695
326040
326403
327069
327419
327887
328519
330572
330665
332295
332361
332372
333082
333714
333999
334081
334816
334919
335251
335535
335560
336583
336856
337047
337118
337636
338592
339304
340064
340317
341308
341514
341573
341827
342741
342840
344423
344672
345147
345181
345703
346195
346664
346805
346833
348571
348889
349419
349702
350314
350591
351068
351221
351734
352216
352379
352618
352718
352801
353731
353804
354741
354860
354863
355040
355488
357210
357864
357874
358222
358280
358505
359622
360653
360684
360876
361119
361387
361492
362655
364797
364838
365135
365556
365922
367013
367481
369395
369631
369752
370153
370259
371329
371473
371694
371903
371922
372071
372598
374950
375943
376177
376995
377152
377494
377626
379671
379762
381020
381583
382075
383442
383640
383670
383933
384299
384780
385023
385212
386430
387296
387641
387909
388424
390008
390501
390687
390790
391044
391326
391508
392528
392736
393365
393496
394114
394253
394402
394784
395146
395331
395435
395525
396312
396318
396743
397321
399139
399315
399554
401334
401365
401402
402334
402586
402754
403705
403806
404202
404809
405691
405746
405881
405976
406037
407469
408052
408321
409730
410669
411107
411156
411653
412511
412516
412557
412604
413254
413665
413800
414237
415088
415615
416166
416465
416938
417318
417791
417796
418569
418748
418841
418851
419892
420062
420374
420561
422080
422291
422724
423475
423604
423781
423873
424404
424542
424655
424738
424816
424875
425989
426439
426787
427385
427838
428042
428174
428688
429221
429494
431124
431794
431865
431981
432097
432695
432929
433178
433330
434118
436970
437197
437308
437572
438193
438827
439181
439492
441937
442284
442494
442637
442977
444324
444501
445254
446620
447098
447903
448895
449759
450116
450229
450568
450867
451310
452676
452890
452963
453330
453666
453718
454083
456273
456555
456851
457357
457513
457902
458136
458501
460725
460757
460898
460900
461353
461368
461720
461738
462248
464090
464271
464486
464715
465365
465741
466948
467185
467248
467416
467540
467667
467929
468059
469106
469537
470264
471190
471521
471621
472089
472624
472869
473356
473509
473563
473999
474145
474884
475111
476477
476771
477259
477769
479433
479836
479837
480167
480735
481770
482380
483516
483763
483849
484212
484295
484813
485050
485666
486317
486773
486947
487161
487851
488373
488532
489300
489835
489926
490916
492076
492140
492206
492620
492731
493225
493302
493890
494517
495001
496470
497563
498249
498942
499029
499414