31
114
256
502
678
1162
1284
2483
2522
3924
4106
4751
5986
6165
7037
7333
7648
9110
10027
10624
12410
13231
13636
14075
14117
14664
15058
15096
15306
15474
15537
18538
18574
18964
19056
19165
19234
19744
21773
22200
22241
22375
22563
23196
23235
23294
23461
23951
24293
24294
24329
25795
26651
26702
26824
26888
26981
27493
27976
28979
29522
31130
32779
32780
33009
33951
34165
34244
34487
34932
35367
35778
35955
36149
36401
36486
37532
39842
40655
41150
42517
43156
43314
43489
43605
43679
44308
44309
46703
46837
46869
47024
47160
47164
47165
47888
48252
48510
48773
49853
50110
50408
51299
51585
52627
52645
53073
53293
53725
54208
54452
54577
54622
54923
54931
55333
56630
56945
58562
58990
59171
59979
61006
61177
61971
62344
62469
63063
63215
64311
65177
65696
65956
66336
67090
67292
67682
67710
67841
68014
68434
68912
69523
70639
71256
71848
71984
72155
72169
72321
72464
72839
73555
73576
73764
73910
74335
74538
75011
76178
76378
76697
77244
77683
77888
77928
77940
79050
79097
79557
80532
80632
82239
83241
83842
84063
84189
85211
85728
86143
86427
87140
87399
88249
88274
89214
89853
90291
90808
91175
91286
92316
92513
92787
93633
93859
94486
95260
96689
97003
98141
98537
98818
98895
98925
99163
99463
99712
101610
101630
101753
101979
102153
103099
103580
103694
104005
104323
105256
105462
105535
105545
106046
107379
108038
108156
108463
108608
108688
108845
109251
109557
109906
110533
112405
113338
113416
114512
115757
116330
117076
117275
118413
118669
120965
121123
121577
121683
122160
122649
122972
123179
123826
124393
125626
127205
127363
128446
129191
129273
129467
131337
131354
131660
131943
133013
133473
134264
134284
134312
135906
136098
136494
136495
136994
137155
137268
140374
140713
141346
141586
142250
142288
142606
142688
142718
142921
142938
143134
143275
143596
144049
144615
144626
144634
145236
145512
145921
146432
146992
147116
147876
147885
147981
148310
148379
149247
150061
150176
150703
151009
151244
151564
153200
153781
154076
154744
155567
155919
155958
156190
156346
156359
156940
157139
157483
157641
158197
159471
160188
160766
160822
162989
163174
163175
163354
163976
165153
165180
165943
166964
167217
167712
168057
168142
169017
169530
170886
171067
171230
171383
171670
172759
173655
174353
174570
174787
174937
175461
175712
176470
176873
177063
177211
177311
177438
177502
177680
177797
178255
179594
181294
181615
181796
182083
182176
182369
182809
183052
184617
185089
185432
186226
186574
186861
187632
188154
188370
188631
188796
189385
190693
191526
191755
192698
193317
193535
193923
194103
194194
196761
197037
198271
199010
201124
201355
201942
202083
202883
203078
203486
204498
205321
205572
205586
205867
205927
206126
206476
206830
207362
207399
207484
208354
208919
209444
210086
210213
210457
211809
211884
212577
212704
213168
213245
215068
216491
217348
217911
218010
218196
218342
218565
219326
219629
220291
220614
221076
221875
222237
222560
222620
222707
223938
227338
228236
230478
230570
231690
231914
231970
233884
234534
235222
235358
235396
236087
236164
236217
236461
236599
236829
237239
238245
238570
239853
240034
240069
240453
240660
241562
242519
242588
243415
243904
243999
244232
245118
246177
246184
247977
248971
249354
250289
250522
250600
250952
250996
251349
251475
251923
252252
252286
252861
253169
253195
253709
254233
255362
255732
255737
255766
255819
257548
258322
259133
259509
260394
260549
260726
260812
261587
263129
263133
263339
263889
264083
264295
264594
264635
264757
264859
265616
266142
266505
268232
269400
270183
271124
271787
271912
272355
272461
272758
272937
272956
273036
273086
273086
273952
275092
275162
275402
275518
275806
276357
277236
279397
280379
280641
281844
282165
283071
283272
283311
283811
284921
284956
285988
286332
286366
287746
287836
287942
290114
290625
291332
292125
293400
293773
293977
294045
294200
294993
295054
295276
295442
295681
295806
295826
295839
296040
296092
296134
296714
297481
298159
298629
298646
298901
299154
299385
299647
300738
300923
301171
301549
301661
301798
301854
302457
302593
302734
302879
303090
303423
303462
303548
303711
303808
304050
304238
304478
304715
304906
304916
305264
305636
305856
307811
308177
309275
309580
309836
310949
312018
312165
312282
312565
313589
313874
314563
314632
315805
316018
316409
316571
317036
317118
318079
318107
318290
319379
319388
319404
319656
320154
320550
321079
321676
322306
322614
324367
324469
325151
325178
325619
326483
326686
327703
328355
328786
328972
329357
330149
331822
332732
332844
333364
334032
335692
336756
337124
337196
338773
339357
340103
340212
340775
341365
341561
342151
343140
343542
343705
344068
344705
345578
346069
346123
346270
346310
346322
347193
347722
347761
348861
349073
349662
350720
351101
351519
352224
352743
353171
353234
353290
353294
353964
353982
354739
354903
355017
355449
356060
356306
356935
357253
357953
358381
358607
358640
358886
359040
359855
360877
361540
361910
362211
363365
363804
365443
367605
368817
368927
369210
370048
370270
370570
371236
372590
372665
372732
373032
373101
373741
374508
374644
376379
376981
377458
380030
380673
380853
380919
381202
381608
382383
382436
383198
383281
385956
386240
386771
387423
388426
388528
388853
389342
389701
389879
389894
389920
390314
390517
392051
392080
392939
393316
393805
393993
394479
394773
395119
395777
396176
396252
396323
396575
397231
397358
397987
398074
398226
398893
399615
399690
400245
400779
400953
401457
402070
402231
402243
403353
404763
405033
405284
405591
405688
405877
406223
407791
409424
409505
410431
411901
412554
414131
414431
414678
414778
415256
415832
415968
416352
416774
416810
416998
418531
418540
419159
419429
419683
419951
420522
420625
421000
421058
421241
421247
421609
422106
422283
422488
422559
422689
422736
423248
424050
424399
424764
425133
426525
426580
427066
427691
427874
428996
429893
429901
430505
434366
434409
434542
434808
435202
435217
435302
435479
435578
436171
436731
437190
438202
438304
438786
439052
439107
439657
440297
440935
441103
442107
442114
442519
443654
443697
443700
444410
445591
446817
447119
447170
447741
447750
448618
448753
449536
450064
450235
451896
452279
452550
452979
453153
453329
453664
454835
455115
455691
456012
456270
456852
456920
457752
457767
457880
458040
458326
458795
459527
459660
460271
460420
460560
460687
462306
463011
464511
464644
467638
468198
468386
471012
471108
472234
473276
473299
474219
474561
474604
474776
475706
476783
477078
477117
477177
477202
478095
478622
478757
479826
480277
481994
482064
482950
483050
483507
484443
484496
484675
485018
485327
485591
485952
486178
486428
486673
487042
487933
488193
489608
489958
490850
491286
492284
492339
492729
493068
493086
493355
493879
494580
496521
496643
496918
497671
499706
499809