449
642
647
855
2663
2879
3036
4026
4956
5036
5914
6419
8275
8424
8746
8769
9690
10584
12398
12536
12683
13011
13114
13165
13243
13879
13891
14628
14854
14863
15382
16023
16829
17896
17949
18179
18203
19161
19701
20326
21082
21695
22089
22518
22569
22738
23561
23568
24201
24349
24670
24955
25220
25474
25914
26131
26843
26935
27020
27820
28792
28809
29029
30981
31628
31928
32185
34212
34350
36720
37368
37401
38775
39360
39613
40797
41092
41774
41796
41852
41865
42574
43301
43938
44893
45430
46591
46936
47328
47760
47877
48501
49724
50244
50280
50304
50623
50902
50929
51403
51964
52415
53181
53725
54258
56595
57576
58075
58580
58600
58783
59866
60208
60694
60894
61553
61596
61749
62851
63431
64780
65380
65633
66194
66470
67490
68364
68370
68394
68610
68819
69916
70138
70264
70374
70606
71257
71872
73616
75019
75067
75085
75271
75782
76460
76874
76888
77072
77500
77766
77804
78364
78847
78867
79926
79927
80159
80437
81649
82578
83133
83385
84598
85388
85595
86270
86624
86686
86858
88276
88584
89292
89689
89929
89933
89968
90241
90373
91208
91407
93071
93256
93933
94560
94747
94929
94950
95153
95406
96011
96104
98108
98757
99856
99938
100265
100705
101195
101305
102668
103245
103441
104099
105649
106043
106059
106200
107166
108207
108813
109069
109426
110401
110960
110989
111798
112130
112732
112929
113747
114496
115394
116247
116340
116474
116619
117204
117977
118528
118572
119384
119409
119412
119530
120263
120278
120570
121628
121833
122378
122562
122689
124007
124074
124283
124858
125292
125545
125799
125804
126086
126467
126622
126664
128323
128624
129107
129406
129427
129671
129899
129907
130405
130860
132243
132846
134318
134558
136165
136346
136467
136806
136974
137249
137502
138517
138882
140344
140568
141001
141654
141818
142210
142960
142966
143975
144229
144735
144956
146142
146420
146668
146702
146886
147870
148215
148451
148531
148576
150234
150292
150735
151340
151408
151506
151672
152173
153732
154144
154244
154568
156296
156297
157006
157786
158207
159314
159702
159832
160097
160113
161224
162024
162043
163422
163933
164314
164869
165807
165843
166275
166545
167676
168495
168750
169114
169470
170903
171423
171787
172971
173336
173643
173661
174360
175567
176645
177139
177195
177235
177487
177764
178113
178295
179211
179590
179871
179936
180143
180169
180552
181175
181915
182677
183385
184898
185442
186704
186833
187313
187314
187625
188881
189544
189587
189760
190240
190932
191022
191456
192556
192571
192718
192772
193200
193357
193435
194149
194211
194277
194873
195045
195719
195932
196267
196304
196990
197364
197875
198497
198536
199030
199766
200337
200920
201264
201392
201624
201675
202519
203473
203890
204656
206849
206879
206967
207687
208366
208451
208902
209226
209233
209489
209680
210862
211552
212587
212699
212709
212947
213003
213834
214601
214746
215832
216428
216557
217180
217250
217648
218363
218630
219045
219315
220172
220774
222948
223205
223308
223524
223716
224292
224568
224960
226103
226797
227016
227407
227712
228231
228639
228832
229376
229632
229718
230450
230596
230607
230654
230873
231592
231658
233153
233648
233836
235308
235702
236866
237124
237629
237691
237788
239419
239711
239808
239912
240295
240350
240711
240767
241679
242394
242755
243408
243736
244259
244409
244682
245363
246827
246828
247103
247687
247989
248512
248676
248858
249106
249919
249965
250256
250681
251874
252137
252336
252834
253976
254206
254978
256371
256456
256936
257006
257304
257883
258207
258854
259566
260082
260948
261547
261807
262683
262982
263379
264485
265317
265565
268178
269901
269957
271604
273255
273336
273677
275136
275567
276096
276226
276317
276715
277399
277840
279354
279722
280385
281455
281480
281830
282007
282009
283143
283234
283609
283961
284130
285064
285094
285823
287276
287277
287456
287980
288135
288331
288847
288936
288963
289048
289347
289501
289889
290976
292254
292279
292939
293387
293776
293829
294388
294446
294597
294792
294838
295770
295844
296449
297437
298347
300576
301080
301235
301409
302734
302738
303036
303162
304640
305381
305491
305843
305920
305956
306948
308907
309036
309889
309898
310565
310969
311567
312052
312129
313667
313941
313969
315214
315723
315882
316007
316189
316238
316284
317010
317645
317716
320828
321979
322638
322948
323591
323605
323956
325521
325577
326462
326585
327908
328082
328482
328811
328972
329134
329467
331731
331948
332992
333062
333520
333924
334145
334444
334770
335104
335192
335385
335927
336222
336357
336672
336904
337375
338047
338785
339151
339176
339227
340857
342072
342110
343166
343528
343545
344407
344899
345314
346768
347295
347796
348043
348101
348270
348627
348850
349008
349205
349223
349556
349606
349678
349829
350646
350822
351002
351657
351675
351987
352082
352335
352348
352430
352537
352612
352727
352958
353549
353551
353588
354419
354490
354971
355111
355288
355332
356089
356169
356221
357806
358429
358825
359361
359621
360226
360540
361077
362287
362435
363541
363752
364317
364923
365970
366607
366984
367493
368539
369159
369210
369219
371115
371606
372289
372342
372430
372655
373385
374786
375137
375831
376036
376103
376674
376916
377748
378555
379237
379489
381666
381775
383754
383878
384122
385384
386643
387591
388408
389224
389704
390066
390145
390433
390590
390739
391140
391211
391244
391614
392267
393272
393484
393589
393808
394407
394490
394525
395327
395463
395517
396014
396350
396623
397260
397434
397680
398620
398948
401154
401715
401786
402515
402531
402783
403078
403479
403727
404101
404281
404509
404579
405562
406232
406272
406744
406801
407007
407101
408053
408145
408363
408571
408876
409042
409738
410680
410962
411638
412002
412025
412397
412451
412576
412674
413060
413260
413743
413855
414410
414638
415715
416194
416567
416819
417293
417616
417766
417991
419371
419964
420063
420576
421519
423295
423552
424419
424643
424729
425321
427328
428320
428744
428775
429160
429194
430185
430601
431471
431483
432167
433233
434858
436446
437182
437289
438607
439385
439431
439848
439941
440191
440358
441986
442859
443626
443979
444063
444069
445525
445887
447123
447834
447906
449595
450070
451154
451275
451479
452220
452260
452977
453269
455767
455979
456066
456384
458710
459112
459380
460223
460964
461315
461357
461464
461963
462498
462828
463483
463562
463981
464491
465296
465741
466824
467376
467840
467977
468002
468366
468569
468596
469066
469217
469744
470510
470563
470995
471575
473632
473758
474587
475451
475581
475594
475812
475980
476411
476513
476930
476958
477958
478480
478835
478949
478957
479271
479334
480426
480830
481009
481089
481856
482204
482853
485197
486238
486615
486961
486980
487843
488744
489655
489681
489764
491603
491666
494954
495498
495679
496278
496296
496492
496807
496830
496830
497247
497335
498677
498703
498843
499068
499514