52
161
337
635
1039
1276
1334
2182
2709
3569
4718
4756
5930
5973
8829
8981
9581
10403
10797
11021
11904
12283
13408
14136
14230
15278
15340
15391
15842
16335
16353
16699
17339
17340
17824
17935
18128
18439
18617
19303
20115
21271
21739
22366
22750
22903
23813
23843
24073
24081
24238
24269
25198
25231
26540
26827
27114
27525
27556
27691
27882
28096
28194
28266
29272
30293
31670
31965
32177
32328
32356
33632
34752
34840
34896
35306
36210
36706
36938
37017
37313
37396
37540
38555
39351
39367
39952
39989
40831
41163
41325
41644
41796
42487
42738
43048
43068
43221
43647
43824
43939
45046
45691
45981
46009
47109
47708
48180
48879
49320
51419
51494
51816
52354
52647
52667
54135
55565
55977
57281
57922
58466
60230
60498
61148
61797
62113
63794
64573
65205
66054
66136
66238
66352
66364
66370
66701
68746
68881
69158
69322
70236
70465
70603
71086
72211
72477
73075
73449
74514
75066
75217
75679
76164
76959
78094
78243
79724
81177
81262
81364
81406
82559
82599
83976
84104
84448
84694
84997
85313
86233
86249
86671
86744
87088
87198
87471
87768
88217
88266
88774
88942
89226
89291
89693
90009
90112
90249
90624
90932
91109
92453
92936
93241
93777
94471
94826
94838
94853
95242
96210
98069
98147
98425
98789
99454
99626
100784
100911
101176
101186
101877
102244
103602
103635
103854
104807
105073
105412
105718
105917
106102
106360
106488
107037
107694
108266
108278
108409
108732
110194
111126
112247
112428
112748
113010
113287
116750
116943
117780
117952
118654
118666
118778
118846
119402
119710
119943
120884
122364
122630
122893
123536
123794
123818
125358
125381
125651
126137
127204
128049
128404
129111
129176
129466
129827
129955
130827
130834
131509
131556
131896
134212
134770
137254
137648
137693
137899
138300
138351
139343
139685
140023
140167
140929
141077
141216
142687
142972
144241
144809
145660
145782
146020
146460
146535
146684
147178
148216
148723
148815
149107
149754
151399
151579
152204
153073
153520
153533
153823
154346
155167
155370
155525
156423
156424
157679
158323
158587
159304
160904
161336
161392
161527
161774
161978
162178
162692
163241
163341
163915
165085
166723
167186
167665
168096
168122
168287
168364
170071
170801
171723
172228
172493
173108
174163
174598
175322
175771
176492
176657
177774
178010
178567
179011
179876
182267
182403
182494
182660
184227
184241
184433
185567
185825
186738
187150
188306
189600
190821
190843
191362
191506
191803
193348
193634
193913
194207
195450
197335
197689
197693
198095
198097
198960
198982
200083
200834
201435
201523
202034
203384
203928
204521
205389
205636
205757
205830
206803
207264
207447
207478
207693
207777
207830
208488
208775
208865
209881
210320
210478
211721
211812
212752
213871
214735
215325
215364
215793
215813
216533
216743
216758
217138
217273
217440
217670
217956
218461
219178
220002
220819
223219
223525
223788
224354
225144
225536
226200
227380
227491
227728
228483
228975
228980
228988
229033
229033
229512
229630
229766
229823
229880
230742
230781
231364
233327
233640
234386
234981
235105
235140
235526
236516
237985
238606
239935
240160
240318
240641
241159
241304
241599
242203
242441
242816
243244
243601
243879
245782
245805
246961
247342
247436
247559
247656
248330
249720
251002
251169
251357
251733
252325
252963
253353
253943
254375
255559
257262
257836
258893
259100
260029
260115
260645
260884
261305
262105
262661
263921
264175
264676
265005
265711
265824
266729
268221
268557
268610
269609
271326
271344
271404
271922
272857
273482
276177
276889
276945
277700
280795
281503
281568
281841
281980
282057
282079
282197
282260
283574
284001
284768
286044
287932
288432
288821
289266
289669
290447
291641
291832
292038
292376
292616
292839
293052
293678
293906
294335
294472
294543
295318
295938
296135
296136
296452
296803
297059
298039
298754
299310
299839
300557
301173
301531
301880
301972
302124
302372
303113
305953
306134
306502
307306
309490
310420
310729
310947
311299
312340
313200
313269
313734
314376
314563
314707
315051
315483
315856
316209
317342
317941
317955
318281
318514
318631
318821
318966
319546
319814
320651
321292
321726
321889
322021
322482
322542
322560
322560
322681
323293
324059
324268
324319
325956
326470
327809
328079
328158
329703
330109
331461
331915
332285
333068
334997
335006
335726
335817
336772
336853
337201
337311
338068
338154
338545
339531
340082
341048
341087
341213
341260
341379
341429
341717
341845
343057
343924
344156
345007
345787
346261
346310
346530
346861
347394
347966
349513
349582
349716
349716
349739
350794
350986
351186
351484
352278
352420
352575
352696
353069
353159
353528
354055
354204
356334
356502
357518
357929
357933
359565
360092
360387
361300
361315
361488
362169
362912
363703
364482
364630
365343
365465
365482
366541
366817
367424
367544
367603
367629
368068
369331
370431
370830
370982
371160
371430
371855
371985
372866
373447
373534
373744
373749
374095
374209
374772
375666
375971
376654
376802
377432
377570
377583
377890
378110
378886
379870
379911
381019
381020
381193
382573
382617
382771
382808
383314
383515
384614
385061
385414
385455
385518
385606
386613
388702
389040
389478
391016
391576
391984
392966
393156
394086
395394
396448
396565
396583
396840
397111
397738
398313
398982
399244
399551
399696
400182
400644
400786
401568
401989
402389
403023
403053
403447
403707
404555
405161
405508
406996
407212
407276
407647
408172
408834
409418
409894
411552
411924
412270
415072
415193
415670
415794
415829
415884
416143
416153
416428
417587
417749
417816
418572
418670
419261
419550
419896
420443
420532
420746
421332
421404
421971
422249
422424
423589
423928
425457
426008
426049
426132
428125
428481
428856
429909
430079
430277
430447
430450
430563
430965
431071
431182
431237
431436
431517
431773
432493
432507
433892
434205
434997
435640
435891
436696
437460
437767
437848
438066
438203
438813
439040
439363
439392
439871
440968
441209
441373
441374
441769
442813
442849
442859
443105
443170
443477
443841
444026
444168
444311
444536
444903
446018
446234
447032
448242
448431
448513
448522
448947
449333
450006
450709
451243
451365
451492
452622
452950
453433
453684
453950
454087
454136
454173
454244
454278
455009
455816
457387
457455
457687
457777
457843
458719
459281
459329
459361
459930
459997
460038
460434
461019
461062
461160
461807
462383
462448
463428
464003
464004
464342
464410
465136
465249
465785
466187
466394
466476
466561
467239
467610
468047
468074
468464
468814
469143
469253
469356
469759
469763
470144
472046
472500
472513
474849
475976
476619
477560
478273
478278
478483
478518
480026
480125
480172
480265
480523
481375
481713
481932
482082
482691
482816
483451
483745
484431
484677
484841
485504
485515
486110
486121
486634
487418
487632
488830
490291
490637
490758
490982
491367
491646
495052
495748
495840
496837
496998
498041
498050
499746