580
913
1859
2136
2356
3372
3786
4347
4411
4794
5353
6186
6556
6746
6991
7922
9110
11744
11896
12392
12419
12457
12484
12891
13119
14286
16665
16960
17287
18188
18298
18379
18822
19565
19846
19900
20158
20447
20588
20860
20892
21026
21648
22267
22295
22769
23861
24020
24114
24577
24890
26185
26544
26596
28740
29813
30238
31228
32626
34246
34642
34861
35007
35094
36348
36939
37254
38149
38712
39101
39603
39935
39940
40317
40498
41090
41852
42211
42417
42509
42633
42744
44399
44760
45494
45536
45658
45939
46107
47641
48748
48761
48893
49012
50337
50613
51067
51947
52470
53526
53729
54109
54165
54255
54521
56640
57123
57354
57927
57959
58022
58158
58245
58468
59111
59176
59846
60198
60256
61038
61134
61343
61378
61522
61612
61689
61727
61734
61740
62257
62259
63267
63461
64208
64664
64833
64956
65236
65603
65794
66882
67245
67357
68009
68629
70523
70643
71218
71313
71999
73608
73752
74533
74666
74928
75092
75481
75549
75868
75880
75897
76316
78464
78643
79547
80406
81239
81548
81571
81870
82193
83932
84954
85553
85783
85994
87008
87786
87928
88643
89585
91542
92372
93663
94183
94431
94852
94911
95454
96135
96142
96279
96964
97103
97628
97823
97824
97897
97956
98212
98970
99137
99189
99504
99927
100259
100384
100589
102486
102757
102986
103522
104544
104583
105328
106940
107010
107815
108191
108534
108658
109246
109603
110414
111122
111267
111760
112133
112702
113300
113880
114121
114143
114370
116352
116392
116450
116615
116704
116811
117795
117801
118824
119118
119971
121174
121185
122428
123438
123464
124035
124608
125743
125923
126203
126497
126870
127579
128349
130603
130931
131550
131613
132405
132429
132706
133476
134427
134911
135641
136172
136728
137370
137903
138088
138276
138570
138737
139116
139819
139993
140073
141396
141415
141773
141945
142125
143479
143618
143779
144114
144608
145722
145812
146587
147022
147197
147682
148553
148605
148721
148751
149838
150232
150486
151933
153298
154282
154728
154919
154965
155345
155516
156031
156169
156218
156434
156539
156874
158405
158914
158959
160031
160741
160911
161471
162530
163465
163826
164316
164467
164756
164903
165147
165306
165846
165993
166011
166454
166817
167137
167586
169242
169524
169772
170353
170665
170966
171347
171818
172331
172401
173839
173902
175118
176725
176989
177059
177505
177900
178005
178215
179061
180121
180445
182847
183112
183216
183371
183536
184026
185379
185381
185946
186238
186813
186981
187015
187585
187586
187663
187832
187851
188350
188450
189096
189705
190259
190544
190648
191130
191765
192041
192516
193760
193877
194824
195104
195532
196041
196205
197085
197285
197621
198374
199115
199250
200303
200477
201852
202156
202173
202557
203019
203027
203378
203398
204400
206145
206341
206487
207148
207423
207585
207625
208117
208458
208520
208643
209242
209314
209526
210209
210311
210352
210652
210914
211378
211681
212544
212855
213434
214286
214897
215592
215987
216842
217807
218087
218731
219024
219086
219760
219847
220443
220775
220787
221109
221698
222493
222588
223238
224043
226148
226665
228593
228596
229475
230361
232023
233653
233725
233949
234827
235015
235058
235414
235899
236104
236138
236802
237400
238344
238679
239046
239230
239987
240904
242030
242102
242390
242631
243058
243669
244005
244177
244332
244452
244635
245181
245341
246585
247894
248175
248189
249364
249563
250135
250196
250659
250686
250840
251053
251822
252090
252873
252956
253602
253895
253935
254022
254613
254617
255916
256112
256406
256504
257016
257234
257587
257711
258129
259309
260389
260605
261132
261356
261932
262970
263601
264827
264981
265109
265570
265646
265915
266021
267097
267501
267594
267951
268226
268891
268937
269912
270229
270588
270928
272150
272665
272986
273015
273318
273693
274216
274414
275089
275556
276165
276642
276688
276874
277135
278393
278410
279177
279348
279569
280013
280525
281644
281736
283946
284251
285447
285554
286388
288439
288641
288642
289860
290627
291963
292153
292317
292593
292715
293591
293970
294333
294730
295035
296956
297867
299070
299908
299916
299977
300067
300140
300169
300779
301163
301515
301535
304130
304816
304985
305258
305278
308076
308270
308643
309562
310712
312459
313516
313581
314029
314618
315042
315094
316272
317031
317109
317560
317585
319320
321309
321326
322064
322149
323714
323764
324819
325044
325284
325606
325741
325823
326530
326719
326990
327770
327936
330126
330555
330879
330963
332371
332412
334278
335457
335565
335606
336591
337500
337518
339086
339364
339963
340189
341010
341438
341975
342379
342827
343340
344281
344426
344844
344989
345272
346700
346878
347874
348028
348109
348852
348988
349162
349397
349413
349667
350574
351848
352112
353795
353881
353889
354069
354096
354896
355067
355280
355815
356026
356309
356704
356804
357030
357771
357842
357944
358004
358616
358665
358824
358876
359498
359781
360087
361504
361726
362370
363020
363384
363482
363608
363839
364064
364115
364300
364814
364877
365078
365410
365507
365572
365650
365792
366211
366232
367043
368144
368531
368657
368970
369351
370421
371446
372461
372857
372965
373583
373865
374184
374257
375793
375861
377156
378128
379194
379702
380243
380569
380597
380741
381488
381818
382003
382691
383010
384033
384211
384728
384897
385658
386186
386624
386954
387016
387796
387887
389751
389942
390099
390714
390773
390790
391190
391366
392468
393029
393074
393316
393533
393883
393983
394150
394218
394638
394755
394845
397346
397490
397739
398569
398901
400594
400604
400844
401966
402019
402208
402737
403080
403402
404211
404734
404793
404965
405003
406121
406219
407252
407581
407892
408052
411404
412011
412036
413040
413891
413894
413965
414862
415142
415484
417549
418331
418619
418669
418673
419348
419584
419917
420204
420248
420464
420620
421805
422066
422447
422638
422914
422932
423249
423960
424171
424894
425277
426196
426745
427071
427213
427337
427755
429094
429566
429783
430286
430500
430866
431721
431882
432295
433255
433343
433894
434181
434413
434433
436223
436367
437159
437862
438618
439303
439403
439701
439720
441244
443978
443998
444118
444319
444369
444481
445488
446128
446304
446356
446384
448925
449871
451066
451357
451687
452201
452457
453268
453759
454454
454864
455099
455620
455683
455727
455868
455878
456827
456843
457291
457418
458046
458244
458719
459617
459946
460106
461308
462303
462614
463571
463760
463761
464356
465420
465776
466010
466166
466619
468495
469002
469111
469351
470829
471918
472789
472960
473156
473250
473254
473902
474086
474563
474730
474866
475013
475178
475468
476829
477150
477342
478574
478642
478705
479221
479482
479565
480222
481862
481962
482831
483241
483553
483600
484280
484591
486396
486802
486942
487408
487960
488315
489330
489580
489821
491065
491641
491996
492373
494359
495334
496132
496686
497032
498836
499159