4
1024
1364
1758
2374
2550
2554
2639
2807
2973
4008
4299
4751
4753
4838
5589
5606
6200
6970
7286
7501
7757
8217
8624
9403
9912
10354
11036
11890
12397
12462
12500
12700
13266
14548
15880
16708
16731
16750
17944
19489
21235
21713
22114
23026
24225
24524
24673
25014
25512
25946
26188
27056
27276
29323
29937
30234
31275
31531
32144
32486
33547
33900
33984
35417
35717
37124
37229
37392
38615
39335
41094
42253
42275
42536
43267
43629
43642
44191
44392
44893
44893
46481
49425
49427
50167
50394
50793
51633
52021
52105
52190
52437
53286
53540
54712
55013
55926
56205
56319
57053
57693
58128
58801
59338
60099
61714
62495
62511
62596
63120
63789
64215
65046
65917
65932
66701
67921
67954
68112
68634
68909
69505
69780
70208
71788
72157
73145
73689
73711
75100
77798
77806
78657
79784
80742
80929
81117
81397
82125
82578
82967
83737
84382
84895
86737
86793
87096
87197
87241
87663
88091
88593
89378
89628
89849
91019
91088
91424
91487
91577
93026
93267
93930
94671
94806
96952
96968
97802
98390
99196
99646
99918
100107
100304
101189
101457
101920
102097
103341
103355
103390
103786
104109
104618
105390
105939
106150
106414
106826
107039
108074
108099
108146
108215
108249
108282
108427
108725
108821
109055
110672
110798
110837
111830
112232
112296
113678
113721
113829
114760
115158
115709
115723
116145
116227
116617
116870
117200
118031
118118
119123
119705
120046
121347
122920
123266
123676
124428
124806
126313
126538
126782
127422
127631
127673
128366
128464
128565
129890
129890
130104
130329
130394
130561
131122
131648
131850
132992
134770
134862
135137
135712
136076
136139
136426
136488
136868
136959
138232
138746
138887
139131
139327
139353
139626
139912
140401
140456
140547
140551
140894
141638
141875
142035
142051
142118
142220
143951
144222
144478
145022
145035
145979
146052
146201
146977
148719
148726
149134
149395
151719
151739
152428
152816
153396
153559
153830
154221
154462
154878
155499
156305
156351
156476
156523
156722
157157
157348
157735
157965
157985
158208
158212
159331
159383
159587
160171
160684
160716
160748
161913
162202
162441
163665
164380
164419
164724
164934
164975
165144
167563
168083
168925
168992
169191
169377
169801
169881
169953
169967
170027
170818
170971
172100
172349
172762
173056
173285
173568
174099
174399
174594
175663
176558
177051
177133
177747
177961
178458
178828
179030
179547
181414
181463
183437
183723
183723
184213
184244
184504
184802
185511
186653
187958
188048
188328
188439
188440
188536
189077
189324
189528
190035
190093
191859
192278
192757
193984
194046
194666
195720
196164
196978
198263
198463
198729
198955
199139
199597
199690
199803
200030
200567
200673
202716
202941
203004
203230
203332
203995
204365
205119
205200
206617
208440
208460
210845
211114
211588
211591
212125
213333
213382
214100
215428
215882
216094
216229
217306
217395
217426
217541
217597
218605
219474
219619
219863
220853
222001
223552
223699
224100
225777
225884
226004
226554
226573
227835
228854
229644
229711
229985
230009
230076
230173
230463
230816
231229
231746
233557
233581
233713
234557
234580
235151
236363
237072
237829
238254
239336
239515
239590
239904
240828
240928
241536
242583
242757
243346
245141
245748
245925
246464
247081
247396
247860
248090
248492
249170
251265
252960
253032
253243
253547
253775
253877
254173
254449
254510
254730
254898
254925
256438
257419
257558
258280
258286
258336
258430
260057
260185
260728
261072
261425
261916
261921
262184
262815
263317
263705
265001
265485
266216
266958
267031
267076
267501
267676
267710
268158
269803
270525
271060
271193
271654
272035
272231
272258
272652
273084
273247
274892
274895
275605
275775
276241
276782
277013
277338
277365
277941
278193
278541
278635
278663
279543
280230
281800
282087
283253
283700
283893
285365
285792
287511
287692
288278
288617
289217
289243
289318
289746
289901
290109
290708
291092
291285
291418
291562
292128
293118
293265
293268
294082
295413
295514
298328
298785
299779
300084
301268
301311
302107
304522
304919
305738
306190
306257
306276
306320
308233
308484
308935
309320
309406
311124
311537
311817
312183
313361
313627
313773
314332
315305
315927
316148
316150
316613
317012
318197
318642
319188
320314
321897
322008
322190
322619
323813
324923
325341
325650
326027
326074
326834
327649
327931
329154
329180
329339
332184
333346
333683
333772
333966
336053
337256
337730
337814
338607
338680
339696
340049
340313
341167
341336
341579
341709
342084
342607
343634
343934
344131
344486
344622
344828
345211
346086
346242
346338
346349
347180
347602
349169
349486
350011
350090
350419
351134
351475
351579
352508
352555
352782
353087
353461
353908
354673
354791
355044
355729
356612
357070
357740
359961
360006
360287
360288
360554
360847
360982
361140
361749
362030
362071
362157
362621
362767
363056
364821
365366
365393
365631
366328
366454
366616
367099
367387
367788
369223
370336
371027
371277
371811
371865
371923
373632
374787
375548
375859
376591
377095
377182
377282
377329
377950
377952
378313
378403
378992
379176
379936
381033
381259
381939
383386
383499
384775
385752
385871
386522
386712
387309
387472
387603
387979
388226
388313
388460
388682
388724
389158
390267
391544
391890
392019
392672
392822
392940
393368
393460
393521
393527
393990
395196
395674
395742
396024
396045
396167
396217
396338
396369
396430
398319
398552
398593
400348
400533
401219
401541
403048
403314
403536
403891
404998
405119
405123
405915
406293
406932
407009
407173
407233
407548
408585
409569
409786
410071
410166
410474
410801
411253
411453
411638
412692
413499
413620
413733
413968
414149
414751
415351
416898
417477
418236
418831
419077
419197
421146
422132
422947
423147
424302
425629
425710
425819
425991
427437
428346
428612
428764
429465
429624
429772
430026
430071
430578
431941
432189
432347
433173
433630
435021
435962
436143
436389
436537
436601
436783
436790
437356
437773
439008
439560
439774
440086
440265
440358
440402
440502
441107
441123
441493
441671
441675
442704
443117
444251
444883
445015
445073
445186
445293
445465
446027
446487
446504
447397
447811
447929
448024
448164
448316
448770
449195
449355
449499
449537
450086
452091
452396
452911
453270
453622
455811
456094
456825
457148
457680
457939
457950
457987
458554
458913
459405
460653
461235
461919
462507
462820
463221
463429
466793
467024
467303
467683
467714
468437
469331
469497
470139
470780
471388
472823
472935
473172
473277
474567
475536
475853
476025
476714
476981
477009
477162
477257
477401
477756
478326
478343
479574
480472
481085
481137
481438
481836
482290
483666
485626
485870
486117
486678
486819
487130
487666
488024
489140
489273
489510
489645
489835
490132
490411
490551
490986
491082
492645
492666
492881
493136
493251
493503
494280
494779
494952
494979
495001
495450
495709
495843
495990
496392
496884
497105
497442
497849
497968
499456
499468