227
978
1037
1069
1851
2063
2360
2954
4408
4906
5091
5115
5793
6295
7533
7622
8600
9118
9187
9640
9685
9703
9990
10172
10263
10685
12467
13291
13800
14214
15574
16462
16533
17382
17513
18395
19796
20735
21253
21291
21356
21835
22610
23017
23024
23716
25213
25567
25869
26923
27421
27523
27886
28051
28338
29054
29371
29566
29671
29914
29915
30171
31437
31604
32207
32242
32378
32511
32641
32848
33151
33325
34721
35513
36209
37234
37736
37894
38032
38766
39708
40325
40879
41174
43962
46985
47227
47713
48463
49756
50183
50194
50404
50419
51337
52455
52474
53081
53411
53932
54197
54293
54310
54377
54977
55630
55786
57550
57902
58464
58959
59073
59331
59376
61816
61926
61961
62020
62615
63598
63703
63930
64591
65395
65685
66251
66319
66586
66693
67205
67467
67856
67884
68296
69032
69149
69461
69546
70831
71448
71747
72090
72243
72844
74178
74826
75088
75353
75553
76394
78417
78432
79210
80881
81491
81694
81811
82157
82270
82806
83692
83822
84069
84719
84769
84804
85834
86655
86794
88032
90383
90674
90926
91842
92896
93436
93444
93876
93989
94993
95087
95198
95343
95733
95772
96020
96285
96313
96465
96570
98850
99302
99885
100744
100815
101311
101618
101904
102966
103032
103034
104719
104777
106009
106969
107598
108822
109962
110463
111610
111997
112688
113308
113919
114043
114233
115037
115075
115274
116762
116786
117206
117429
118642
119395
119397
119510
119649
119808
120802
121113
121663
122127
122199
122371
122423
123135
123679
124368
125041
125369
125748
126421
126503
126894
127088
127883
129954
131387
131600
131810
132167
132599
132694
133109
133446
133742
133939
134692
134924
135204
135304
135458
136305
137325
138321
139581
140320
140514
140518
140735
140779
142050
142707
144143
144189
144733
145631
146269
146594
146773
147400
148529
148643
148852
149089
149445
149858
150086
150615
150907
151378
151402
152371
153187
153417
153911
154217
154582
155388
155617
155666
156483
156966
157108
157269
158075
158349
158520
158546
158564
158928
159284
160095
160348
161735
161787
162433
162465
162863
163726
164217
165142
165166
165872
167152
167811
168065
168122
168611
168632
169233
169721
170202
170568
170609
170814
171370
172398
172546
172848
174574
174836
174944
175463
175710
176702
176739
176985
178442
179129
179639
179915
180447
181348
181484
181797
181904
182019
182346
183012
184717
184929
185063
185180
185959
186286
186586
186656
187204
187214
189183
189580
189699
190128
192183
192241
192609
192763
193372
193507
194364
194849
197017
197173
197368
198093
200637
200953
202003
203692
204254
204495
204995
205181
206979
208049
208064
208671
209221
209818
210007
210050
211105
211124
211446
213509
214322
215299
215401
215442
216310
216928
216993
217701
217988
218455
218564
219338
220390
220571
221702
222105
223344
223374
223960
224440
225654
226034
226054
227036
227404
227641
227823
228644
228678
228738
229064
229566
229686
231326
231870
232195
232413
232660
233382
233717
235753
235769
235907
235982
236076
236311
237082
237275
237469
238451
238824
239078
239234
239270
240179
240558
240586
240734
241861
242355
243063
243917
244366
244582
245417
245455
245708
246094
246582
247645
247676
248264
248553
248562
248916
248984
249137
249381
251010
251043
251745
251928
252190
252387
252473
252571
253451
253592
255973
256141
256440
256720
257215
257243
257388
257559
257715
259774
260040
260502
260866
261251
263060
263141
263483
263495
263973
265123
267410
267612
267752
268548
268945
269856
269906
270075
270193
270322
271684
271693
271848
271960
273557
273976
275291
276279
276626
277115
278920
279262
279870
279949
280859
281002
281191
281856
282214
284825
284911
285249
285281
285349
285353
285626
286092
286297
286967
287129
287173
287244
287468
288286
290034
290354
291061
291270
291456
291631
291641
291710
291799
291909
291993
292093
292353
292449
292491
292930
292982
293774
294171
295273
295411
295801
296619
297028
297118
297206
297267
298444
298555
298666
300429
300686
301426
302437
303894
305635
306874
307157
307506
307612
307979
308315
308475
309354
309688
310200
311787
312027
313027
313387
313575
313708
314019
314722
316668
317153
317487
317906
318036
318293
319242
319286
319408
320349
320960
321069
322566
322782
323295
323703
323786
324145
324757
325485
325577
326339
326868
327354
327477
328309
328951
329813
330268
330594
330611
331742
332163
332244
332388
333090
333643
333684
334660
335521
335856
336970
338800
339311
339789
339814
343594
343808
343932
344154
344359
345239
345942
346817
346939
346967
347174
347356
347529
347637
347642
348302
351373
351426
352207
352453
352653
353153
353529
353628
353633
353921
354139
355914
357582
357753
357936
358057
358173
358696
359194
359515
360208
360698
361124
361852
362519
362639
362766
362790
363190
363628
363863
363957
364632
364800
365569
365723
365862
367219
368557
368774
371886
372837
373299
373395
373425
374306
374409
375511
375582
375662
375797
377220
377269
377417
378582
378793
378915
378930
379205
380310
380351
380425
381497
381865
382161
382207
382245
382312
383342
384825
385976
386269
387604
387816
388833
389459
391039
391626
391789
391891
392397
393341
393764
393984
394125
394268
394725
394806
395004
395172
395350
395399
396603
396732
397109
397702
397953
398033
398819
399328
399598
399676
400631
401067
401147
403845
404603
406485
406696
406739
407829
407836
409084
409372
409495
409652
409833
410173
410497
412011
412403
412489
412973
413078
413408
413517
413732
414035
414243
414555
414816
415243
415329
416542
416805
417193
417257
417550
417616
417625
417907
418273
419042
419604
421699
422263
423096
423368
423797
423889
424944
424952
426226
426951
427903
428852
429229
429574
429734
430485
430513
430532
431452
431462
431552
431611
432299
433355
433607
433816
434024
434333
434554
434789
435825
436123
436457
437206
438658
439933
440023
440237
440620
440745
440748
440828
441319
442199
442622
443514
443516
443987
444159
444284
444624
445591
445646
446357
446448
446521
446633
447247
448679
449142
449548
449982
450493
450636
451087
451267
451970
452118
452444
453446
453801
454009
454360
454403
454499
454750
455012
455582
455790
455922
455965
456065
456074
456450
456716
456837
457230
457482
458755
458832
459029
459141
460137
460666
461413
461781
462530
463029
463127
464003
464289
464414
464761
465383
465847
466611
466676
467159
467229
467530
467767
467785
467860
468497
469469
469495
470263
470292
470877
470928
471123
471605
472397
473004
473104
473347
473838
474806
474919
475298
475456
475580
475584
475867
476625
477270
477313
478183
478365
478734
479965
480175
480185
480653
480754
480760
481005
481507
482387
482488
483086
484491
484636
484997
485813
486527
487117
487291
488136
489231
489346
491156
491206
491573
491636
492319
492612
493026
494042
495139
495319
495602
495625
495779
496491
497446
498086
498281
498566
498916
499192