991
2512
2583
2840
3606
6835
8258
8856
8948
9275
9521
9665
9790
10022
10685
10825
11216
11249
11376
11677
11943
12135
12280
12693
12922
13362
14062
14242
14585
15484
15981
16069
18734
19131
19733
19851
20002
20603
21214
21834
21949
22423
22593
22603
22695
22929
23616
23970
24595
24938
25248
25731
25798
26140
26579
27359
27412
27481
27614
27841
27878
28295
28360
28975
29260
30263
31059
31656
32103
32404
32632
32759
33251
33316
33730
33894
35098
35492
37248
37807
38125
38386
38401
38464
39044
39514
39725
39980
40532
40571
40824
41339
43424
45222
45880
45897
47414
47478
47827
48073
48536
48579
48826
48949
49015
49619
50015
50248
50686
51161
51406
51442
51478
51640
51870
52074
52161
52185
52416
52819
52873
52976
53399
53412
54000
54317
54628
54949
55022
55354
56026
56204
56347
56697
57416
57416
57971
58119
58291
58634
58637
59774
60244
60414
60568
61637
62404
62608
62777
63014
64516
64586
65414
65692
65870
66286
66601
66603
67351
67742
67922
68725
68745
69373
69737
70109
70234
70332
70610
72159
72505
73077
73119
74637
74990
75708
76425
76634
76928
76967
77202
77637
78509
79509
80004
80274
80312
80501
80824
81537
81788
82302
82852
82914
83180
83279
83408
83482
83520
83568
86513
87119
87702
87714
89430
89522
89638
90051
90502
92468
92809
95051
95545
95574
95765
96832
97350
97406
97962
98156
98209
98885
98894
99007
99137
99287
100023
100413
100457
101037
101388
101600
101625
101722
102373
102596
103672
103859
104153
104591
105139
105452
106581
107621
108226
109269
109278
109572
109620
110333
110563
110793
110854
110918
111001
111969
112263
112940
113007
113056
113989
115893
115984
116932
117294
117978
118123
120316
120621
121251
121314
122629
122807
123766
124542
125484
125957
129809
130036
130070
130273
130277
130382
131441
131494
131844
133017
133089
133157
133810
133984
134101
134352
135268
135332
135436
136670
136748
137971
138011
138069
138080
138575
140343
141313
141406
141797
142273
143526
143863
144355
144364
144597
144743
144807
145098
145275
145673
146425
147028
147641
147650
148275
149446
150189
150464
150724
150908
151081
151590
151711
152357
153172
153467
154311
154710
155044
155424
155455
156407
156619
156962
157154
157281
157678
158451
158613
159210
160340
161093
162218
162320
167095
167572
168644
168803
169212
169785
170110
170826
172158
172304
172870
173020
173023
173071
173231
173373
174167
176452
176878
177467
177642
177660
177748
177920
178246
178992
180061
180170
181567
182496
182530
183200
183459
183502
183593
184138
184510
184520
185686
185896
187033
187035
187156
187452
188214
188348
188482
188871
188902
189039
190833
190920
191034
191698
191751
192320
192576
192943
193279
193480
195165
195656
196473
196581
196866
197069
197975
198378
199206
199589
201639
202991
203105
205380
205434
205528
206004
206386
206758
207165
207232
207363
207468
207806
207873
209437
209954
210061
210376
210458
211049
211707
211785
212060
212104
212679
212945
213789
214338
214732
214937
215366
216186
217052
217175
217246
217494
219175
219947
220716
221191
221846
222687
223041
223492
223920
224507
224588
224859
224936
225314
225467
226254
226418
226615
226957
228121
228419
228587
228679
228739
229590
231285
231540
231650
232733
233081
234504
234608
234959
234970
235357
237123
237422
237449
237877
238078
238847
238925
239243
239954
240764
240783
241385
241566
241633
242291
244184
244308
244332
244872
245223
245531
246515
247793
249642
249985
250442
250632
251036
251546
251553
251767
251869
252628
252696
253787
253951
254347
254428
255583
257029
257724
257763
258027
258095
258288
258524
259217
259594
260422
260876
261642
261866
262047
263043
263138
263888
263993
264841
265121
265800
266174
266249
266513
266607
266687
267257
268070
270453
270458
270886
271083
271958
273430
273856
274411
275235
275267
276651
276881
277133
277559
277664
278606
278822
278911
279071
280358
280685
280857
281180
281323
281337
281930
282830
283206
285505
285653
286216
286811
287870
288530
289265
289770
292105
292589
292606
292719
294851
295007
295451
297139
297274
298129
298487
298561
298640
298795
300009
300794
301594
302199
302373
302390
302997
303857
305697
305932
305950
306212
306300
307266
307382
307508
307687
309180
309619
309825
309987
310480
310531
310571
311050
311195
311757
312987
313091
314682
314886
315072
315586
316749
317475
318738
319018
321898
322445
323260
323834
324952
325467
325820
325919
326296
326394
326616
327180
327269
327828
328548
328811
329159
329848
330232
330865
331306
331938
332137
332255
332813
333406
333628
334267
334666
335275
335586
335744
335748
335759
335959
336015
336367
336896
337298
337635
339245
339679
340059
340096
340107
340673
340776
341681
342234
342864
343769
345014
345245
345508
345780
346762
346809
347004
347469
347731
349230
349720
350912
351001
351219
351405
351637
353636
354528
354624
354933
355677
355979
356105
356496
356850
357054
357568
357997
358033
358320
358432
358644
360216
360619
361195
361744
362411
362655
363262
363419
363515
363896
364923
365169
367680
367910
368727
368741
369264
369377
369622
369650
369780
370517
370947
371095
371166
371245
371302
371571
372207
373127
373333
374130
374932
375624
376898
377632
377769
378454
378848
379886
379993
380031
380569
381580
382143
382234
382409
383402
383804
383862
383967
384935
385493
385540
386775
387141
388334
389335
389598
389754
389909
389943
390026
394258
394545
394879
396077
396231
396695
397133
397392
397418
398574
400067
400095
400279
400307
401877
402954
403017
404938
405316
405693
405799
406622
407300
407466
408019
408216
408242
408478
409006
409137
410042
410269
410303
410497
411143
411929
412867
413803
414518
416184
416301
416583
416858
417146
417997
418074
418197
418570
419280
420113
420374
420597
420796
421000
421186
421902
423398
423421
424165
424837
425214
425812
427075
428500
431195
431517
432592
432707
433398
433608
433929
434248
435048
436589
436904
437322
437386
437829
438502
438626
438797
439366
439934
440875
441478
441673
441767
441878
442585
442873
442901
444469
444779
444897
445063
449288
449432
450118
451108
452091
452866
453351
453368
453808
454767
454931
455224
456011
456566
456614
456956
457255
457541
457786
457851
459653
459835
460569
460973
461014
461053
462043
462701
463019
463244
463332
464302
464787
465964
466025
466239
466240
466280
466689
466692
466731
466824
468275
468874
469213
469596
469610
471153
471158
471931
472409
475517
475608
476407
476722
476796
476917
477740
478788
479544
479814
480074
480090
480417
480750
480972
481278
481476
481858
482817
482866
482961
483372
483831
483901
484166
484499
484808
484903
485348
485529
485620
485903
486455
486497
487491
487853
488056
489453
489487
491353
491694
491736
491830
492484
492591
493031
493069
493877
494132
494172
494846
495027
496358
497519
497618
498410
499310
499401
499456
499990