71
328
376
480
787
2115
2810
3485
4278
4595
4756
4904
6649
6741
6846
7757
7948
7978
8306
8715
9328
10041
10276
10587
10761
10795
11046
11212
12014
12036
12654
13890
14115
14240
15248
16094
16933
17801
18627
18773
19285
19370
19484
20064
20292
20337
20587
20967
20988
21570
21601
21981
22019
22806
23554
23704
24315
25340
25782
26028
26039
26808
26969
27318
29307
29559
31064
31498
32279
32363
32535
32765
33779
33919
34411
34846
35375
35422
35839
36459
38496
38728
39903
40360
40520
40654
41047
41639
41761
42522
44138
45814
46076
46124
46251
46951
47736
48086
49009
49971
51628
51697
53450
53638
54113
54398
55773
56480
56984
57190
57225
57695
58595
58758
59067
59500
60089
60396
60763
62069
62203
62229
62340
62378
63816
64600
64992
65193
65405
65438
66147
66767
67179
67348
67979
70931
71031
71372
72405
72962
73224
73671
74507
74630
75025
75428
75852
76640
76968
77773
78335
78510
78936
79467
79875
79972
80417
80885
80976
81072
81229
81760
83161
83975
84140
84590
84635
85766
85913
86040
86911
87070
87191
87191
87292
87685
87702
88143
88629
89596
90450
90577
90668
91421
91531
92548
93081
93144
93468
94395
95018
95130
96681
97369
98194
99594
99832
100219
100969
101616
101727
101926
102133
102502
102898
104165
104253
104510
104530
104635
104885
105701
105775
106811
106975
107411
108580
108715
108906
109381
109601
110540
110885
110893
112489
112561
113223
113457
113889
114299
114478
115976
116161
116558
117710
117759
117795
118074
119065
119212
120044
120494
120895
121000
121022
121287
122077
122256
123464
123645
124650
125436
125653
126256
126519
126596
126842
127041
128060
128076
128527
128795
129923
130591
130671
130710
130957
131359
131554
131899
131996
132415
133980
134236
134846
137754
138126
138654
138999
139275
140066
142259
142597
143104
143178
144550
144928
145275
145624
145926
146344
147358
148010
149151
150562
151894
152682
153203
153239
153484
153494
153578
156248
156470
156791
157683
157905
158914
159693
160065
160424
161386
161619
161965
162921
163035
164468
165354
165538
166367
166466
166608
166832
166941
167355
167438
168849
168900
168958
169466
169803
169909
170334
170776
170854
171066
171830
171834
172767
173110
173163
173589
173605
174956
175082
175169
175696
176982
177068
177448
179028
179683
179813
180003
180289
180466
182157
182527
183283
183925
184385
184538
184725
185042
185545
185758
186403
186804
187743
187753
188195
188463
188905
189635
189677
189750
190455
190669
192053
193051
194765
194848
194902
194942
195124
195359
195484
196602
196944
197215
197488
197726
198398
198990
199941
200767
201141
203727
203961
204349
204637
204765
205157
205265
205267
205479
205572
205881
206128
207132
208612
208704
208888
209699
209949
210135
210157
210605
211309
211311
211971
212926
214095
214111
214894
215203
215501
215728
216127
216262
216803
217310
217352
217604
218138
218714
220582
221584
221714
221884
224146
224608
224759
225402
225667
225911
226198
226338
227144
227739
227844
229915
230072
230270
230664
231758
232331
232920
232969
233098
234365
234758
235819
235930
236337
236724
236769
236927
237394
237739
238480
239147
239451
240318
240650
240956
242042
242552
243492
243914
243978
244606
244803
244845
245158
245481
245891
245896
246026
246272
246302
246508
246943
247069
247361
247540
248113
248222
248384
248430
248730
249129
249495
250174
250332
250395
251342
251552
251572
251581
251752
252144
253665
254508
254513
254591
254608
254829
256245
256670
256854
257162
257425
257481
257606
257671
257730
257866
257877
257940
257998
258402
259093
259220
259505
259943
259981
262411
262938
263240
263280
263558
263910
264354
265710
267358
267534
268192
269052
269963
270274
271742
272620
274369
275534
275559
275700
276526
277192
278621
278732
279257
279259
279309
279481
279731
279941
280118
280596
281411
281626
281996
282802
283075
283467
283595
283735
283890
284320
284644
285298
286028
286230
286860
287033
287039
287044
288248
288286
288670
288712
289470
290314
291428
292007
292883
293243
293384
293581
293837
293978
294136
294250
294326
294568
294960
295279
296120
296485
296683
296691
296724
297136
298228
298772
298776
299065
299304
299799
300927
301916
302122
303673
303873
303874
304029
304548
304564
304801
304818
305229
306586
306911
306959
307535
308574
308953
309227
309642
310504
311284
311638
312948
313206
314205
315625
315867
315954
316791
317255
317267
317272
317924
318359
318413
318970
320594
320756
322126
324051
324124
324563
324755
326281
326414
326492
326620
326821
327836
327861
328565
329839
330921
330942
331007
332307
333638
333871
333898
333951
334292
334366
334888
335009
335251
335981
336292
336431
336913
337065
337443
337751
340562
341195
341203
341747
341983
343543
343901
344181
344300
344373
344754
344895
346559
347580
347594
348934
349225
349754
351351
351677
351788
352492
352595
353649
353728
353871
353931
353962
354082
354339
355182
355242
355769
356353
357598
358764
359902
360663
360932
361485
362448
363542
363609
363900
364033
364292
365347
366142
367134
367204
367289
367974
368003
369090
369786
370164
370361
370944
371819
371957
372089
373540
373621
373987
374258
375342
375569
376884
377028
377295
377512
378092
378772
378816
379717
379937
380104
381078
381261
381942
382292
382477
383450
383666
385151
385292
387157
387370
387400
388145
388493
388503
388996
389504
389767
390394
390542
390585
390641
390796
391251
391442
391448
391795
392061
392435
392549
393759
393874
393898
394164
395324
395707
396681
397244
397441
398705
398747
398756
398789
398974
399791
399917
401180
401286
402229
403701
403912
404735
405306
405886
405968
406896
407191
408038
408234
409340
409728
409747
410024
410253
410828
411187
411884
411975
412025
412919
413373
414239
414289
414909
415581
415633
418088
420221
420865
420998
421541
422139
422624
423046
423356
423502
423539
423662
424836
425326
425787
425825
426909
427888
428123
429098
429109
429110
429213
429223
429361
429538
429539
429611
430296
431001
431802
433426
437084
438526
438938
439025
439216
439773
439802
442333
442605
442649
443436
443900
445586
445787
446534
447009
447046
447649
447697
447889
448356
448544
448744
449124
449129
449305
449326
450270
451094
452302
452658
453253
453286
453490
453779
454610
454876
454942
454977
455319
455338
455814
456193
456548
457274
457444
458229
458291
458369
458885
459404
460899
461145
461496
461618
461619
461719
461822
461905
462519
462621
462834
463754
463788
463939
464144
464374
464585
465663
465742
466819
466831
467869
468321
468662
469369
470178
472450
472466
472797
472890
473843
474705
477164
477652
478136
479428
480721
481156
481673
481902
481943
482600
482995
483323
484186
485108
486691
487194
487232
487721
488091
488119
488429
488641
489604
489621
491074
491105
491514
491530
491624
492326
494036
494492
494569
495997
496566
498185
498409
499077
499361
499736