389
1013
1307
3108
4022
4440
5078
5290
5408
5985
7431
7478
7722
7846
7908
9445
9830
10126
11177
11885
12082
12128
12133
12207
12848
13094
13682
13864
14687
14919
15252
15801
16248
16329
16724
18447
18917
19376
19454
19610
20130
20725
21238
21729
21861
22002
22416
22570
25819
26137
26497
26531
26618
26769
28040
28278
28457
28462
29570
29727
29865
31110
31975
32575
32957
33157
33197
33350
34077
35338
35449
35638
35958
37006
37694
38009
38118
39110
39330
39355
39480
39736
39971
41068
41080
42689
43083
43693
43735
44116
44496
44742
44961
45078
45687
45969
46395
46877
47245
47630
47762
47865
47876
48328
49412
50409
50708
52022
53127
53338
53348
53573
54380
55626
56761
57511
58565
58763
58923
58930
58994
59677
59889
60140
60852
61010
61790
61814
62921
63214
63362
64088
64364
64903
64944
64999
65217
65301
65374
66843
66933
67058
67289
67355
67833
69291
69422
69528
69574
69779
71180
71204
72173
72237
72344
73530
73694
74486
74491
74668
75253
75298
76075
76554
76908
77026
77334
77462
77517
77835
77959
78327
78539
78559
78994
79331
79339
79373
79772
81343
81889
82382
83164
83469
83731
84228
84617
84812
86595
87672
88420
89840
89910
90102
92290
92447
92735
93144
93857
93883
93996
95649
95734
95873
96110
97346
98374
98460
99230
100124
100168
100701
101279
101443
101926
102366
102707
102808
102897
102921
103498
103830
103867
104120
104280
104679
104976
105157
105357
106081
106437
106762
106976
107131
107694
108051
108375
109251
109269
109348
109828
110778
114080
114340
114874
115412
115763
116895
117742
118195
118828
119100
119591
119914
120696
121374
121405
121500
121844
121943
123431
123547
123846
125372
125515
126155
126610
127264
127621
128669
128749
129332
129338
130043
130667
131008
131153
131344
132052
132183
132541
132723
133059
133362
134831
134833
135164
135713
136568
137855
137928
138568
138635
139122
139211
139239
139369
139469
139945
140161
140221
140247
140863
141439
141906
142021
142049
142077
144026
145413
145547
145722
146688
146759
146882
147192
147445
148509
148708
150183
151155
151282
151453
152480
152816
153068
153892
154535
154600
154760
155554
155822
156477
156528
157242
157631
157652
158081
160670
162461
162488
163591
163661
165345
165479
166471
166594
166976
169382
169646
169795
170229
170810
170897
171034
172070
173337
174036
174070
174491
174664
175020
175434
175693
175718
176029
176084
176537
177081
177223
177461
178147
178208
178272
178376
178387
178403
179430
180368
180587
180907
180911
181767
182002
182364
183634
184379
184507
185600
186195
187259
188124
189541
189973
190599
190844
191357
191499
192956
193305
193642
193669
194879
195316
196359
197235
197726
197783
197934
198713
198783
198844
199162
200317
200590
200762
201781
201850
201962
202922
203647
203762
203942
204152
204628
205754
206686
206691
206853
207066
207424
207598
208965
209768
209887
209897
209903
212284
213591
213859
214527
214730
215469
215484
215867
215888
215906
215991
216181
218103
218972
219170
220165
220230
220652
221209
223696
223739
224230
224833
226104
227025
227760
227956
230390
231407
231670
231783
232547
232967
233920
234246
235585
235756
236265
236354
236616
237816
237942
237993
238003
238935
239206
240473
240786
241452
242652
243176
243405
243771
243947
243950
244024
244201
244510
244942
245022
246777
246895
248155
248273
248525
249369
249504
250100
251919
252142
252930
253207
253434
254111
255065
255581
255628
256189
257296
257748
257791
257883
258227
260206
261558
262005
262660
262706
263343
263385
264560
264608
267018
267300
267469
268531
268880
269665
269792
270002
270155
270275
270279
271456
272260
272586
273464
273900
274288
274656
274665
275556
276927
277678
277765
278211
278743
279238
279510
279931
280256
282139
282627
283518
283628
284015
284317
284551
285202
285217
285383
286170
286224
286531
286790
286795
286957
287303
288199
288871
289549
290797
290915
290928
291631
292985
293448
293604
293997
295711
296398
297298
297434
297560
297823
298859
298862
299061
299143
300493
301362
301574
302386
302447
302610
302909
303321
303477
305117
305610
305673
306148
307463
307734
308174
308218
308401
308762
309302
309641
310010
310071
310071
310443
310937
311696
311854
312765
313215
313466
314002
314037
314835
316510
316889
317276
318183
318504
318953
319176
319381
319785
321536
321574
322020
322328
322772
323192
323280
323954
324399
324825
325392
326034
326459
326897
327233
327928
327963
328923
328974
329623
330925
331154
331698
333251
334235
334278
335168
335393
335457
336333
336817
337027
338005
338663
338940
341393
341803
342194
342470
342813
342863
343872
344059
344541
345472
345985
346279
346747
346935
347360
348074
348210
348847
349444
349543
349817
349955
351154
352008
352368
353134
353220
353714
354239
354354
355311
355886
356165
356620
357173
357661
357842
358253
358636
358779
358984
359431
360035
360381
360946
361039
363492
364158
364953
365634
366759
368130
368789
368887
369541
370308
370769
371078
371759
372180
373283
373798
374784
375337
375819
376523
377934
378130
378656
378823
379461
379528
379683
379773
379959
380321
380347
381387
382385
382621
382769
383050
383142
384439
384562
385556
385739
386582
387542
387992
387992
388169
388690
388883
389848
390685
391069
391828
391858
392082
392521
392617
395366
396076
396800
398338
398705
399084
399144
400916
401056
401445
401946
402183
402318
402450
402847
404166
404259
404676
404755
404880
406067
406654
406723
407478
407500
407512
407923
408122
408261
408918
409027
409893
410224
410692
410982
411195
411789
413093
413121
413967
414873
415002
415190
415277
415394
415396
416630
417284
417391
417505
417569
418528
418840
420520
420761
420785
422102
422105
422280
422801
422831
423055
423252
424068
425522
426239
426292
426422
428099
428319
428427
429029
429445
429939
430616
430840
430919
431883
433194
433453
434152
434263
434368
434652
434681
434976
435219
435483
435489
435513
435742
436197
437105
437488
437514
438253
438460
438655
440010
440132
441208
441248
441401
441511
441654
441658
442014
442161
442685
442691
443072
444807
444910
445473
445623
445758
446516
446609
448532
448954
448987
449447
449679
450143
450336
450355
450858
450953
451622
451777
452203
453549
453581
454646
454718
455203
457062
458241
458705
458715
458763
458810
459597
459757
462237
462332
462371
462627
462653
463092
463967
464130
464717
465344
465447
465781
466409
466539
466562
466745
466972
467603
468116
469169
469284
469326
470108
470874
471092
471856
472484
474241
474515
474519
474764
475433
475470
476341
477637
477744
477782
478122
478753
478967
479014
479221
479637
480142
480200
480522
480616
480941
481687
481743
482635
483782
485182
485883
486620
486934
487492
487701
488216
488555
489095
490547
490725
490824
491069
493179
493192
493802
494278
494584
494627
494872
495361
496507
496721
496967
497116
497178
499680
499687