165
432
477
540
879
1109
1186
1228
1389
1636
2083
2413
3091
4498
4677
4842
4891
4893
6146
6996
7015
7383
8028
9864
10154
11089
11188
11284
11369
13595
14543
14752
14949
15644
16074
16338
16712
16717
16929
17096
18237
19069
19963
21312
21563
21726
21727
22338
22424
23626
24218
24290
24490
24537
24878
25453
26193
26596
26725
26726
27045
27396
27730
28016
28861
29817
29844
30482
30691
30772
31305
31929
32214
32820
32986
33591
33718
34210
35233
35305
35675
35746
35898
36377
36404
37695
37982
38461
38526
39058
41113
41123
41466
42613
42995
43703
44190
45703
46206
46592
47661
48337
48681
49433
49843
50326
50469
50586
51790
52080
52536
52602
52893
53189
53207
53345
53630
54000
54348
55474
55653
56465
56486
57286
57592
57850
58154
58339
58397
59379
59592
59631
59809
60277
60342
61741
63709
63823
64222
64236
66180
66684
67025
68090
68490
68770
69099
69343
69665
69685
69770
70607
71696
71824
72781
72826
74522
74586
74915
75451
76249
76668
76935
77070
77460
77541
77811
78754
79530
79831
80718
80749
80966
81036
81498
82854
83409
83480
84153
84478
85070
85088
85653
85889
86279
86356
86407
86501
86561
87230
87328
88323
88326
88536
89475
89763
90059
90565
90686
91127
91232
91488
92233
93143
94390
94826
95160
95525
96021
96474
100224
101998
104051
104178
104391
104782
105021
105108
105951
106152
106685
108759
110334
110354
110393
110908
110959
111396
111816
111919
111989
114488
114916
115241
115475
116420
116957
118845
119010
119321
119767
120715
121462
122317
122441
123335
123942
124668
125971
126535
127260
127349
127500
127631
127683
128587
128682
128997
129411
129863
131022
131258
131456
132843
133683
133747
134159
134321
136109
136397
136902
137400
137473
138113
138302
138745
139404
139598
139803
140108
140896
141308
141431
142594
142822
143388
143762
144581
145793
148540
148678
149058
151696
151999
152341
153538
153615
154624
155011
155690
156586
156616
157194
157466
157684
157741
157756
158145
158404
158437
158595
158956
159638
160685
161288
161709
161730
161875
162538
162707
162801
163030
163184
164199
164621
165068
165346
165648
165682
165905
165946
165950
166710
168001
168683
168741
170334
170366
170505
170724
170865
170926
171527
172366
172965
177079
177091
177755
178067
178557
179646
179968
180077
180320
180796
181004
181189
183869
183893
184432
185476
185686
186274
188458
189111
189610
189967
190871
191118
191296
192398
192468
192804
193582
193693
193976
194137
195137
195422
196424
196594
197406
198679
198792
199332
199637
199931
200440
200604
202373
202478
203077
203258
203625
204162
205252
206389
206675
207485
207948
208116
208723
208785
209347
209636
209801
210748
211029
211201
211409
211925
212264
213178
213268
213696
214807
214838
215003
215835
216405
217348
217819
218309
218500
218710
219260
219745
219999
221468
222351
222544
222737
222941
223484
223696
224331
225580
225942
225956
227430
227458
227671
227944
228167
228369
228877
229058
231012
232108
232111
232672
234235
234310
234664
235027
235083
235856
235997
236062
236583
237277
237663
237697
237778
237835
237916
239350
239675
240193
240979
241315
241376
241553
241947
242143
242434
243812
244084
244235
244264
244578
245195
245716
245923
245924
246002
246075
246508
247360
247655
248049
248217
248285
248443
248796
248943
249113
249353
249519
249900
250003
250090
250602
250778
252247
252286
253632
254140
254332
254527
255308
255847
255892
257848
258255
260221
260820
261184
261497
261744
262380
262628
262976
264113
264629
264901
265122
265789
265919
266245
266854
267457
267599
268239
268513
268825
269727
269761
270458
271168
271620
271929
272701
273331
273593
273849
274147
274157
275883
277011
277079
277223
277505
277518
277757
279273
279614
280363
280804
281103
281291
282397
282423
282880
283048
283501
284574
285440
285877
286405
286421
287026
288077
289338
289451
289650
289765
292108
292886
293323
293535
294207
294597
294959
295683
295731
296129
296136
296881
297470
297791
297940
299291
299722
299957
299962
300389
302050
303086
304096
304568
304577
304713
305090
305118
305643
305963
306114
306685
308355
308426
309189
309192
309822
310371
310781
311004
311582
311841
312355
313240
313457
314118
314123
314297
314394
314520
315755
316183
316794
316912
317393
318002
318086
318298
318299
318347
319407
319949
320328
320949
321921
322704
323002
323076
323103
324596
325317
326959
327176
327258
327369
327439
328008
328055
328353
328663
329637
329666
329715
329752
329859
330054
331086
331314
331363
331388
331546
331684
332460
332755
333048
333668
333785
334579
334954
335471
335499
337647
338294
338964
338989
339005
339652
339901
340961
340962
341761
342003
342802
342837
343396
343639
343659
343762
343965
344063
347147
347296
347400
348734
348813
348898
349032
349292
349417
349558
350841
351772
354224
354938
355034
355252
355785
356573
356884
357036
358348
358937
359018
359850
360805
361224
361488
361586
362526
362771
363352
363666
363928
364721
365794
366487
367148
368299
369490
369524
369665
370244
370541
371260
372034
372057
372576
372828
372961
373893
374573
374634
374648
375011
375105
375241
375559
377451
377561
378239
380025
380099
380668
380772
380946
381081
381119
381734
382381
382432
382728
383241
383763
383936
383978
384395
384504
386083
386117
386414
386549
386711
388707
389449
390528
390761
390926
391976
393364
393494
394804
396481
399349
400635
400778
400845
401130
402426
402769
403178
403680
403684
404122
406144
406331
408526
409765
410067
410203
410530
411491
411553
411563
412753
414737
415088
415574
416201
419487
419822
420476
420836
420989
421652
421731
421759
421820
421949
421975
422054
422363
422440
422592
422931
423662
424202
424358
424556
424901
425290
425401
425806
426278
426426
426976
427467
427861
428668
430653
431382
432330
432752
432827
433034
433525
434212
435643
436705
436806
436891
436976
437457
437722
438365
438718
439007
439040
439537
440284
440961
441682
443364
444816
445442
445568
445580
445646
446006
446037
446148
446290
447401
447565
449139
449191
449523
450149
450178
450202
450998
451401
451432
451473
452230
452840
453051
453388
454407
454982
455996
456031
456458
456468
456949
457018
457414
457431
457880
458088
458616
458953
460456
460612
463194
463780
464016
464802
465153
465601
466055
466738
466882
467649
467765
467797
467809
468424
468473
468676
468782
469186
469188
469659
470280
470554
471600
471859
472074
472201
472342
472849
472879
472893
473793
474263
475082
476762
477355
477977
478221
478262
478589
478766
479290
480682
480710
481232
481538
483626
483887
484859
485352
485422
485859
485880
486017
486117
486428
487298
487369
487377
487563
487606
487927
488936
489099
489179
489244
489355
489671
489900
490330
490822
491003
491185
491594
491627
491750
492549
493187
493892
495553
495568
496600
496632
496724
496817
496982
497022
497367
497981
499313
499829