1056
1138
1279
2704
2798
2805
3674
4044
4413
5015
5341
5998
6995
7088
9774
10228
10637
10821
10925
11034
11147
12640
12929
13041
14648
15982
16872
17622
18634
18700
18704
19272
19826
20746
20902
21331
21533
21740
22983
23278
23444
23477
23763
23967
24162
24198
25774
25982
26504
27543
27834
28768
29245
29439
30388
31048
31051
31622
31812
32402
32779
32940
33287
33526
33597
33954
34492
35586
36050
36608
37191
37861
38040
38459
38521
39171
39218
39590
39985
40009
40238
40305
41783
42255
42444
43778
44570
45193
48032
49258
49812
49937
50674
51290
51586
51763
52315
52625
52637
53605
54137
54180
54268
55501
55631
55727
55888
56702
56888
57039
57705
58304
58527
59054
59682
59737
59906
60303
61363
61546
63214
64286
64367
64494
64869
65902
66427
66496
66799
67356
67573
67875
68498
69372
69954
70226
71897
72004
72235
72532
73668
73786
74071
74372
74666
74870
75383
75616
76094
76145
78054
78523
79241
79814
80359
80401
80480
80526
80748
81588
81639
81665
82855
82932
83152
83455
84925
85269
86820
87067
87199
88233
88318
88464
88888
89210
89457
90730
90928
91007
91547
92602
92616
92723
93341
95129
95836
96211
97284
97687
97948
98457
98715
99156
101118
101437
102073
102578
102854
105043
105561
105940
106480
107592
108445
108946
109086
109496
109776
109954
110203
110640
110837
110881
111319
112216
112497
112505
113897
114455
114797
114910
115402
117250
117898
118029
118093
118112
118205
118265
119730
120176
120388
120689
121858
122041
122131
123257
125139
125318
125381
126034
126100
126462
126583
127937
128552
128563
128882
129204
129235
130207
130317
130408
131850
131870
132120
132389
133812
134450
134540
135354
135686
138269
138512
139963
140510
141361
143029
143399
143647
143859
144245
144794
144900
145215
145422
145936
146691
147320
149415
149592
149919
150019
150252
150375
150825
151816
153352
153560
153883
154575
154647
154853
155287
155552
155632
155971
156057
156141
156569
157344
158380
159156
159211
159269
159729
160216
160238
161494
161972
163483
163496
164150
164876
165216
165838
167005
167737
168301
168341
168469
168516
168552
168899
169679
169799
170761
171182
171230
171421
172681
172968
173089
173217
173452
174116
174126
174842
175992
176505
176892
176921
177021
177456
177592
178361
178423
178636
179215
180032
180142
181172
181826
182013
182194
183202
183437
184830
184907
185148
185258
185583
185635
185771
185796
186507
186929
187067
188849
189066
189862
190312
192341
192494
192746
193004
193688
194736
195526
197233
198990
199980
200321
201251
201636
201840
201915
202247
203388
204122
204786
204907
205214
206533
206957
207173
207644
207732
207736
208820
208910
208944
209308
210865
211038
211341
211861
212321
213630
213707
213820
213845
213964
215044
215148
215844
215916
216148
216307
216362
216520
216784
217061
217888
218845
218857
218967
218985
219045
219603
219957
220557
220867
220947
221420
221836
222274
222719
222825
223303
223920
224704
225126
225918
226541
227129
229134
229437
230471
231062
231157
231476
231484
231653
231730
232005
232543
232691
232788
232863
232881
233215
233384
233944
234188
235031
236133
236840
239101
239551
239775
239924
240366
241030
242313
242377
242778
244845
244961
245053
245277
245538
245756
245965
246439
247088
247202
247481
247886
248079
248208
248386
248712
250475
250915
251287
252820
252960
253497
253517
253700
253816
254187
255571
255769
255817
256129
256827
257374
257569
257746
258150
258595
258967
259858
260047
260467
261354
261667
261928
261974
262664
263195
263366
263397
263421
263443
264361
264643
265253
265418
266399
268134
268223
269234
270533
271562
272023
272595
272861
273191
273194
273570
273595
273817
274456
274830
275034
275053
275211
276254
276984
277007
277145
277170
277861
277954
278365
278821
279060
279430
279853
280084
280958
280987
281709
281898
282351
282810
283273
283946
284390
284640
284686
284736
284769
285054
285459
285602
285735
285845
287889
287930
288057
288396
288562
288624
289330
289502
289965
291609
291630
291838
292881
293277
294010
294926
295193
295360
296238
297028
297828
297920
298079
298210
299055
299172
299359
299743
300029
301301
302328
302626
302823
302837
303221
303414
303508
304015
304522
305679
306072
306475
306692
307524
307799
307875
309512
309814
310013
310295
310595
310604
311220
311241
311822
313102
313191
313477
313634
314616
314624
314999
315174
315568
315653
316646
317144
317760
317880
318234
318335
318579
318647
321670
322143
323250
323595
324190
325389
325946
326112
326598
327962
328317
328329
329847
329947
330512
330808
331994
331997
332211
332760
332898
333362
333876
334199
334220
334257
334757
334962
335205
335335
336677
336813
336885
337925
338049
338522
338616
338970
339249
339259
339447
339671
340648
341255
341325
341676
341715
342412
343034
343210
343489
344807
345019
345293
345438
345440
346062
346149
346622
346671
347776
348694
348966
349839
350468
350657
351255
352214
352619
352796
353156
353310
353607
354499
354865
354870
355276
355343
355409
356047
356581
358311
358374
358720
358963
359905
362538
363340
363404
363443
363776
363975
364210
364661
364891
366330
366674
366999
367190
367463
368990
369862
369958
370974
371320
371602
371834
371897
373058
373327
373803
374406
375332
375483
375820
376463
377453
378751
379307
379660
379905
381608
382502
382566
383238
383543
384035
384569
384749
385426
385656
386432
386515
386592
386656
386988
387325
387369
387847
388066
388547
389814
390003
390460
390662
390735
390880
391994
393919
394311
394862
394927
395096
397822
398842
399542
399862
399870
400001
400479
400552
400599
401056
401246
401592
402182
402251
402403
403042
404098
404289
404592
404648
405479
406808
407817
407921
409020
409880
412530
413084
413134
413661
414648
415033
415492
415506
415533
417269
418215
418651
419018
419640
419759
420267
420558
420897
421584
422078
422649
423744
424572
424880
425393
425707
425852
426464
426564
428328
428905
429615
430226
430301
431315
431786
432229
432560
432582
432955
433104
433182
433263
433476
433845
433934
434203
435110
435316
436331
436919
437595
437802
438015
438765
439088
439793
439884
440115
440840
440945
441578
442063
442095
442691
443252
443875
443995
444444
444780
445069
445210
445622
445950
445952
446073
446830
447086
447193
447796
448149
449520
449639
451046
451174
451661
451826
452322
452493
452504
452749
452802
453096
454267
454849
455341
456109
456306
456994
457494
458692
460291
461612
461711
462209
463185
463790
464089
465822
466963
468319
469263
469593
469906
471490
471659
473388
473433
473581
473596
473705
474091
474770
476044
476866
479003
479368
479944
481234
483179
483557
483621
483753
484576
485588
486388
486686
486750
486833
487277
487429
488433
488499
490021
490117
490850
490980
491009
491244
492726
492882
492888
493276
493471
495762
495949
495982
496389
496552
496655
497555
497625
497745
498871
498966
499479