170
217
263
481
676
2926
3125
3591
3710
3892
4542
4619
5041
5311
5590
5853
6025
7299
7721
7730
7911
8093
8964
9150
9157
9730
11320
12002
12074
12568
13236
13297
13318
13410
14000
15836
15933
16705
17426
17596
17943
18297
18817
19416
21324
21681
21723
21870
22782
23002
23479
23718
25148
25485
26937
27159
28286
28624
29226
29702
30460
30464
30513
30553
30559
31260
33698
36550
36899
37127
37195
37213
37841
38206
38206
38548
38839
39331
41717
42360
42568
42659
42673
43996
44370
45383
46654
47660
49011
49455
49550
49776
50907
51698
52322
52488
52827
52853
52916
53362
53396
53634
53665
53985
55181
55661
55774
55897
56345
56682
58883
60535
61590
61657
62215
62391
63630
64013
65559
66317
66444
66918
67923
68303
69335
69828
69960
70741
71675
71897
72632
73298
73519
73931
74144
74433
74493
76044
76073
76102
76678
77218
77467
77934
78340
78430
78594
78636
79325
80087
80558
81683
81702
81853
82789
83074
83192
83682
84384
84576
85706
86176
86240
86241
86553
87054
88546
89682
90147
90433
91173
91263
91581
92287
93965
94463
94736
94817
96464
97018
97668
97821
98020
98342
98947
99118
99148
101990
102214
102461
103682
104246
104921
105113
106239
108938
109098
109876
110376
110779
110911
110941
111077
112160
112348
112526
113494
113523
115227
115451
115478
115670
115670
115788
116212
116387
116675
117014
117131
119473
119492
119528
120199
121862
122078
122114
122447
122574
123806
124095
125110
125572
126635
127966
128211
128877
128903
129538
130829
130916
131368
131667
131891
132221
132751
132806
133271
133548
134335
134447
134775
135379
135718
135795
135981
136456
136609
137635
137668
137998
138411
138780
141941
143104
143321
143837
143984
144344
144825
145172
145585
146766
147332
147442
148198
148323
148474
148714
149575
150626
150844
151363
151509
152453
152536
152900
153926
154078
154285
154727
155378
155498
156214
156824
156875
156984
157683
157767
158931
159145
159290
160545
162033
162541
163036
164450
164616
164692
164704
164795
166351
167246
167872
168354
168361
168466
168497
169129
170380
171230
172462
172807
173444
174035
174364
174396
175688
176579
176921
177317
177393
178003
178191
178815
180431
180643
180932
181503
182154
184265
184416
185288
185331
185425
186126
186171
187040
187204
187558
189300
189811
190277
190648
191060
191080
192123
192544
192785
193320
193573
193645
194007
194900
194946
195323
195422
196660
197585
197762
198391
198976
199071
199141
199476
199794
199812
201638
201818
201917
202416
202561
202655
203335
203686
204044
204223
204293
204313
204950
205572
205815
206057
206645
206727
206861
207083
207116
207264
207676
207944
208566
208727
208788
209865
209975
210560
210671
210800
211740
212574
214291
214787
215327
215343
215855
216291
216335
216705
217944
218472
220291
220923
221275
221830
223786
224761
224786
225066
225468
226262
226503
227243
227359
228011
229017
229747
230065
231061
231649
231974
232197
232686
234038
234094
234840
234876
235358
235722
236456
236512
236966
238698
239087
239382
240640
240938
240958
241028
241206
241611
241634
242121
242464
242862
243372
244479
244525
246795
247665
247771
247813
247965
248156
248277
249259
249581
250172
250275
250487
250861
251173
252412
253299
254072
254143
255059
256094
256273
256859
256939
257048
257075
257699
257996
258099
259257
259683
260273
260710
261588
261740
261942
262378
262666
262768
263170
263563
264794
265219
265290
265707
266404
266583
266610
266711
267089
267266
267527
267539
267877
267956
268481
268518
268847
269626
269768
270042
270043
270313
271016
271404
272668
273252
273435
273845
275045
275320
275882
276817
277201
277781
278006
278341
278680
279202
279209
280022
280557
280575
280602
280632
280778
281201
281303
282419
282895
283414
283748
284161
284318
284430
285682
285990
286862
287539
289697
289857
291078
291656
291728
291921
292323
292355
292678
292950
292983
293028
293288
293605
293756
294146
294466
295139
295277
295394
295984
297415
298300
298512
299143
299265
299542
299983
301157
301267
301609
301719
303114
303380
303541
304121
304173
304528
306152
306592
307902
308033
309156
309570
310116
310708
310918
311993
312032
313490
313913
314053
314308
315162
315230
315469
316076
316745
319685
320638
320884
320974
321163
321303
321872
323285
323478
323988
325040
327226
328686
329218
329686
329746
329822
329870
329892
330071
330860
330905
331284
331486
331775
331864
333177
333474
333761
334819
335091
335181
335408
335513
336296
336410
337245
338495
339929
340071
340421
340458
340879
340981
341052
341158
342013
342182
343248
343265
343289
343673
343838
344697
344793
344844
345043
345161
345828
347978
348282
348314
348834
349066
350123
350416
351818
352178
353017
353125
353369
353531
354866
355367
355547
355569
357411
357738
357829
357852
358609
360241
360384
360577
360672
360774
362552
363064
363480
363631
364277
364306
365892
366643
366725
366812
367247
368841
368874
370243
370745
370762
371127
371650
371723
371852
372317
372640
372724
372957
373485
374309
374449
374611
374736
375816
377730
380709
381176
381247
382353
382801
382802
383057
383425
383716
384535
386101
387045
387107
387359
388167
388518
389209
390261
391404
392493
392694
393984
394523
394800
395154
395176
395291
395407
395700
395881
396098
396954
398729
399293
399395
399594
400087
400235
401304
401339
401349
402047
402097
402962
402995
403359
403461
403627
404177
404308
404406
404974
405311
405360
406900
407331
407737
408076
409015
409577
409999
410676
410714
411458
411808
412078
412754
413104
413188
413316
413666
413724
413916
414080
414216
414678
414744
416101
417254
417836
418235
419108
420662
421081
421091
421159
421227
421330
421421
421714
422537
422855
422902
423319
423360
423583
423754
423980
425345
425482
426419
426776
426894
427821
428012
429107
429199
429206
429539
429746
430811
431371
433746
435581
436101
436192
436201
436613
437072
437104
437455
437899
438504
439547
439703
441790
442234
442623
443702
444121
444330
444636
444637
444969
444981
445174
445289
445386
445936
447456
448654
449240
449874
449989
450122
450134
450757
450865
450990
451054
451288
452514
452588
453250
453357
454548
454800
455242
455291
455901
456071
456731
456868
457186
457360
459793
459841
460207
460885
461115
461519
461897
462285
462494
462760
463931
464142
464906
465242
465989
466187
466456
466742
467188
468005
468538
469010
469468
469728
469916
470242
470440
470499
470683
471646
471745
471761
471810
471877
472860
473257
474830
475508
475757
476524
476598
476919
477977
478669
479089
480385
480464
480502
480888
480922
481618
482449
482689
483220
483905
483909
484245
484294
484778
484843
485003
485670
485772
485826
487024
487038
487674
489062
489094
489129
490030
490350
490447
490726
491682
492646
492687
492787
493153
493178
493402
493706
494025
494415
494481
494500
495650
495737
495935
496490
496514
497046
498079
498083
498863