404
406
1187
1723
2093
2342
2547
2929
3046
3519
4705
5402
5660
6041
6368
7253
7454
8319
8401
8505
8859
9226
9348
9813
9827
9912
9986
9990
10125
11521
12238
13279
13810
14039
15153
15419
16190
16392
16506
16736
17460
17702
17770
18897
19178
20418
21342
21387
21395
21589
22278
22775
23900
25479
25528
26179
26457
27418
27455
27741
28210
28239
28633
30158
30393
30759
31456
32155
32290
32512
33044
33169
33569
33629
33680
33896
34260
34379
34407
34805
35234
35746
36349
37905
38605
38790
38867
40271
40537
41833
42060
42724
42792
42804
42845
44158
44241
44377
44583
45061
45583
45644
45768
46102
46337
47843
47950
48567
49004
49265
49401
49606
50312
50726
50916
51212
51604
51670
51961
53233
53432
53816
54222
54823
54995
55179
57670
57758
58052
58246
58834
59462
60459
60599
60889
60891
61262
61903
62580
63017
63588
63854
64277
64761
65045
65447
65656
65922
66889
68728
69221
69889
70631
70895
70897
72519
72819
73053
73923
74577
74865
74927
75520
75870
76054
76597
76726
77167
77266
77580
78451
79207
79367
79696
79839
80048
80898
81640
83320
83607
84483
84568
85307
85611
86349
86672
86915
88152
88342
88483
88502
88680
88689
89221
89692
89782
90959
91002
91527
91551
92555
92712
93044
93575
93750
93881
93974
93993
94454
94477
94639
94776
94981
95080
97166
97172
97891
98118
98535
99133
100050
100790
101164
102124
103189
103839
104270
104678
105018
105109
105541
105630
106293
106521
106774
107264
107827
108096
110331
110386
110491
112232
112618
113415
114502
114713
115730
116363
117831
118167
118283
118985
119598
119602
119964
120837
121314
121771
121827
121894
122084
122749
123709
124208
125547
126257
126308
126708
126742
129238
129327
129907
131542
131819
132088
132145
133415
133652
134464
134627
134681
134848
135280
135292
135414
135549
135651
135656
136932
137078
139914
139937
140088
140320
141011
141453
141989
142682
142701
142792
142913
143435
143500
144202
144484
144870
144959
145054
145256
145466
145771
146188
147029
147293
147694
147850
148308
148520
148523
150267
150617
150858
152648
153204
153612
154093
154335
155005
155111
155320
155725
155821
156202
156278
157554
159375
159457
159658
159965
160358
160615
162031
162148
165810
166350
166723
166789
167213
167213
167355
168058
168194
169408
170661
171192
171212
171441
172313
173323
174566
174820
177463
177690
177880
179098
179150
179337
179750
179989
180078
180713
183132
183686
185111
185554
185627
185933
186203
187714
188417
188853
188919
189164
189404
190265
191269
191419
191659
194092
194384
194495
194938
195059
197204
197449
198417
198692
200154
200694
200709
201071
201428
201634
201833
202201
202300
202832
203307
204339
206486
206604
207463
207563
210116
210705
211012
212029
212440
212587
213205
213439
213896
214327
216805
217658
217809
220221
220240
221147
221265
221752
223005
223586
225107
225438
225504
225914
226575
226893
227540
227645
227685
227848
228214
228532
229378
229852
231991
232070
232073
232099
232776
232781
235174
235775
236115
237451
238785
239969
240157
240637
243131
243385
244119
244492
246738
247072
247180
249148
249518
249674
249843
250172
250383
251276
252478
253024
253138
253740
254413
254841
255328
255597
256303
257067
257700
257764
259331
259424
260044
260418
260943
262646
263064
263703
263849
263963
264379
264384
264416
264631
264733
265517
265838
266682
267553
268335
269175
269259
269346
269485
270697
270945
271087
271576
271732
272073
272471
272927
273396
274367
274371
274800
274822
275469
275698
275842
275870
276605
276880
277075
277286
277523
279863
280233
280489
280991
281565
281883
282246
282437
283314
284369
284577
284695
284922
285029
285205
285473
286170
286930
286967
287128
287675
287764
287790
288000
288254
288788
288988
289513
289704
290017
290243
291783
291830
292317
292449
293251
293483
293621
293813
294494
294523
295090
295233
295668
296021
296371
296662
296787
296977
297078
297592
298072
298121
298407
298657
299345
301007
301449
302150
304697
305013
305479
306951
307518
307523
308041
309222
311430
311603
313742
314421
314472
314668
314673
315731
317296
317434
317849
318523
318714
319208
320531
321927
324317
324332
324815
325754
325942
326048
326583
326778
327228
329549
329584
329629
330418
330446
330790
331276
332340
332638
332663
333385
333775
333860
333955
334809
334902
335054
335619
335809
337512
339594
340443
341656
342077
342181
343668
344017
344190
344464
345189
345317
345669
345876
346069
346240
346314
346986
347774
347964
347998
348493
348552
348647
349364
349773
350738
350976
351016
351692
351755
352177
352695
352757
353019
353503
354676
355355
356248
356754
357116
357834
358001
359562
359770
359958
360011
360031
360488
360731
361581
363519
363560
363815
363975
364579
364621
364657
364762
364886
365415
366025
367351
367377
367805
367841
367889
370426
371046
371360
371615
372695
372863
373039
373820
374006
375211
375356
376607
377702
378587
379421
380566
380593
381684
382024
382290
383004
384190
384966
385479
385649
385906
386329
386941
388217
388272
388423
389456
389847
389922
390038
390860
390959
391467
391583
392051
392218
392760
392907
393405
393866
394115
394466
394787
394954
394968
395495
396362
396572
397329
397388
397731
397940
398207
398639
398640
398688
398968
399795
400419
400440
401531
401559
402237
402511
403230
403800
404128
404214
404897
405005
405482
406102
406696
407745
407883
408067
408932
412785
414748
414818
415010
415073
415359
416373
416570
416743
417159
417784
418051
420053
420081
420116
421273
421429
422039
422667
422819
423474
423563
424609
425241
425336
425602
425757
425763
427088
428557
428724
429395
429463
429632
429765
429783
431097
431138
431227
431867
432139
432286
432342
432529
433173
433640
433919
435099
435313
435399
435428
435609
436090
436653
437028
437404
437697
438165
438266
438888
439018
439604
440537
440875
441060
441781
443046
443188
443433
443451
443751
444294
444903
446142
446546
447447
449318
449643
450032
450373
450442
450677
450806
450857
450932
450938
452041
452303
453290
453412
453812
454041
454190
454294
454730
455572
455760
455908
455945
456172
456333
456644
457362
457683
457753
458215
458242
458836
459016
459451
459511
459834
460436
460618
461493
461983
462155
462261
462753
463798
464065
464123
464126
464301
464646
465570
466724
467778
468600
469269
469456
469506
470697
470740
471578
471741
472407
473381
475050
475507
476293
476618
476985
477141
477543
477816
478535
478788
479209
479290
479452
479744
479757
480732
480981
481042
481730
482085
482212
482292
482592
482836
484283
484764
485803
485966
486361
486638
486707
486757
486903
487794
487956
488217
488349
488763
488917
489265
490176
490263
490402
490556
490824
491181
491226
492411
492593
493454
494081
494736
494982
495502
495551
495786
496035
496053
496109
496234
498064
498356
498492
498866
499461
499481
499803
499844
499850