81
506
879
1079
1277
1388
1632
2364
2753
2939
4224
4601
5460
6242
6683
7269
7386
8295
10090
10172
11806
12116
12582
12897
13797
13963
14217
15808
15813
16040
16183
16562
17582
18308
19251
19391
20115
21165
22829
23363
23394
23859
24159
24621
24942
25269
25418
25419
25622
25784
26450
26729
26749
28058
28102
28271
28762
29173
30845
31070
31141
31206
31305
31790
32142
32735
32781
35129
36207
36290
36366
36688
36889
37155
37570
37577
38995
39718
39814
41740
41821
44913
46098
46727
48026
48163
48338
48380
48524
50057
50339
51724
51898
52483
52583
52900
53996
54155
54277
54329
54636
54683
55001
55009
55150
55463
55733
55978
56194
56658
56741
56748
58206
58236
58833
59320
59909
60051
60632
61907
62802
63217
63501
63754
64430
65228
65781
66065
66362
66713
66743
66779
67183
67217
67273
67589
68581
69341
71574
72046
72807
73001
75158
75569
77373
77482
77600
77753
78239
79907
80137
80347
80414
80566
80771
81540
81558
82826
84339
84770
85301
85569
85605
86121
86367
86410
88792
89065
89381
89392
89611
89650
89714
89976
91010
91967
92764
94167
94421
94477
95977
96094
96525
96676
97640
97926
98224
98284
98925
99162
99227
99613
101135
101186
101255
101300
101330
101496
101653
101759
102143
103649
103863
104291
104483
105127
105527
106100
106273
106690
107186
107313
107473
107749
107815
107830
108041
108133
109249
109386
109543
110321
111896
112172
113739
114061
114112
114903
115177
115427
115479
116321
116747
116990
117721
117824
118655
118855
118933
119559
119687
120616
120757
120857
121808
122294
122695
123882
124803
125142
126020
126204
127491
127846
127875
128357
129224
129682
129766
129977
130139
130361
130645
131555
131664
132097
132135
132215
132296
132474
132945
135130
135324
135484
136253
136264
137034
137416
138010
138041
138487
140831
140988
141146
141147
141354
141783
142257
142728
142731
142776
142794
142852
143990
144168
144640
146690
147088
148517
150481
153795
154553
154581
154761
155141
155583
155923
156208
156259
156363
157001
157733
158948
159282
160426
160823
160945
161637
162349
162804
162906
163624
163895
164909
164991
165269
166269
166418
166468
166871
167769
169059
169141
170582
170810
170916
172734
172907
173230
173888
174305
174547
174666
175959
176826
176871
177026
177496
178180
178453
178919
179581
179603
179754
180206
180266
180324
180730
181606
182136
182593
182778
183566
184234
184291
184715
185128
185684
186956
187250
187916
188074
188274
188358
188982
189580
190613
191252
191606
191693
196430
196628
197199
197614
198320
198414
198601
199090
199677
199819
201776
202642
202790
202941
202980
202984
203804
204325
204852
205000
206795
207504
208906
209069
209340
209366
209405
209624
210543
211006
211215
211465
211550
211556
211845
212888
213269
213782
214014
215031
215138
215640
216071
216112
216148
216913
217053
217235
218499
218510
218881
219958
220836
221328
221439
222392
223044
223402
224806
224880
224920
224977
225082
225094
225815
226187
226719
226894
227302
228242
229297
230176
230525
231120
231619
232475
232478
232596
233592
234983
235108
235604
235672
236024
236031
237010
237325
237623
237770
238746
238759
239699
239863
241469
241702
242354
242403
242439
243548
244034
244211
245053
245402
245436
245810
247201
247681
248002
248638
249043
249095
250030
250388
250864
251086
251091
252505
253264
253344
253424
253487
254254
254284
256639
257333
257462
257805
258039
258054
259396
259475
260446
260522
260761
261405
261796
262921
262923
264828
264859
265534
265918
265945
266145
266232
266892
266900
266955
267792
267914
268117
268722
268811
269349
269497
269644
269741
269755
269886
271122
271437
271616
272086
273318
273487
273878
274124
274369
274444
274849
275008
275485
275657
276051
276259
276322
277068
277378
277839
278070
279056
279778
279956
280147
280711
281669
281923
282441
282524
283516
283935
284039
284137
285438
285536
285615
285719
285950
286630
286992
287590
288092
288286
288970
289012
289162
289852
289879
290596
291758
292060
293298
294457
294870
295741
296276
296449
296521
297260
297529
297838
300983
301240
301284
301944
302091
302259
302535
303093
303701
303943
305026
305156
306142
307092
307123
309494
309596
309853
310294
312080
312817
313056
313409
313496
313849
314380
314824
317161
317333
317358
318810
319079
319855
321335
321393
322295
323317
324488
324568
324597
325299
325524
325665
325871
326663
326740
328270
328392
328900
328961
329925
331538
331548
331652
331755
332199
332712
333224
333469
333546
333804
333952
333978
334155
334181
334461
336076
336521
336554
337999
338205
339171
340048
340133
340389
341360
341738
342317
342633
342799
342939
342985
343143
343317
343620
343716
344154
344373
344382
344589
344933
345375
345573
345783
345847
346636
347236
348535
348699
348820
349131
349340
349550
350319
350470
350909
351597
353136
353684
354327
354615
354777
355018
355389
355395
355944
356060
357199
358344
358969
359123
359175
359889
360083
362831
363166
363374
365884
365907
366097
366192
366934
367071
367108
369270
369320
370044
370162
371823
371839
372417
373214
373235
374400
375203
375298
375511
375625
376217
376582
377271
377394
377962
378648
378783
378827
379202
379617
380257
380288
380757
380924
381231
381486
381975
383509
383975
384128
384395
384506
386713
387066
388094
388302
388902
388932
389153
389344
389345
389388
389582
390327
390699
391205
391241
391941
392260
392511
394130
394444
395552
395993
396058
396368
396564
397591
397723
398526
398881
399297
399344
399414
400524
400903
401114
402460
402842
402909
403296
403455
403513
403564
403761
403764
404134
404437
404815
405304
405690
405986
406716
407302
408398
408536
409161
409760
409878
410373
410706
411454
411512
414225
414433
414530
415279
416910
417112
417116
417253
417931
419202
419222
419408
419566
420113
421632
422559
423335
423544
425526
425867
425988
426422
428431
428617
428694
428752
428878
428893
429251
430047
430423
430724
431331
431983
432323
433040
433643
433651
434795
435844
435866
437548
439677
439830
440212
440330
440614
441161
442157
443184
443212
443628
444897
445280
446134
446490
446494
447042
447790
448255
448566
448906
449372
450065
450714
450955
451032
451093
451239
451486
451945
452142
452248
452689
453442
453970
454082
454488
454685
454911
455299
456897
459509
460894
461163
461186
461229
461310
461352
462876
462908
463031
463166
463616
463872
464347
464739
465265
465379
465860
465887
466476
466874
467178
467210
467942
468384
468783
468831
469272
471223
471258
472125
472241
472248
472271
472466
472478
473270
473391
473525
474237
474375
475046
475811
476592
476943
477180
477271
477334
477679
478358
479132
480738
480979
481537
481895
482051
482207
482810
483536
483927
484425
485302
485840
485981
486160
487156
488247
488384
488857
489027
489148
490693
491496
491826
491907
492379
492652
493573
493627
494952
495034
495879
496683
498401
498923
499196