475
958
1569
2629
2974
3069
3387
4305
4833
5244
7295
7728
8198
8254
8538
8617
8745
9611
9880
9890
11138
11300
12092
12881
13065
13466
13684
13753
14209
14355
14398
14802
15034
15365
15599
15742
15860
16310
16410
16451
16523
17308
17893
20639
20641
20714
21378
22094
22190
23256
23330
24533
26108
27076
27195
27359
28220
28549
30266
30591
32024
34759
34970
34973
35441
36254
37128
37576
37919
38104
38409
39722
39757
40346
40406
40817
41414
42523
44524
44543
45371
45533
46745
46753
47567
48041
48473
48799
48843
48879
48966
49705
50038
50555
50780
51851
51976
52162
52492
52804
53186
54875
55307
55753
55759
55820
55999
56220
56982
60009
60653
61310
63340
63491
63812
63862
64070
64258
64646
64742
64863
64976
64988
65650
65883
66531
66589
66763
66858
67019
67579
67799
67827
67849
68698
69025
69315
69320
69505
70442
70639
70723
71978
73415
73916
74199
75728
75991
76283
76488
76910
77426
78062
78805
79495
79820
79837
80470
82240
82311
82694
83053
83103
83117
83834
84045
85315
86026
86058
86380
86612
86776
87023
87216
87641
87831
88084
89711
89741
90012
91153
91256
91549
91780
92272
94571
94938
95089
95678
95954
95961
96955
97439
98368
98451
98775
99542
99634
99890
99899
100478
101044
102154
103582
103864
104061
104983
106228
106488
106730
107130
107392
108545
108746
108796
109006
109429
110149
110157
110178
110727
110851
110918
111044
111140
111374
111411
112127
112676
113405
114266
114344
115713
115723
116945
117184
118273
118316
118617
119020
120683
120730
120872
121106
123601
123753
123768
124049
124419
125301
125313
125462
125657
125715
126667
126849
127126
127377
127387
127396
127489
127575
128273
128982
129169
129787
129881
130105
130142
130813
131494
131846
132223
132854
132927
133383
133716
135155
135269
135706
135842
135987
136654
137400
137521
138201
138615
140031
140072
140211
140328
140709
141013
141898
142562
143691
144461
146389
147449
147729
148552
150181
152397
152739
153085
153099
153649
153850
154090
155121
155274
155327
155475
155533
155579
155808
156838
160487
160965
161038
161799
161992
162563
162848
164929
165119
165175
165622
166284
167206
168155
168298
169765
170073
170624
170840
170925
171597
172075
172743
172892
173677
174925
175103
175975
176587
177409
177525
178065
178241
178534
179312
182885
182947
183007
183256
184964
186049
186661
188005
188930
189936
191333
191828
191832
192442
192480
193430
193530
193921
194178
194316
195816
195957
197291
197519
198152
198466
198478
202532
203545
204002
204374
204645
206571
206899
207145
207267
207569
208819
209205
209566
210818
211894
211971
212443
212637
212814
212838
213098
213539
214132
214381
214511
214938
214957
216196
216519
217449
217653
218820
218911
219730
220221
220905
220916
222071
222284
222314
222769
223210
223318
223848
224098
224391
224402
224737
225183
225329
227584
227660
228418
228448
228477
229022
229116
229430
229775
231350
231601
231677
231921
232063
232547
232822
232935
233302
233590
233645
234198
234280
235025
235280
235431
235599
235800
235869
236508
236754
236840
236942
237035
238563
239618
239674
239928
240372
240930
241433
242320
242477
243184
243294
243370
244063
244699
245783
245900
246329
246350
246576
246716
248112
248389
249801
251244
251588
251700
252440
252515
252680
252940
255200
255209
259369
259783
260381
260598
260983
262229
262361
262379
263028
264295
265513
265764
266599
267142
267749
268274
269106
269618
270717
270882
271814
271895
272815
273068
273293
273582
274070
274884
275089
276042
277153
277581
277839
278032
278131
279696
279910
280101
281248
281257
281922
282062
282275
282459
282663
283246
283373
283526
283836
284304
284402
284535
284833
284839
285205
286562
286760
287002
287231
288460
288613
288687
289688
290388
291743
292633
292969
293045
293085
293927
294118
294172
295136
295300
295907
296489
296825
298417
298643
299000
301288
301526
301613
303117
303388
303493
303605
304300
305016
305141
306080
306429
306865
307852
308183
308549
308962
308974
309121
309200
309351
310124
310198
310995
311007
311312
311851
312189
313048
313156
313176
313362
314022
314201
314407
314915
315063
315130
315306
316438
317437
317796
317980
318427
318971
319382
319488
320219
320381
321112
321332
323853
324504
324636
325360
325678
325930
326720
327029
327088
327149
327161
327402
327560
327619
327739
328045
328638
329789
329987
330137
330610
331204
331433
331843
332482
332549
332734
332887
333142
335362
335606
336232
336350
336715
336956
336970
337020
337756
337927
337934
338995
339074
339931
341107
341807
342939
342974
343071
343949
344057
344148
345227
345535
345776
346071
346807
346894
347639
347739
348299
348790
350154
350383
351355
352689
353762
355276
355981
356303
357253
358982
359201
359275
359393
359975
360013
360818
360940
360994
361158
361426
361803
362937
363942
364048
364684
365296
366163
366221
366860
366969
367134
367870
368730
368972
369649
370117
370271
370301
370575
370972
371273
372209
372219
372705
372792
372958
373024
373760
373947
374033
374246
374952
375067
375216
375245
375356
376087
377260
377808
378491
378572
378822
378911
378979
379840
380924
381855
382794
382798
383236
383339
383636
383856
384238
384348
384781
384955
385193
385476
385941
386058
386216
386498
386556
386950
387504
387656
388861
389107
389583
390160
390526
391355
391818
392118
392482
392737
393243
393296
394235
395516
396048
396962
397279
397960
398630
399871
400256
400763
401140
401881
402229
402268
402285
402629
402705
403176
403472
403763
404515
404772
405509
405810
406162
407059
407257
407619
408709
409488
410020
411528
411612
411809
411913
412243
413030
413357
413504
413785
413997
414782
415543
415942
416569
417158
417358
417421
417926
418039
418210
418361
419037
419671
420193
420456
420526
421041
421090
421672
422374
423463
424258
424855
425090
425506
425591
426073
426126
426669
426956
426981
427259
427459
427552
428249
428564
428603
428781
429438
429522
431257
431670
432241
432852
433789
434046
434666
434767
434828
434854
437349
438005
438164
439536
439670
440181
440281
440772
440896
441187
441858
441945
441968
442347
442357
442599
442623
442928
443843
444782
444847
444955
444984
445210
445714
445834
447809
448037
449408
450373
451156
451387
451540
452676
452731
452791
452909
453873
454269
454364
455620
455811
457170
457912
458531
459081
460289
460334
461717
464524
465170
465300
465742
466141
466623
466930
466936
467461
469293
470891
470924
471087
471180
472942
473829
474153
475034
475755
476652
476937
477343
478067
478340
478531
479253
479551
480019
480918
481079
481880
482161
482260
482641
483064
483553
484549
486482
486598
486677
486909
487212
487669
487777
487815
487908
487967
488754
488800
488991
489164
489454
490221
490721
491120
491478
492043
492053
492778
493216
493380
493487
493644
493941
494033
494487
495922
496309
496316
496631
497179
498605
498812
498962
499266