548
548
897
1022
1103
1954
2521
2733
5298
5953
5970
5985
6121
6215
6503
7401
7403
7452
8152
8428
8451
10268
10427
10632
10994
11264
11269
11343
12453
12981
13037
13077
13456
14426
14569
15039
15333
15828
16279
16763
18743
19018
19710
21000
21152
21591
21623
22921
22937
23713
23858
25438
26023
26100
26424
26460
26631
28026
28051
28661
28780
28894
28903
29131
29574
29792
30259
30530
30574
31161
31486
32654
33581
34558
34894
35595
35793
36257
36437
37110
37811
38886
39367
40040
40295
41831
41949
42157
42193
42269
43840
43882
44336
44881
45221
45507
45633
46493
47606
47698
47923
48674
49044
49904
50885
51206
51379
54041
54416
54482
54872
54955
55711
55821
56010
56204
57475
58284
58783
59680
60411
60647
61067
63032
63628
63912
64595
65209
65336
65537
67429
67712
68722
69950
70545
71414
71472
71997
72385
72673
73233
73633
74277
75034
75539
76232
76242
76782
77008
77274
80281
80552
81613
81817
81928
82558
82800
83969
84216
84248
84608
85002
85784
85988
86251
87118
87441
87858
88535
88751
88868
89174
89294
90253
90318
90903
91590
92690
92723
93134
93473
93605
93849
94135
94518
94927
96801
97285
98043
98054
98116
98392
98620
99018
99398
99935
101898
102876
103095
103441
103554
104856
104934
105325
106530
107178
107188
108545
109305
109335
109394
109554
110349
110369
110452
111067
111207
111224
111331
111793
112020
112724
112728
112741
112923
113403
113795
114212
114634
115026
115205
115249
115410
115439
115530
115899
115950
116331
116335
116542
116954
117493
117632
117892
118436
119457
119735
119915
121530
122309
123014
124465
124482
125438
125627
126771
127577
127866
127880
128696
129059
129555
129967
130018
130235
130450
130502
132827
132939
133716
134526
135278
136522
136569
137042
137498
138595
138842
139082
139341
139348
139411
139685
140091
140108
140126
140329
141493
141639
142542
142695
142908
144503
145020
145091
145388
146048
146099
146201
146813
147547
148489
149134
149335
149580
149812
151171
151730
151802
152005
152172
152880
153279
153895
155494
155610
155613
155720
156284
156344
156434
156449
156872
157397
157479
158809
160230
160496
161299
161615
161723
162113
163223
163562
163883
164547
164624
164682
164914
165468
165502
166510
166886
167085
167526
167666
167825
167844
167846
170221
170330
170954
171133
171523
171957
172262
172594
173614
173840
174109
174642
174716
174764
174958
175152
176002
176214
176680
176727
178061
178197
178538
180158
180159
180975
181077
181105
181835
182178
182815
182935
183540
184719
184896
185200
185885
185931
186004
187891
188722
188777
190002
190871
191391
192371
192721
193800
195169
196070
197311
198357
198432
198873
199750
199840
200210
200266
200275
200820
200884
201095
201211
201886
202405
202492
202883
203062
203259
203768
204075
204620
205192
205607
206266
206959
207027
207533
207856
208129
208273
209105
209938
210243
212246
212508
212553
212658
214024
214866
214895
214978
215173
215740
216116
217334
217356
217864
217891
217993
219033
219725
220083
221740
221926
222510
222600
222999
223062
223621
223711
225813
226333
227617
227953
229191
229346
230053
231706
232214
232632
233583
233710
234798
235019
235022
235692
235856
236403
236708
237559
237674
237951
238462
239575
240001
240003
240163
240548
241084
241328
242071
242391
242407
242621
243513
243915
244264
244515
245531
245626
246229
246970
247409
249115
250027
250448
250904
251375
251917
252743
253346
254144
254288
254842
255181
255957
257392
259156
259473
259987
260208
260730
261144
261183
261367
262571
262689
263596
263844
264245
264985
265999
266926
268089
268563
268785
269156
269437
269654
269788
269892
270692
271292
271608
271872
272625
273377
273534
274992
275300
275465
275641
275671
276386
276906
277336
277980
278024
278360
278487
280248
280464
281835
281879
282538
282647
282849
283784
283993
284044
284434
284473
284751
284797
285049
287970
288361
289134
293059
293505
293572
294578
295131
295223
295717
296617
296764
296786
296854
297093
297218
297552
298137
298168
298202
299464
300289
301073
301814
301931
302237
302702
303446
303817
304839
305205
305342
305840
306594
308050
308435
309313
309535
310515
310866
310995
311716
312535
312733
313841
313887
314279
314901
314907
315075
315534
315847
316005
316767
317784
317951
317995
319284
319433
320094
320309
320336
322574
322994
323734
323770
323835
324960
325354
326450
327573
328200
328488
328667
328991
329065
329742
330069
331592
331850
331878
332043
332117
332120
332598
332800
332807
333381
334194
334381
335332
335472
335991
336430
336866
336982
337458
337500
337959
338130
338167
338489
338525
338839
339194
340111
340525
340985
341036
341065
341407
341642
342014
342056
342103
342476
343504
343765
344246
344315
344966
345880
346425
347688
347946
348202
348711
349457
349973
350284
350889
353429
353524
353677
354049
355049
355625
355755
356135
356583
357777
358027
358086
359003
359912
362787
363864
363879
364328
364408
364896
364934
365015
365097
365162
366414
366454
366469
367060
368136
368571
368906
369499
369865
370312
370327
370552
371306
371438
371902
371958
372575
372740
372752
372837
373006
373308
373803
374160
374712
374894
376549
377946
378150
378420
378465
379014
379302
379558
379566
379603
379719
380106
380118
380334
380606
380837
382935
383498
383552
383614
383794
383972
383986
384278
384286
385101
386624
386807
387439
387859
388544
388716
388739
389050
389193
389470
390653
391756
391767
392025
392708
392881
393116
393786
393804
395406
395657
397542
397614
398490
398525
399303
400149
402196
404081
404342
405302
406156
407583
407684
408073
408153
408457
408517
408570
408930
409026
409141
409740
410994
412026
412049
412186
412352
413662
415381
415662
416215
416923
418149
418512
418935
419157
419511
419880
419902
420017
420828
421536
421582
421727
423025
423976
425391
425749
426229
426235
426492
427014
427305
427730
427894
427904
428000
428201
430314
430400
430657
431272
431746
432220
432613
432709
432810
433526
434498
435836
436702
437163
437204
437608
437999
438082
438217
438572
438640
439036
440560
440655
441371
441790
441803
441809
442472
442596
442868
443115
443119
443226
443320
445353
446005
446099
446835
447275
447997
448000
448125
448987
449489
449706
449852
449868
450172
450737
452105
452201
452278
453459
454714
456368
456409
456601
456728
457250
458347
458676
459548
459701
460439
460486
463851
465881
466462
466954
467123
467261
467331
467484
467778
469262
469317
469659
469830
470227
470326
470545
471122
472470
473019
473053
473193
473724
473925
475072
475321
475547
476425
477292
477540
477974
478863
480417
480753
480820
481470
482915
483596
485092
485734
486081
486082
486956
487073
487329
487357
487405
487738
488286
488384
488502
489452
489860
490147
490385
491629
492015
492104
493576
494782
495262
495619
495750
496005
496103
496566
496617
496779
496786
498165
498295
499000
499300
499486