1582
2680
2933
3255
3664
3790
3976
4685
5064
5294
5348
6688
7151
8403
8803
9249
9791
9858
9945
10241
11525
11745
11768
11977
11985
12019
12498
13414
13837
14164
14401
14628
16633
16701
16920
17701
19431
19748
19920
20359
20363
20775
24223
24349
24659
24686
25337
25685
26067
26222
26316
26450
27240
27541
27598
28165
29227
29281
29482
31319
31827
31889
32087
32572
33784
34574
34972
36740
36825
37383
37601
38139
38465
38630
38716
39869
41036
41374
41805
42297
42413
42687
43536
43956
43980
44340
45052
46450
48120
49158
49197
49451
49950
50117
50158
50929
51070
51776
51898
52178
52329
52477
53078
54552
54815
55075
55606
55606
55631
56867
57160
57973
59441
59495
59632
59714
59764
61640
61771
61822
62096
62655
63389
64095
66099
66273
66305
66785
67280
67464
67526
67604
67646
67711
68728
69579
69791
69806
70562
70871
70975
71839
71947
72243
73733
73800
74664
75150
76234
77106
77903
78254
78420
78621
78706
80553
80611
80679
81619
81817
82183
82755
84350
84825
84904
85386
85421
85737
85844
85986
86093
87429
88030
88880
88925
89220
89697
89881
90146
91310
91713
92402
92754
94076
94121
94387
95299
96532
96822
97791
97793
98163
98345
98568
98950
99375
99472
99606
99721
99977
100253
100350
100848
101293
101473
101783
101840
105372
106121
107862
108464
108491
109471
109652
110592
111003
111008
111533
112521
112870
112874
112896
113039
114283
114638
114751
114977
115096
115141
115727
115848
116282
116490
116599
117343
117577
117872
118795
119287
120439
122005
122122
122253
122316
122561
123336
123920
123923
123981
124750
125199
125655
125726
125873
126449
126480
126866
127095
128012
128523
128956
129276
129690
129761
130224
130436
131142
131864
131941
132641
134168
134275
134840
136748
137953
138117
138151
138708
138733
138770
139300
141122
141539
142282
142528
142543
142553
142615
142939
143663
143833
144610
144941
145781
146280
147712
147942
148069
149042
149102
150463
151282
151296
152046
152595
153123
153189
153766
153796
153958
154145
154281
155139
155206
155306
156320
156703
157121
157647
157986
158074
159703
160005
160355
160650
160791
160893
163262
163446
163866
164424
165083
165419
165766
166757
166862
167615
169366
170176
170954
171410
172273
173014
173162
174413
174490
175303
175342
175629
175809
176282
176424
176873
178364
178496
179496
179729
181150
181338
181620
182282
182420
182481
182519
182616
183220
183418
184235
184755
185244
185518
186445
187099
187915
188051
188398
188653
189160
189851
189905
190921
191247
191515
191743
191930
191931
192611
192958
193659
193711
194512
194533
194614
194741
195288
195580
195846
196957
197189
197216
197658
199576
199664
199800
200536
200808
201520
201715
202835
203702
203863
204735
205028
205221
205485
205619
205783
206100
206191
206218
206934
207519
208075
208185
208966
209342
209878
210401
210497
210976
211172
211390
211505
211864
212517
213051
213799
213952
214556
215402
217232
218224
218639
218959
219281
219408
219954
221339
222880
222908
223828
224221
224396
224844
225057
225843
225951
225985
226034
226336
226365
228095
228207
228315
228592
230609
231078
231176
232377
233498
233545
233743
233936
234195
235079
235212
235574
235672
236089
236094
236965
237109
238700
239208
239556
240179
241029
241147
241249
241519
241891
242221
243581
245314
245320
245569
246194
246556
246832
247241
247662
247997
248761
249168
249966
250300
252110
253115
253159
254201
255137
255628
256165
256627
256662
259410
259618
260634
261018
261563
261879
262024
262300
262449
264743
265169
266613
266662
266960
267164
267873
267935
268192
268502
268683
268822
268841
270868
270933
271028
271149
271277
271429
271568
271815
272071
272073
272647
273826
274017
274075
274493
276274
276735
277492
277732
277953
279082
279135
279276
279609
279824
280548
281058
281663
281850
282057
282525
282873
283021
283408
283643
284096
284212
284419
285927
285942
286221
286411
286526
286658
287065
287647
287876
287930
289209
289286
289481
290296
290391
290711
291016
291246
293842
294730
294879
296333
297485
297887
298250
298473
299016
299272
299402
300744
302256
303116
303505
303533
303573
303648
304033
304393
305598
305837
305990
306176
306439
308324
309344
309355
309426
309462
309503
309708
309837
311342
311375
311513
311784
312692
313112
313581
313895
314424
315367
315561
315747
316953
317201
317438
317764
318038
318134
319498
319739
320157
320439
320755
320796
321918
323258
323662
324405
324545
324623
325044
325477
326132
326145
326425
326580
327929
328489
329493
329769
330383
330625
330667
331107
331118
331555
331989
332020
332779
334232
335823
335926
336805
337083
337534
337583
337751
339615
341149
341991
342396
343057
343474
343861
343891
344290
344676
347612
348191
348794
350072
350302
350479
350779
351166
351169
351394
351433
351805
352793
353264
353375
353683
353845
354208
354436
354597
354836
356162
356221
356239
356424
357382
357621
358377
360375
360785
361003
361200
361378
361619
361761
361819
364015
364022
364456
364615
365058
365125
365672
366818
366928
367279
367291
367328
367951
369293
370452
370978
371615
371660
372410
373032
373302
373307
374106
375039
375531
375538
376624
376771
377299
378349
378611
378833
379371
379725
380881
380915
380952
381503
382414
383326
383336
383347
383493
383612
383875
384063
384350
385757
386488
386593
386692
386769
387219
387223
387303
389381
389481
390303
390554
390796
391525
391766
392409
393138
393417
393533
393638
394645
395028
395840
395873
395931
397082
398005
398267
398589
398839
401048
401084
402097
402194
402375
402447
403241
403315
403563
403736
405038
405260
405568
406042
406484
407122
407544
407899
408150
408247
408566
409235
409536
410228
410448
410919
411294
411357
411699
412161
412168
412444
414160
414236
414325
414643
415246
416072
416802
417001
417107
417381
417684
418322
418518
419078
419265
420418
420592
420594
421689
422502
424419
425568
428317
428327
428420
428622
428631
428851
429178
430314
430373
431037
431826
431841
432136
432514
432888
433278
433626
434060
434127
435097
435564
435738
435889
436519
437011
437338
437746
437850
439915
440767
441264
441634
441950
442377
442518
442970
443029
443080
443176
444995
445037
446927
447760
448792
449178
450290
450341
450364
450559
450877
451939
453524
454199
454639
454710
454817
455837
456152
457193
457518
458354
458699
459808
460803
462170
462262
462841
463039
463315
463734
464027
464884
465190
465781
465802
466300
466371
466412
467116
467141
467434
468903
469275
470386
470733
471208
471994
472492
473090
473233
473760
475591
477194
477265
477804
479216
479252
479328
479979
480275
480358
480602
480652
481555
482104
482197
483154
483326
483538
484335
484352
485638
486060
486358
486884
489057
489389
489509
489731
490214
490612
490623
491279
491299
491914
493503
493511
494472
494753
494817
495831
496252
496295
496512
498012
498139
498901
499245
499296
499857