18
245
486
1230
1810
1905
2338
2481
4169
4526
4773
4837
4968
6993
7041
7101
7312
8502
8867
8990
9118
9835
9852
10809
10938
11005
11424
13643
13719
14619
14996
16298
16489
16892
17477
17820
18589
18825
19237
19930
20230
20870
22074
24156
24992
25410
27147
27859
27899
28214
28531
29816
29915
30197
30631
30812
30843
30952
31045
31257
31342
31360
31508
32462
34314
34731
35730
36027
36408
38116
38235
38837
39259
39294
39424
39834
41105
41164
43040
43351
43752
44715
45315
45661
45682
45727
45865
45940
46436
46940
48165
48331
48373
48824
49748
50100
50862
50952
51498
52058
52079
52445
53336
53441
53958
55217
55513
55563
56070
56465
57064
57318
57964
59234
59358
60213
60991
62218
62274
62730
62764
62973
63777
64814
64930
65051
65696
65932
66244
66361
66852
68771
68784
69037
69499
69677
70885
71166
72526
72909
73334
73352
74545
74615
74702
75195
75251
76732
77020
77477
78154
78194
78440
78637
78980
79047
79189
80018
80394
80498
80656
81409
81706
82015
82046
83393
84070
84826
85057
85121
85406
85407
86246
86444
86858
86933
87301
88940
89168
89342
89355
89893
90844
91429
91539
91975
92181
92604
92621
93576
94136
94857
95249
95805
96315
96661
97298
98114
99093
99743
99761
99962
101031
101131
101648
101970
102909
103162
103348
104811
105345
105769
105895
106263
106859
106868
107049
107152
107833
108390
108504
108858
109242
109378
110883
111481
111503
112237
114706
116318
116541
116629
116859
118022
118207
118501
119136
119249
119718
119990
120421
120454
121554
121714
123335
123645
124441
124722
124969
125235
125273
125607
125684
125741
126840
127908
128066
128066
128824
129992
130030
130222
130302
130753
131910
133982
134612
134929
135384
135887
136620
137401
137550
138373
138601
138813
138972
138992
138993
139924
140143
140506
140714
140875
140959
142641
142815
143036
143097
143601
143764
144743
144777
144858
145160
145660
145782
147205
147953
148447
148659
149835
151280
151835
154831
155043
155157
155217
156376
157115
157799
157883
158642
159078
159204
159417
159612
159858
160664
161305
161313
162583
163304
164747
165104
166406
166734
168221
168250
168815
170020
170891
171718
171835
172363
172756
173549
174570
174784
175083
176005
176036
176410
177800
177970
178177
178196
178564
178591
178703
178925
179003
179230
181276
181633
181710
181712
182954
183146
183612
183850
184071
185039
185899
187191
187369
188484
189235
189252
189396
189458
189837
190362
190998
191065
191132
191459
191562
191892
191896
192265
192880
192983
192998
193077
193399
193685
193875
194379
194626
194688
195052
195245
195476
196693
196787
196813
197605
197626
197814
197847
198121
198509
201025
201482
202922
203015
203534
205001
205196
205416
205516
205574
206089
206855
206879
207366
207977
210980
211102
211219
211400
213782
214070
214260
214838
215401
215714
215907
216674
216799
216804
218123
218407
218673
219617
220558
221031
221186
221783
222214
222338
222407
223455
224760
224828
225602
225948
226304
227781
228235
228719
229600
231140
231861
232140
232384
232516
233612
233966
234787
234795
234958
235626
236980
238762
238820
239364
240245
240984
241189
241576
241712
241916
242427
243253
243769
244024
244294
244657
245128
245582
245888
246078
247220
247601
248144
248448
248583
248720
249387
249817
250225
250516
250542
251632
253113
253297
253318
253353
253613
254365
254584
255025
255973
256218
256570
257845
258421
258539
259264
259985
261587
261774
262758
262955
263351
263591
263592
263666
264269
264745
265077
265116
265485
268809
269123
269281
269854
270287
270359
271243
271608
272091
272218
272334
272832
273744
273849
273907
274156
275365
276531
276597
276802
277288
279390
279930
280347
280520
280561
280963
281145
281308
281997
282162
282597
282648
283181
283838
283935
284208
284220
284429
284451
285025
285502
286593
287408
287825
288040
288075
290878
291652
292057
292457
292470
292816
293697
293718
294211
294215
294300
294734
295439
295474
296022
296286
296374
296474
297055
297302
297572
297768
297927
298216
298323
299065
299450
300453
300943
301759
302275
302332
303429
303758
304414
304674
304898
305475
305563
305640
306166
306578
306659
307101
309219
309432
310521
310628
310905
311233
311584
311683
314093
314636
315836
316110
316183
316827
317859
318690
318847
319954
320115
321383
321729
322232
322575
323969
324182
324857
325044
325554
325658
325701
326119
326553
326912
328657
328668
329772
330044
330135
330363
330649
330656
331269
332150
332286
332874
333317
333383
333892
334224
334926
334984
335160
336346
336555
336903
337049
337057
337284
337420
338080
338350
338523
339305
339568
339813
340232
341012
341299
341357
341728
343964
344876
345956
346336
346557
346675
347264
347760
347831
348719
349651
349906
350940
350960
351214
351301
351335
352378
352552
352687
352752
353523
353974
354446
354750
354919
355243
355486
355566
357005
358233
358990
359425
360393
360832
360919
360977
361309
361780
361877
362265
362634
363751
363821
364637
365670
366076
366585
366845
367121
367811
368315
368778
369858
370111
370530
370690
371712
371867
372567
372777
375184
375289
375303
375611
376060
376483
376677
376778
377635
378194
378584
378840
378991
380944
381411
381982
382058
382211
382953
383063
384854
385174
386478
386603
386808
387109
387933
388126
389486
390878
390940
391059
392351
393138
393196
394159
394741
394885
396100
396141
396604
396614
397750
397910
398381
398422
398811
399470
399714
400264
400537
401588
402363
403355
404344
404500
405457
406712
406725
406925
407049
407433
408820
408825
408860
410036
410128
410411
410448
410744
410981
411171
411749
411815
412036
413703
414023
414421
414930
414957
415276
415327
416681
418364
418759
419554
419576
419829
420202
422363
423185
424089
424185
424336
425053
426367
426774
426873
427268
427673
427747
427837
428112
429412
430780
430975
431013
431268
432125
432146
432569
432967
433303
433775
433986
434393
434842
435015
435020
435580
436020
436893
437187
437237
437586
437600
437677
437737
437887
437904
437923
438026
438352
438387
438631
439562
440093
440450
440579
440932
441500
441605
441723
441967
442222
443453
445100
445159
445807
446253
446575
446601
446617
447736
448161
448684
449840
449872
450009
451076
451105
451625
452008
452637
452861
453126
454988
455124
455225
455298
455674
456209
456314
456365
457973
458099
458281
458685
459072
460725
460990
462472
462631
462763
463164
463760
463880
464850
465380
465464
466344
466803
468718
468720
468766
469499
470815
471520
471662
474009
474179
474774
474913
475666
477654
477856
478196
478975
479136
479180
479543
479632
479807
480270
481055
481532
482058
482553
483705
485280
485485
485531
485533
485731
485798
486898
487862
488143
488205
488272
488484
488742
489995
490360
490422
491240
491340
491687
491939
492374
493171
493361
493570
493951
495282
495387
495549
495572
496394
497066
497892
498626
498663