66
749
1059
2095
2405
2614
2702
3543
4075
5160
5302
5823
6181
6621
6974
7712
8323
8653
8657
8698
8747
9502
9598
9790
10441
11166
11174
11605
13035
13734
15526
16570
17453
17547
17899
18328
18447
18456
18717
20312
20782
22012
22021
22421
22976
24026
24600
24955
25264
25683
25982
26298
26343
27518
27932
28239
28279
28299
28542
28619
28945
29156
29265
29388
29841
30170
30334
30807
31393
31756
32623
32782
33076
33940
34089
34838
34881
34984
35379
35507
35547
35724
37394
37447
37469
37566
38158
38417
38815
38903
40953
42000
42105
44781
45087
45437
45458
45586
46029
46908
47146
47258
47568
47697
47909
49511
49649
50222
50827
51176
51453
51631
51706
52313
52394
53004
53080
55012
55307
55740
55985
56397
57432
59487
59847
59943
60063
63432
64509
64632
67256
68438
68683
69398
69469
70180
71214
71269
71728
74000
75039
75627
76348
76555
76805
77283
77565
77642
77731
77805
77989
78744
79071
79117
79480
80637
81085
82789
83487
83534
84260
84678
85170
86633
86655
87154
87540
88323
88503
88639
89314
89627
90375
90539
90665
90760
90875
91189
91447
91468
91505
92392
92809
92874
93226
93485
94202
94995
95321
95492
95548
95884
96064
96726
98839
98927
99429
99575
100439
100451
100468
100578
100619
101191
101556
102944
103137
103224
103470
104194
104212
105995
106998
107553
107822
107984
108451
108653
109075
109694
109854
109953
109971
110636
110682
110848
111235
111270
111408
111807
111818
111941
112008
112142
112159
112540
112766
112999
113046
113256
114563
114728
115197
115415
115734
115916
116710
117398
118025
118706
118734
119959
121454
122189
123366
123743
124548
124956
125179
125614
126415
126440
126502
127017
127121
127181
127282
127583
127625
128441
129999
131061
131218
131623
132056
132285
134395
135317
135470
135699
135965
136186
136368
136502
136733
137360
137496
137763
137937
138479
138510
138583
139881
141073
141190
142446
142832
143804
144593
144940
146611
146683
147430
147465
147804
147863
148102
149402
150204
152193
152276
153507
154289
154884
155224
156410
157308
158421
158475
159884
160076
160831
162234
162458
162549
163229
163600
163723
163803
165978
166003
166220
166434
167148
168636
168989
169425
169889
170258
170556
170648
170806
171709
171865
172049
172627
172820
172920
173641
173762
174111
174139
175084
175338
176575
176669
177128
177998
178151
178379
178679
180995
181187
181831
182333
182816
182868
182903
183970
185549
185782
186122
186432
186977
187598
188123
188542
189270
189360
190413
190750
191296
191538
192323
193127
194160
194236
194991
195665
196068
196119
196338
196488
196986
197519
197591
198267
198822
199189
199237
199423
200523
201451
201877
202255
202276
202790
204495
204594
204809
204915
204975
205311
205726
205819
205991
206695
206881
207050
207199
207279
207288
207436
208804
209621
210638
210927
211268
211500
211607
212448
213914
214638
215100
215444
217362
217799
217818
218290
218357
218423
219083
219148
219992
220317
220574
220732
221428
222296
223348
224297
224946
225064
225343
225977
226398
226420
227075
227216
228248
229066
229151
230416
231022
232216
233179
233435
233503
233803
234459
235511
235976
236240
236437
236744
237116
239066
240263
240488
240590
241433
241530
241558
241577
242637
243622
244646
245030
245897
246511
246575
246953
247234
247973
248391
249124
249530
249761
250001
250520
251130
251953
252262
252299
252645
252821
253059
253268
253962
254250
254406
254773
255134
255406
255817
256320
257083
257298
257570
259305
259730
260322
260399
260591
261190
261673
262624
263077
263469
263570
264986
265674
265916
265925
266560
266686
266997
267869
268400
268506
269295
269299
271033
271933
272608
274441
274490
275904
276488
276979
277912
279132
279394
279636
280064
280191
280364
281157
281942
282630
282893
282971
284581
284942
285693
286879
287284
287955
288165
288182
288236
288245
288435
289499
289695
290359
290814
290823
291265
292495
292998
293240
293526
294209
294418
294466
294890
295428
295766
295986
296177
296656
297148
297360
297593
298041
298367
298524
299509
299849
301269
301511
301536
301971
302124
302238
302273
302593
302737
303311
303768
303779
303858
304100
304197
304444
304672
305497
305629
305640
307474
308923
309287
309610
310892
310974
311637
312852
313310
313640
313788
315539
316448
316514
316756
317523
317654
317709
317714
317757
317958
318058
319209
319480
319528
319707
320264
321115
321530
322507
323120
323421
324034
325182
325276
325418
326681
327098
327220
327659
328784
329339
330544
330944
331196
331330
332385
332574
334281
334776
334867
335825
336444
336480
336671
337451
338236
338610
339119
339122
339457
339702
339820
340632
341279
341896
342683
342998
343039
343768
344226
344452
344540
346376
347155
348863
348992
351234
351346
351390
351995
352375
352456
352590
354238
354995
355260
355724
355925
357123
357352
357587
357692
357923
358778
358785
359023
359349
359717
359887
360065
360250
360521
361103
361246
361382
361723
362177
362666
362757
362898
364332
365019
365285
366236
366300
367075
367852
370186
372095
373345
373583
374611
375647
375703
376672
377178
377359
377497
377717
378118
378519
378950
379333
380191
380241
381222
381603
381814
382530
384024
384117
384651
385457
385824
386183
386952
387188
387669
388005
388521
388779
389037
389134
390224
391302
392002
392589
393326
394592
395200
395707
395795
396500
397324
397952
399267
401885
401930
402178
402248
402765
403284
403553
403806
403875
404507
404877
405243
406293
406338
406571
407755
407976
408090
408527
408660
408852
409078
409516
410116
410478
410879
411841
412038
413019
413272
414901
415891
416027
417453
417711
419659
419993
420311
420648
420722
420738
421798
422097
422156
423011
423096
423109
423530
423687
423995
424810
426197
426780
427376
427485
427715
428226
428788
428837
428953
430939
430940
432356
432373
433179
433222
433589
433655
433694
434055
434116
434507
434522
434537
434575
435555
435583
435779
435957
436110
437082
437584
437598
437932
438566
438570
439234
440138
440272
440465
440802
440827
440837
441215
441340
442719
442907
443030
443356
444078
445107
446042
446633
446675
447196
447254
447365
448482
449426
449473
451828
451946
452076
452381
452716
452926
453318
453421
453442
453679
453921
453975
454125
454280
454453
455011
456417
456715
456784
457887
458347
458725
459085
459366
459495
460250
460558
460876
461027
461297
462491
462971
463318
463363
463769
464083
464270
465259
465636
465725
465989
466625
467009
468518
468564
469053
470179
471190
471539
471794
471896
472690
472957
473636
473850
473852
473871
474477
475523
476112
476218
476652
476770
476826
477037
477282
478014
478284
478538
478623
478634
478807
479653
480102
480538
480644
481435
481844
484713
485259
485388
489224
489307
490193
491056
491433
491939
492131
492291
492315
492389
492393
492787
494842
495517
496535
496836
496947
497163
497877
498624
498800
499221