251
551
1279
1794
2322
3376
5612
6126
6453
7029
8152
8216
8444
8903
9097
10715
11137
11336
11358
11461
12002
12174
12905
13844
14459
15566
16355
16616
17043
17053
17061
17193
17362
17435
17494
17813
18749
18850
18916
21100
21101
21605
21977
22024
22196
22278
22283
22412
23147
23573
23699
23723
24144
26537
26571
27131
27493
27806
28186
28298
28624
29368
30777
31094
31501
32122
32364
32754
33149
33261
33898
34710
36666
36891
38193
38274
38439
38453
38706
39422
39441
39862
40061
40229
40575
41069
41678
42192
42430
43099
43525
43707
44749
44879
44987
45059
45249
46307
46307
46447
47457
48272
48420
48881
49100
49118
50899
50939
50997
51207
51657
51772
54227
54868
55830
56259
56308
56676
57103
57458
58361
58991
59021
59810
60175
60210
60905
61485
61831
61863
62067
62315
62426
62461
62493
62580
62902
63812
64952
65023
65079
65734
65754
65853
66683
66790
67128
67650
68570
68970
69952
70105
72372
72532
73218
73973
75291
75487
75600
75834
76110
76781
77090
78187
79011
80148
80461
80522
80546
81248
81546
82492
82515
82571
83162
83888
86265
86326
87348
88159
90274
90775
91179
93175
93524
93736
95283
95969
96251
96540
97165
98370
98645
98984
99233
99448
99572
99605
100060
100092
100676
100738
100753
100952
101643
101758
102144
102651
102820
104089
104159
104593
104802
105203
107478
107528
107919
108135
108530
108606
108804
108905
109764
109923
110729
110868
111767
112145
112257
112303
112529
112778
112791
113039
113359
115524
115615
115944
115990
116527
116682
116813
117572
118028
118079
118804
119012
119030
119541
120497
120509
121246
122408
122801
122976
123303
123331
123512
124003
124460
124469
124738
124968
125384
125753
125928
126044
126618
126975
127886
128642
128699
129136
129414
131353
132920
133271
133824
134037
134265
135050
135747
136876
137284
137417
137466
137606
137993
139542
140107
140604
140914
141311
142298
142593
142970
143904
144072
144123
144600
144862
145249
145438
145608
145786
146196
146884
147106
147110
147394
147484
148303
149199
150068
150542
150946
150986
151001
153682
154236
154280
154632
156408
156671
156869
157048
157291
157663
158258
159357
159602
159830
159899
160853
161022
161353
163553
164359
164548
165219
165798
165949
167210
167761
167891
168110
168135
168915
169096
170325
170816
172345
172366
172399
172945
174952
175557
176446
176598
177447
177912
178901
178908
179407
179639
179876
181719
181754
181846
181851
181904
182106
182470
182578
184246
184747
185785
186334
186734
187318
187404
187493
188450
188540
188618
188871
189477
190619
191067
191574
191776
192070
192098
192480
193039
194802
195445
195521
195546
196707
197415
197465
197655
197663
197759
198316
198750
198949
199563
199581
199762
200308
200387
200460
201168
201449
202431
203183
203709
204832
204870
205017
206081
206872
206932
209135
209424
209809
209822
211097
211271
211410
211552
212061
212295
212892
212998
213148
214462
214776
215607
215711
216270
216360
216970
217847
218182
218305
218446
218695
218919
220087
220435
220589
221402
222696
223315
223463
223744
224756
224826
224833
225251
225565
226004
226312
226425
227066
227301
227692
228018
228289
229064
229267
229761
230089
230769
230889
231202
231503
231885
231965
232244
233652
235258
235757
236582
237154
238431
238511
239661
239750
240285
240311
240698
241549
242688
242913
243406
244043
244464
244988
245180
245308
246049
246213
248206
248250
248288
249183
249649
249862
249889
250286
250569
251157
251186
251660
252152
252557
252641
254071
254150
254297
254555
254699
255002
255282
255369
255595
255637
256572
257270
257452
258571
259983
260867
261383
261872
261970
261992
262017
262181
262621
263424
263966
263990
264198
264199
264954
265187
266172
266961
267245
268011
268148
268360
268925
269271
269273
269338
270906
272061
272117
272931
274078
275470
275610
277077
277337
277344
278407
279211
280389
280818
281546
282117
282731
282741
283204
283286
283742
283812
283869
284144
284157
284342
284864
285277
285540
285905
288682
288917
289048
289707
289792
289999
290525
291405
292005
292162
293887
294807
297503
298667
298675
299825
301132
301586
302566
302595
303999
304117
304210
304431
305204
305968
306635
306913
307359
307721
307827
308175
311126
311309
312744
312972
313089
313098
313133
313255
313424
313974
315068
315078
315257
315286
315689
315985
317858
318124
318889
319226
319233
320541
321346
321435
321474
321518
322378
322871
323091
323176
323362
325132
325216
325261
326041
326271
326482
326485
327118
328295
328431
328500
328563
329094
329224
329266
329473
329735
330254
330273
331268
331410
331487
331961
332126
332262
333489
333766
334599
335228
335872
336157
336394
336515
337326
337847
338826
339330
339703
340195
340640
341984
342174
342570
344171
344497
344816
344854
345347
345885
347840
347912
348527
348559
349927
350046
351064
351172
351920
351934
352335
352496
355409
355942
356422
356829
357223
357894
357919
358021
359158
359165
359260
359272
359298
359617
360455
362167
362575
363674
363908
365254
365761
366855
367802
368350
368360
368704
370553
371010
371228
371480
371849
372369
372902
373314
373931
374012
376618
377396
378341
379896
380044
381458
382065
382502
383513
383524
383807
384065
384401
385015
385603
385654
386512
386544
387123
388255
388454
388805
388920
389796
390038
390204
391755
391990
392010
392154
392681
394025
394113
396135
396298
396578
396708
396966
397972
398172
398253
398760
399038
399064
399840
400514
400876
400903
400986
402794
404493
404881
406326
406655
406726
406845
407828
408477
408601
408892
409222
409242
409676
409691
409979
410544
411397
411820
412213
413543
413635
413759
414542
415151
416103
417198
417440
417491
417662
417845
417877
418071
418735
418816
419649
420149
420212
420836
422192
422338
422710
422728
422819
423245
423430
423661
424801
424990
425205
426131
426368
426498
426609
427163
427441
428019
428094
428644
428659
428846
429159
429777
430120
430777
432141
432978
433512
433864
434280
434906
435091
436287
436343
436963
438331
438334
439013
439767
440173
440831
441193
441646
442297
443626
443740
444219
445359
445539
445545
445585
446600
446609
447052
447491
447764
448641
448977
449017
449253
449602
449898
450332
450564
450769
451118
451207
451253
451507
452004
453111
453800
454026
455545
456132
456839
456925
457059
457964
459164
459417
461448
461831
462031
462055
462232
462613
462937
463592
463892
463910
464059
464074
465126
465497
466204
466314
466792
467245
468039
468051
468462
468744
469002
469624
470015
470034
470467
471318
471528
471727
471808
472762
473015
473466
473824
475868
475937
476146
477003
477111
477998
478987
480192
480273
481653
482236
482241
482901
483801
483997
484097
484561
485392
486660
486720
486828
487182
487387
487953
488272
488527
489264
490120
491629
491792
492145
492916
493291
493308
494132
494350
494672
494957
495049
495240
496618
498215
498850
499659