20
387
684
842
968
1218
2010
3612
5424
6273
7383
8084
8531
8735
10182
10394
10934
11018
11134
11444
11782
12045
13467
13483
13652
13774
13800
13852
15109
15153
15802
16541
18115
18624
19856
19873
20012
21509
22318
23473
23644
25809
26304
26664
27330
28330
28949
29324
30183
30342
30436
30656
31604
34009
34460
34533
34556
34659
35264
35911
36077
36847
36920
36936
36965
38330
38347
38551
39309
40298
40448
41302
41818
42080
42519
42765
44008
44013
44084
44091
44596
44954
45068
46273
46705
47098
47413
49194
50115
51145
51559
51717
51799
52043
52252
52437
52469
53096
53445
53762
53773
53942
54103
54130
54167
54832
54938
55554
55772
56355
56615
56629
57569
58204
58279
58372
58660
59136
60016
60041
60636
61047
62185
62296
63637
63673
63710
63879
63944
63951
64070
64116
64271
64776
66191
66223
67185
67899
68416
69122
69493
69582
69928
70093
70503
70518
71085
71850
71966
73211
74033
74497
74952
75014
75057
75085
75488
75524
76369
76674
77309
79001
79420
79907
80856
81020
81113
81284
82808
83294
84134
84543
85341
85524
85622
86209
86565
86871
87148
87277
87352
87390
87728
88049
88500
89150
89187
89438
89872
90166
90523
91091
92310
92664
92967
93643
93652
93961
94251
94526
95353
95477
95956
96292
96882
97420
97671
97675
97908
98743
99665
99721
100355
101108
101188
101444
101670
102127
103188
103190
103290
104645
105240
105419
105478
105615
105731
106912
107057
107628
107938
108022
108107
108455
108759
108794
109510
109524
109572
110559
111285
111603
111916
112698
113535
113902
113924
114432
114837
115174
115179
115733
115921
116769
116834
116928
117218
117340
117363
117763
117863
119065
119253
119826
119890
120032
120281
120426
120731
122399
122676
122822
122898
123597
124033
124123
124275
124353
124414
124651
126645
126667
127042
127929
129040
130096
130474
130595
131633
132316
132388
132527
132684
132688
133214
133262
133673
134218
134553
134785
136042
136542
137735
139678
139690
139907
140323
140405
141048
141614
142365
142433
144347
145894
146384
146712
146866
147068
147276
147839
149216
149575
149741
149788
149848
149929
149958
150454
151228
151550
152013
152312
152990
153006
153560
154275
154591
154648
154813
154968
155656
155670
156731
159425
159733
159744
160216
160364
160611
162327
162464
162804
164132
164461
164506
165110
165134
165175
165653
165856
166222
166628
167076
167182
169462
170030
170534
170683
170918
172101
172342
172822
172918
173726
174345
174923
175049
175170
175418
176145
176284
176784
176897
176966
177305
177683
178217
178262
178575
179233
180085
180431
181298
181728
181947
182608
182723
183648
183686
183923
184955
185120
185692
186445
186686
186876
187425
188498
188569
188765
189074
189573
190397
192017
192458
193517
193871
193908
193999
194464
194704
194774
194793
195601
195655
195890
197954
197985
198478
198698
198982
199671
200817
201177
201243
201473
201941
202034
202100
203396
203400
203445
203476
204703
205690
205894
206309
206726
206887
207439
208009
209056
209231
209277
209510
210116
210118
210124
210714
210928
211108
211258
211556
211801
213809
214270
214310
214740
216121
216312
216466
216585
218821
218883
218969
219095
219680
220064
220292
220394
220571
220983
221926
221960
221970
222117
223166
225013
225369
225712
226115
226792
228288
229010
229213
229986
230355
231591
232045
232188
232917
232950
233058
233526
234009
234045
234904
235962
236283
236615
236978
238461
239567
240184
240901
242404
242666
242864
242980
243448
244514
245455
245517
245812
245869
246339
246651
246791
246804
247245
248790
248920
249515
249605
249962
250037
250171
251008
251337
251370
251752
252062
252464
252605
253652
253910
255112
255815
256391
256601
256797
257093
258424
258641
258887
259290
260053
260322
260517
260944
261720
263638
265587
268673
268747
269210
269488
269809
269892
270075
270522
270632
271096
271429
272323
272540
272799
272926
272961
273012
273037
273747
274677
274685
276226
276460
276604
277031
277144
277167
277755
278065
278292
278607
278769
279078
280482
280595
282540
282693
283549
283905
285184
285188
286490
287010
287315
288025
289268
289527
290426
292431
292809
293531
293936
294212
294289
297324
297680
297706
297753
298159
298985
299571
300196
300666
301111
301491
301740
302322
302827
303687
304808
304820
305021
305299
306684
306693
308248
309161
309203
310138
310737
312481
313307
313862
314135
314419
314429
314733
314889
315295
315422
315570
315744
316655
317570
317835
318476
319067
319792
321330
321523
321613
322175
322911
323053
323768
324163
324609
325700
325749
326072
329278
329696
331874
332088
332929
335132
335255
335347
335487
336070
338085
339358
339688
339915
340298
340312
340941
341123
341313
341789
342147
342485
343112
343739
343923
344607
344702
344775
345230
345764
346326
346455
346603
347184
347367
347794
348011
348218
348345
348523
349205
349444
349989
350055
350472
352047
352437
352514
353231
353400
353910
354452
355960
357323
358148
358271
358472
358976
359235
359326
361176
361540
361782
362109
362732
363373
363670
364178
364295
364722
365559
366018
366678
366730
367566
367572
367830
368225
368762
369638
370059
370354
370752
370761
370794
371513
372098
372401
372658
373023
373922
375105
375582
375875
376179
377744
377772
377954
378554
379009
379966
380831
380867
382179
382180
382675
382680
382774
382945
383273
383824
384124
384239
384253
385070
385201
385798
386319
386332
387567
387980
388717
388927
389321
389812
390225
390636
391327
391646
391880
392350
392386
392619
392636
392670
392743
392796
393266
393302
393886
394749
394781
396259
397091
397200
397787
397823
397924
398078
398375
398797
399885
401913
402355
402430
402521
403633
403822
404258
405036
405177
405277
405316
407743
407756
407975
408145
409032
409138
409325
409675
409739
410431
410665
410825
410871
411245
411357
411878
412029
412419
414153
414743
415897
418622
419993
420236
420278
420551
420728
420777
421017
421784
421890
422092
423561
424647
427235
427513
429065
429857
430404
431669
432592
432801
432831
433392
434560
434856
435354
435415
435491
436423
436610
436766
436790
438162
438556
438839
438994
439340
439688
439826
440640
441012
441036
441103
441608
442212
442839
443406
443679
444846
445786
446933
446981
447452
448485
448907
450215
450777
451062
451157
451400
451443
451465
451817
451969
452253
452589
453085
454815
455040
455591
455796
456567
456709
456967
456980
457328
457597
458122
458160
458269
458299
459953
459979
460109
460112
461092
461544
462248
462775
462948
463313
464306
464729
465171
465649
466182
467048
467237
468491
468869
469138
469286
471733
472224
472380
472815
474193
475467
477618
477748
478701
479036
479757
479908
480431
481053
481894
482807
483427
483671
485393
485455
485550
487982
488030
489343
490182
490551
490714
490731
490965
491218
491533
491983
493406
494052
495018
495694
496322
497651
499075
499086
499717