1332
1650
1720
1750
1802
1812
1831
2115
2341
2538
2563
2785
3312
3845
3876
4304
4538
5145
5387
5809
6445
6869
7703
8013
8191
8283
8815
11125
11133
13710
14014
14526
14987
15007
15174
15197
15292
15729
15881
16303
17468
19402
19544
19992
20043
20129
20140
20310
20987
21071
21920
22463
22586
23683
24698
24765
24791
24874
26980
27072
27176
27315
27868
28545
29051
29946
30476
30591
30886
31823
32795
33148
33329
33534
34255
34287
35206
35604
36948
37141
37336
38382
39015
39088
39674
39728
39938
40129
40389
40779
40850
40860
41326
41399
41459
43188
43409
43521
43949
44078
44093
44223
44927
45285
45442
45992
46503
46749
47067
47725
49242
49271
49410
50546
51039
51673
52464
53056
54051
54572
55040
55217
56556
56969
56974
58509
58631
59062
59133
59212
60373
60866
62861
63566
63891
64882
65668
66931
67674
68289
68665
68765
68948
68971
69131
69305
69321
69332
69373
69780
70243
71353
71692
72144
72185
72981
74950
75568
75650
75654
76765
76920
77441
78304
78856
79197
79472
79569
79957
80053
80500
80708
80731
80994
81424
81464
81897
82151
82531
82990
83132
83425
83740
84145
84359
84598
84811
84979
85176
85398
85466
87029
87215
87816
88218
88561
89287
91422
92175
92312
94156
94827
95074
96045
96642
96725
97049
97102
97325
97522
98565
98766
99188
99236
99242
102217
102461
102719
103781
105150
105332
106659
107580
107706
107750
108174
108206
109310
109989
110107
110773
111570
111639
112781
112946
113422
113526
114024
114169
114974
115981
116319
116446
116833
117528
117532
117714
118370
119257
119514
119615
119785
119877
120009
120807
120949
121167
122069
122347
123003
123147
123905
124471
124560
124804
125682
126408
126835
127025
127122
128127
128546
128570
128733
129022
129444
129487
129653
130527
130657
131402
131991
132055
132158
132493
134052
134400
135563
135756
137509
137627
137737
138943
139955
140020
140259
140336
140865
140867
140900
141297
141337
142062
142635
142820
143352
144242
144260
144409
144855
145002
145073
146890
146892
146902
147035
147358
147608
147826
148302
148722
148895
149227
149742
151297
153263
154244
154493
154773
155472
155651
155754
156201
157667
158723
158961
159227
159427
159486
159838
159885
160178
160613
160923
161720
163104
163409
164222
164590
165147
165908
166361
167310
168254
169899
170152
172087
172165
172791
172829
173543
173688
173728
173757
173762
174356
174488
174625
174704
174966
175864
176544
176716
176784
176960
177177
179866
180150
180185
180208
180324
180603
181194
181563
181599
182376
182569
182607
183613
183642
184242
184424
185796
186040
186254
186286
186806
187305
187473
188234
189556
189956
190241
190806
191090
193530
193564
194187
194342
194431
195371
197295
197758
198322
198665
199586
199673
200775
200849
200959
201550
202128
202332
203214
203799
204485
204619
206031
206238
207349
207666
207767
208008
208414
208506
208630
209407
209594
209766
210009
210085
211328
211602
211676
212706
215097
215427
215702
216557
216728
216934
217055
217217
217313
219124
219577
219824
220209
220919
221303
221312
221592
221624
221702
222453
222524
222820
224206
224472
224631
225431
225507
226517
227153
228326
230030
230232
230440
230621
231036
231284
231511
231950
232049
232314
232320
232522
232778
232952
233251
234243
235436
235853
235966
236379
236463
237026
237051
237199
237318
237378
237495
237819
238058
238260
238312
239120
239510
240121
240125
240299
240408
240420
242563
243592
243698
243804
244486
246393
246616
247495
248964
250423
250989
251507
251691
252148
252191
252541
252795
253157
254721
254899
255223
255470
256288
256583
256864
256885
257238
257335
258428
259203
259652
260451
260522
260932
262214
262303
263125
263654
263684
263758
263877
263902
264508
264848
264883
265079
265263
265286
265294
265411
265908
266248
266523
267241
268436
269611
270413
271539
272335
272800
273243
273751
274771
274772
275172
275458
275771
276823
276905
277115
277390
277778
278128
278555
278996
279629
279780
279822
279957
279967
280058
280456
280650
281543
281869
282355
282415
283420
283422
283923
284137
285578
285727
285821
286169
286261
286758
287155
288426
289336
289603
289675
290045
290358
292301
292922
292937
293105
293730
294002
294093
294269
294400
294493
294741
294758
294765
294855
295294
295299
295642
295707
296461
296675
296744
297055
297698
298092
298309
298978
299231
299364
299730
299880
300529
301209
301603
302114
302203
302664
302836
303765
303982
304165
304411
305134
305307
306561
307301
307302
307775
307987
308081
309304
309421
309620
311131
311821
311870
312021
312513
312736
312783
312955
313385
314793
315453
315479
316419
316516
317006
317875
317937
319233
319702
319867
320537
320654
321089
321817
324173
325829
327212
327278
327461
327803
327861
328227
328231
328782
330064
330258
332231
333986
334679
334687
335304
335324
335637
335681
335757
335768
336199
337349
338635
339025
339065
339651
340190
340455
340846
342153
344338
345233
345489
345565
345658
346109
346754
346844
347144
347800
347817
347840
348084
348233
349325
349674
349927
350525
350536
350857
350944
351509
352471
355384
356459
358006
358288
359730
359998
360219
360531
361286
361424
362932
363812
364779
364941
365245
365539
365826
367240
368369
369076
369093
369259
369390
369439
369443
370680
371006
372521
372705
373723
374378
375007
375954
376329
376373
376746
376748
377775
378176
378445
379253
379565
380026
380027
381080
381103
381568
381792
383031
383984
384396
385243
385624
386027
386086
386134
388558
388846
388952
389406
389696
389949
390056
390256
390282
390772
392911
393174
394678
394798
395251
395450
395856
396710
397032
397145
398519
399260
399478
400073
400271
400362
401692
401802
402333
402446
402483
402990
403439
405037
405412
406763
407157
408169
408557
408806
409153
409209
409499
412720
413114
413357
414025
414418
414841
416115
416583
417714
417833
418155
418362
419042
419596
419713
420797
420935
421555
421683
421687
422112
422277
422378
423757
424058
424245
424753
427131
427175
428243
428742
428909
429200
429236
429594
429625
430025
430991
431256
431883
432192
432450
432507
432895
433094
433880
435481
435567
436298
436587
436931
437341
437729
438009
438356
439841
440324
440698
442254
444354
445568
446218
447857
448656
450373
451866
452700
453412
455434
457155
457318
457751
459548
460021
460275
460575
460910
461746
462887
463465
463807
464073
464074
464552
464835
466529
467195
467803
467955
468536
469804
470454
470716
471143
471410
471884
473336
473558
473589
474647
477183
477989
478022
478196
478499
479352
479730
479863
480376
483196
483388
483749
483879
484344
485045
485096
485289
485559
485780
486403
487573
488177
488220
488403
488585
489650
489711
490245
490735
491178
491414
491430
491904
492193
492534
492932
493035
493116
493328
493666
493690
493776
495001
495237
495860
496008
496203
496515
497011
497057
499034
499419
499732