236
309
537
2803
2960
3047
3397
4549
6842
6860
7210
7626
9847
9889
10438
10703
10732
11163
11358
11598
11695
13069
13495
13741
13885
14333
14931
15008
15379
15781
16251
16871
17094
17122
17231
17533
18287
18311
18611
19075
19128
19339
19829
20009
21832
22363
22437
22548
23093
23912
24892
24969
25726
26764
29060
29141
29965
30723
31602
32189
32214
32849
33157
33251
33439
33959
34315
34683
35076
35874
36807
38058
38543
38690
39669
39772
40252
42575
42706
43171
43376
44207
45587
46007
46081
46328
46555
47087
47206
48450
48876
49973
50439
51377
52472
52495
52890
53105
53569
53768
53841
54026
54473
54919
55314
55425
56247
56452
56647
56806
56987
57277
58264
58478
59935
60110
60287
60557
60830
60868
61361
62000
62125
64853
65652
65920
66420
67534
68837
69571
70560
70600
71285
71406
71492
71575
71989
72284
72925
73207
73440
73475
74835
75173
75806
76158
77244
77385
77869
79319
80331
80662
81154
81278
81975
82294
82532
83230
83457
85354
85391
85805
86586
87496
87649
88020
88392
88439
89354
89379
90271
90727
90812
91798
92113
92183
92212
92258
92307
93074
93224
93625
93928
94296
94372
94399
94624
95151
95455
95869
96122
96211
96318
97523
98222
99036
99677
99783
100886
100916
101422
101604
102381
102672
103024
103974
104060
104185
104461
105107
105759
105814
107051
108118
108175
108802
109072
109533
109605
111578
112069
112299
112775
113280
113281
113410
113843
114122
114961
115074
116120
117316
117546
117646
117747
117875
117892
117978
118178
122453
122689
122771
124277
125152
125437
126093
126429
126927
126970
128361
128978
129022
129228
129691
129848
130308
130356
130949
131680
131736
131904
132052
132374
132392
133058
134148
135024
136499
137712
137893
138655
139711
139880
139980
140162
140337
140433
141178
142012
142068
142154
144193
144960
147042
148044
149763
149851
149894
150288
150308
150312
150602
150997
152579
153124
154155
154574
154617
154617
154922
155144
155418
155540
156333
157153
157641
158888
158905
159636
159691
159727
160695
160945
160995
161645
161770
164072
166250
166257
167764
167850
168321
168613
168767
169642
169804
169812
170357
170653
171676
171754
172457
172895
173283
173545
173811
173933
175247
175572
175724
175798
176283
176571
176622
178784
180793
181884
182270
182293
182740
183309
183503
184269
184341
184947
185508
185584
186365
186916
186992
187411
187461
187512
188567
190274
190343
191352
191392
191726
192450
192787
193117
193591
193653
193795
194578
195246
197038
198487
199384
199617
199654
200029
201144
201171
201876
202142
202327
202436
202863
203357
203459
204367
205281
205994
206109
206204
207498
207968
208698
208996
209139
209525
209873
212065
212923
213198
213225
214065
214512
214758
214769
215137
215474
216232
217297
218475
219742
220435
220490
220773
221398
221812
221909
222046
222674
223756
223966
225298
225815
226007
226130
226215
227003
227663
228294
228483
228791
229678
230233
230256
230672
230960
231018
231203
232206
232857
232953
233375
233521
233601
234190
234638
235249
236610
237251
237326
237575
238525
238591
238767
238918
238925
239381
240017
240253
240961
242123
243554
244176
244689
245755
246269
246453
246936
246983
247360
247551
247825
248106
248394
248412
248549
248757
249833
249866
250065
253350
253436
253548
253904
254897
255119
255200
255353
256141
256283
257809
258241
260109
260139
261252
262449
263019
263403
263915
264936
264997
266139
267217
267612
268037
269342
269378
269385
269792
270136
270673
271185
271787
271986
272218
273029
273089
273316
273318
274069
274082
274651
274945
275714
277607
277808
278272
279082
279110
279485
280058
280423
280741
280882
281165
281843
283476
283523
283718
284594
284603
284640
285486
285815
287731
288267
288525
289076
289359
290441
291199
291430
291450
291739
292466
292963
293438
293605
294450
294647
295814
297028
297170
297438
298338
298513
298675
298808
298973
299400
300355
301254
301547
301931
302108
303314
303502
303780
303960
305955
306004
306076
306509
307332
307334
308556
308965
310462
311477
311503
311981
312732
312877
312878
313896
314194
314847
315160
315278
315415
315654
316255
316928
318452
319547
320444
320846
320887
320908
321275
321328
322233
322237
322402
322864
322984
323327
323338
323919
324029
324483
324738
325441
325722
326598
327502
327586
328197
328733
329475
329864
330425
330634
330815
330927
331295
333121
333200
333729
335866
336313
338357
338381
338911
338944
339694
341521
341577
341604
341619
342309
342335
342493
343049
343139
343256
343458
343901
344100
344474
344765
344958
345065
345121
345312
345352
345573
346671
347752
348101
348169
350661
351000
351490
351729
352219
355105
356405
357154
358336
359426
359644
359668
359928
360095
361149
362149
362402
362574
363995
364452
364584
365282
366008
366650
367345
368349
368380
368788
369039
369290
369301
369800
370329
370488
370587
371591
372038
372451
373583
373606
374590
374781
374921
375387
375408
375671
376060
376284
376888
377275
378540
378696
378936
379494
379636
380020
380315
380722
380936
381183
381433
381517
382576
383121
384003
384517
385653
385925
385984
386343
386811
387593
388131
388214
388983
389469
389756
390257
390489
391330
392081
392091
392389
392949
393416
394741
394979
394999
395019
395749
395982
396223
396414
396704
397249
397302
397325
398083
398219
398351
400260
400993
401204
401377
402042
402424
403647
403745
404936
404993
405548
405574
405841
407265
407581
408006
408259
408323
408925
409064
409329
409341
410703
411530
411618
411695
411987
412557
412702
412940
413007
413319
413733
413801
414326
414584
415232
416861
416862
417219
418013
419309
419891
420288
420480
420694
420872
420964
421012
424650
424935
425843
426074
426622
427016
427152
427275
427823
427832
428285
428680
429039
429200
430297
430692
430763
431106
431251
431285
431437
431554
432062
432367
433100
433522
433953
434373
434707
436876
437435
437716
438118
438723
438762
438984
440283
440424
440430
440481
440619
441018
441300
441481
441864
442382
442393
443976
444026
444173
444481
444495
445640
445748
446361
446618
447022
447295
447836
447988
448737
449423
449864
449994
450028
450090
450538
451163
451198
451495
451732
452231
452509
452971
453293
454100
454526
454604
455175
455453
457747
457812
458118
458585
458904
459834
459861
459882
460305
461041
461088
461251
461607
462262
462318
462428
463069
463298
465640
465756
466132
467451
468301
468667
468776
468823
468971
468996
469269
470081
470613
470968
472844
473669
474228
474374
474899
475380
475541
475845
476208
476346
476452
477340
478027
478381
478853
479022
479381
479836
480216
480313
480390
480752
481640
481644
481764
483346
484360
486371
486976
488439
488581
488677
488814
488816
489097
489928
490366
490446
490794
491513
491892
492073
493907
494103
494321
494943
495628
495750
496063
496364
496481
496972
497005
497223
497621
497803
499212
499307
499331
499955
499997