282
1752
1886
2349
2787
3116
3228
4103
4244
4254
4605
5653
6271
6366
6389
6588
6735
7165
7978
8177
8465
8833
9096
9674
10272
10400
10607
11310
11515
12064
12389
12620
13201
13997
15050
16967
18534
19426
20340
20587
21048
21748
22389
22724
22879
23022
23578
23704
24512
25082
25485
25527
27246
28275
28857
29746
29921
30017
30124
30313
30574
30863
30874
31252
32151
32809
33065
33624
34474
35340
36973
37663
38544
38889
39613
39995
40220
40409
40874
41112
41575
42076
44275
44917
45270
45891
47960
49059
49129
49408
49654
50986
51229
51576
52161
53346
54206
55231
55575
55785
56054
56447
57008
57291
57457
57923
58012
58276
58331
58516
58568
58739
58964
59381
60484
61244
61829
62051
62106
62198
62590
62615
63211
63618
63680
64082
64606
64656
64743
64908
65191
65591
65671
66670
68904
69527
69716
70326
70786
71003
71069
71847
72144
72393
72660
72880
72916
73338
73344
73967
74557
75068
75460
76988
77499
77700
77806
78420
79387
79407
80802
81778
83546
83584
83725
85053
85323
85588
85859
86867
89906
89972
90297
90756
94742
94942
95617
95859
96005
96024
96364
97252
97297
98361
99313
100031
100154
100626
100931
101648
101673
101739
103085
103131
103823
104835
105306
105591
106027
106091
106429
106965
107142
107567
108237
109213
109339
109361
109491
110438
111290
111844
113333
113418
114960
115419
116178
117147
117926
119192
119487
119508
120488
121310
121392
121431
122158
123192
123734
125219
125399
125816
126728
126785
126949
128097
128174
128413
129538
129650
130974
131480
132115
132410
132646
132924
133128
133192
134468
136513
136776
137470
138369
138461
138728
138917
138926
138948
139130
141596
141705
142917
142968
143636
143661
143770
143925
144294
145629
146364
146985
147459
147735
148347
148873
149152
149457
149778
150028
150060
150264
151722
151812
152622
152726
152966
154666
154817
156237
156677
156811
157221
157620
157973
158322
159288
159615
159638
160095
160276
160832
161550
163000
163023
163140
164811
165564
165855
166066
166474
166540
167430
167551
168727
169022
169176
169644
169844
169871
170029
170219
170235
171653
173244
174013
174742
175833
175872
176305
176722
177029
177482
179391
179463
180273
180298
180664
181148
181250
181537
182040
182157
182167
182354
182949
183729
185578
185613
185758
185893
186120
186690
187163
187884
188385
188458
188524
188630
189506
190505
190951
192289
192376
193221
193235
194409
194622
195021
195149
195810
195860
196100
196550
196951
197106
197437
197692
198201
198220
198266
199603
200211
200677
200808
201310
201740
203408
203482
204694
205733
208064
208540
208585
210073
210782
210894
211063
211545
211625
211916
212141
212990
213438
213672
213860
214061
214521
215438
216172
217721
218761
219317
220156
220182
220184
220213
220502
220612
220881
221823
222231
222415
222481
222527
222538
222804
223218
223269
226018
226357
226477
226572
226840
226880
226899
229155
229929
230482
230802
230833
231194
231553
232149
233339
233810
234172
234849
234939
235121
235730
235811
235930
235996
236327
237893
238094
238110
238519
238563
239092
239201
239243
239717
239801
239939
240093
241867
243006
243152
243668
244069
244318
244675
245831
245906
246455
247690
248635
248682
248995
249220
249237
250061
251027
251826
251987
251999
252145
252394
254451
254792
255621
256178
257351
257664
259882
260470
260685
261153
262192
262476
263216
263564
264622
265115
265278
265345
265695
265835
265844
266172
266729
266944
268079
268790
269032
269628
270135
270595
270750
271108
271205
271417
271800
271935
273300
273423
273439
274187
274355
274442
275059
275470
276239
276504
276790
277289
278234
279125
279515
279748
279874
279989
280016
280313
280337
280385
280518
280715
280722
281698
281875
282407
282466
283435
283462
284035
284829
285234
285343
285562
286206
286311
287544
287859
288788
289078
289908
292150
293508
294354
294625
294774
295370
296581
297289
297708
297852
297905
298396
298424
298535
299178
300232
301053
301689
302585
302602
302847
303066
304148
305395
306272
307143
307309
308038
308170
308354
310105
311083
311275
312562
312685
313934
313959
313976
314327
314706
314837
315212
315579
315698
316947
317070
317136
318136
318171
318541
318590
318951
322114
322503
323068
324485
324587
324950
326286
326473
327769
328709
329160
329534
329867
330158
330688
333300
334358
334952
335005
335831
336120
336254
336701
336795
336859
337581
338093
338173
338321
338758
339080
339258
339343
339651
340532
340826
341059
341548
342266
342389
342818
344086
344203
344669
345249
345268
345532
345701
345856
346019
346166
346682
347282
347631
348059
348182
348364
348453
349353
349610
349635
350058
350107
350858
350898
351549
352130
352215
352217
353628
354061
354489
354731
355085
355297
356186
356982
357364
357439
357509
357667
358080
358198
358284
358409
358560
358596
359239
359947
360838
360991
361691
362432
362911
363432
364042
364119
364247
364341
365388
365505
365769
366689
366831
367734
368073
368107
368356
368410
368587
369410
371080
371481
371755
371968
372058
372095
372914
373112
374384
374724
375469
375477
375518
375730
375894
376830
377059
377474
377742
377856
378120
378640
378961
380375
380580
380611
380724
381218
382677
383416
384138
384704
385153
385453
385607
386096
386451
386783
387058
387349
387586
387624
387842
388181
388322
388882
388970
390572
391082
391919
392263
392781
392795
393788
394493
395561
395714
396051
396454
397429
398004
399230
399903
400192
400240
401142
401762
402593
403186
403291
403513
403770
404342
404874
407514
408436
410568
410635
410918
411749
411950
412838
413112
414391
414427
414675
415839
416390
416717
417566
417836
418139
418589
418660
419286
419660
419754
419778
419864
420066
420099
420330
420777
421246
421608
421637
421694
421963
421979
422450
422572
422897
423441
424091
424150
424436
424593
426156
426226
426830
427836
427840
427981
428208
428566
428882
429205
429384
429892
430150
430237
430284
430415
431853
431957
431959
432079
432485
433114
433168
433760
434205
434991
436820
436972
438140
438416
438648
439226
439250
439490
440297
440869
441967
442679
443488
444894
444992
446059
446189
446286
446411
446586
446795
446912
447689
448762
448837
448937
449083
449490
449849
450484
451049
451312
451493
451620
454029
455929
456048
456233
456627
456962
457384
457664
459490
461412
461504
461714
461992
462820
463148
463174
463247
463724
464121
464495
464512
464567
465006
465493
465734
465775
466184
466241
466815
467231
468004
468211
469252
469379
469631
469690
469774
470158
470764
472306
473009
473317
473998
474475
474702
475673
475871
476651
476847
477387
478580
480168
480181
481078
481618
481805
481909
482210
482276
482826
483392
483423
484156
484250
484343
484390
484391
485587
486273
486636
486981
487043
489271
489344
490110
492198
493303
493660
493903
493962
494055
494773
495149
495527
495613
496066
496114
497417
498356
498578
499184
499477