231
327
1132
1198
1597
1771
2513
2824
3323
4015
5762
5893
6084
6396
6610
6799
7236
8402
9358
9382
9451
9983
10856
11931
12084
12392
12568
13315
13770
14009
14720
15532
17273
18909
19748
19842
20009
22204
22557
23004
23519
24473
26036
26282
26514
27218
27328
27422
28565
30133
30754
32215
32364
32572
33107
33132
33528
33565
33599
33957
34678
37454
37640
37737
38455
38496
39700
39757
40070
40444
40745
41040
41207
41233
41616
41971
41978
42956
43002
43777
43862
45840
45892
45946
46478
47662
48173
48364
49093
49456
49461
50599
52013
52506
52664
53307
53459
54179
54382
55158
55204
56294
56806
57127
57264
57320
58680
59167
59494
59517
60430
60864
61109
61672
62637
63566
63630
63679
64047
64230
64565
64681
65053
65210
65548
65673
66306
67059
68083
68546
68656
68756
69236
69576
69998
70264
70972
71577
72393
72755
73739
73805
74225
74811
76070
77125
77136
77214
77439
78739
79282
79414
79942
79967
79995
80095
80551
82754
83306
83378
83603
84755
84912
85956
86384
86559
87226
87851
87883
88290
88321
89501
89672
90136
90821
90902
91855
92774
92800
93621
93683
94195
94322
94735
95039
95083
95223
95719
96049
96293
96313
96340
96355
96508
97736
98110
98401
99061
99374
99719
100016
100242
100253
101096
101145
101189
102082
102154
102269
102424
102778
103212
103556
104373
105424
107188
107895
109336
109897
110732
111510
112126
112297
112312
114829
114947
115269
115294
115501
115776
115935
115949
116254
116346
116659
117688
118340
119493
119895
120523
120898
122058
122502
122540
122926
123248
124515
124979
125700
125782
127981
128052
128512
128523
128657
129127
129130
130478
131631
131692
131948
132044
132200
132944
133589
133830
134569
135170
135477
136324
137539
137581
138981
139168
139491
139785
139897
139921
139922
141338
141831
143537
143727
144297
144729
145277
145707
145956
147373
148275
148569
148609
148804
148912
149370
149706
149868
149870
150050
151044
151275
151447
152308
152599
153157
153449
153611
153696
153815
153836
154415
155191
155589
157028
157451
158469
159571
159847
160731
160996
161040
161750
163154
163763
165547
166281
166750
166911
167407
167620
167645
167684
168155
169372
169678
169989
170051
170188
170612
171303
171746
172092
172211
172399
172873
172886
173100
175322
175577
176996
177060
177360
179448
180173
180767
181047
181222
182173
182366
182858
182871
183998
184334
186916
187672
187722
187903
189188
189823
191277
192231
192235
192723
193623
194584
195104
196170
196726
197043
197165
197368
197373
197735
197949
199326
199561
200191
200846
201300
201431
201531
201705
201719
202502
203657
204069
204964
205734
206429
206916
207489
208193
208458
208787
209542
209567
210665
210702
212159
213143
213147
213182
213550
214104
214715
214771
215712
215941
216596
216774
217624
217900
218216
220105
220469
220472
220633
220878
221691
223082
223352
224327
224810
225015
225460
226382
226764
226830
226950
227222
227501
227706
227761
228134
228271
228376
228424
228589
228713
228936
229218
229396
229986
230910
231980
232678
233765
233842
234370
234480
235753
235882
236013
236148
236504
236520
236533
237777
237791
237809
238189
238946
239187
239399
239836
240313
240511
241290
241369
241616
242013
242876
243005
243167
243817
245064
245209
245413
245691
245971
246704
247134
247514
248429
248529
248550
248857
250639
250730
252564
252755
254060
254330
254487
254813
255093
255189
255576
255698
255913
256107
256147
256491
258739
259483
259621
261053
261584
261823
262049
262311
263452
263877
264421
265227
265721
265760
267293
267963
268419
268548
269279
269368
269534
270037
270448
270612
270938
271978
272361
272992
273013
273662
274044
274817
274834
276465
276807
277400
279638
279696
279828
280059
280106
280645
280723
281069
281111
281356
281586
281686
282685
283747
283927
284170
284742
284831
285370
286160
286494
286570
286645
286827
287502
287590
287701
288825
291033
291633
291743
292395
292717
292934
293039
293201
293366
294426
294672
294783
297333
297498
297505
297936
298032
298544
298669
300369
300383
300618
300837
301081
301826
301967
302012
302227
302431
303785
304501
305529
306003
306003
306686
308264
308526
308845
309778
310213
311504
311718
311970
312550
312717
313677
313891
314371
314469
316305
317274
317832
318760
319539
319550
319736
320810
321282
321396
322702
322769
322785
323283
324435
324494
324652
324767
325061
325470
327272
327368
327454
328453
328922
329619
330212
330469
330881
331301
331569
331609
332471
332633
333659
336168
336391
337046
337126
337734
338073
340635
340835
342650
342863
343618
344828
345109
345425
345563
346022
346627
347056
347355
347828
348532
348828
349081
349657
349717
349876
350490
350674
350841
351149
351169
351905
353030
353455
353590
353783
354698
355101
355449
355865
356022
356161
356667
357524
357964
358153
359950
360615
361244
361655
362189
362437
362588
363068
363279
363309
364136
364572
364610
364704
364725
365097
365523
365797
366104
366140
368199
368329
368553
368845
368947
369101
369473
369600
371140
372164
372383
372490
372581
373772
375926
376110
377265
377311
378585
378901
378958
379147
379160
380083
380099
380398
380629
380712
380891
381051
381229
381295
381352
381442
381538
381804
381944
382932
383406
384090
384707
385065
385467
385699
386196
386234
386431
386576
386902
386940
387292
387431
388802
389191
389354
389464
390153
390228
390592
390956
390988
392506
393103
393795
393807
393871
394055
394468
398121
398801
398932
399827
400088
400925
401094
401665
402004
402071
402486
402750
402823
403060
403208
403558
403830
403893
404014
404800
405051
405164
405922
406539
406898
407474
407863
408380
408418
410693
411342
411879
411929
412004
413741
414441
414871
415949
416188
416311
416426
416952
417408
417460
417491
417508
417799
418027
418195
418482
418856
418971
419723
420551
420652
421138
421337
421518
423003
423742
424012
424669
425629
426967
427031
428444
428763
429441
429637
429667
430702
431290
431316
431943
432566
433308
435518
435954
436193
436472
436706
437061
437354
437545
438256
438857
438927
438961
439123
440431
440876
440972
441151
441223
441520
442171
442641
442723
442771
443312
443800
443801
443936
444717
444987
446071
446102
446806
447051
448480
448656
449253
449752
450711
450757
450989
451050
451221
451470
452198
452213
452506
452956
455973
456835
456887
456983
457240
457650
458064
458181
458529
459084
460322
461957
462291
462720
462764
462806
463493
464042
464137
464319
465572
465894
466131
466170
466449
466532
466601
467616
468865
469216
469345
469963
470453
470598
471368
472293
472634
474477
474633
475297
475340
475559
475844
475911
477345
477699
477774
478597
479751
480118
480398
480812
481273
481574
481636
481754
481796
483542
485147
485522
486145
486513
486614
486888
489186
489798
490264
490661
490936
491861
492606
492850
493072
494394
495473
496620
497566
498838
499385
499609
499781
499961