164
247
416
1021
2571
2596
3522
3913
4229
4526
4640
5511
5538
6405
6499
7003
7282
8794
9244
10659
11482
11722
11811
11889
12694
12788
13277
13686
14088
14295
15022
15359
15691
15763
16198
16443
16629
17652
17684
18072
18199
18677
20618
21076
21342
21694
21943
22120
22923
23339
23573
25131
25196
25911
26624
26780
27792
28756
30156
30693
30761
30896
31187
31344
31478
31720
32105
35720
36765
37180
37201
37511
37651
38407
38599
38699
38908
40405
40509
40813
41115
42303
43557
44075
44738
46697
47582
48339
49340
50337
50387
50461
50926
51075
51396
51858
53075
53562
54474
54474
54875
55268
55563
57646
57708
58388
58574
62280
63222
63299
63750
63790
65505
66683
66687
67206
68019
68239
69044
69255
69282
69637
69939
70561
71116
71646
71654
72492
72512
72785
73025
73233
73579
75006
75158
75686
75801
76121
76721
77020
77075
77507
77532
77691
77963
78847
78892
78990
79062
80171
80333
80407
80529
80608
81102
81196
81781
81931
82237
82561
83098
83264
85215
86101
86832
87870
88456
89752
92538
92835
93267
94275
94352
94626
95429
95437
95830
96162
97019
97263
98078
98517
99875
100621
100966
101245
101591
102103
102335
104195
104623
104905
104991
105162
105440
105603
105758
106120
106129
107630
107648
108653
109422
110333
110572
110826
111269
111273
111851
112338
113002
114306
114627
114886
115000
115231
115941
116084
116452
117601
117951
118664
118787
119235
119834
121029
121163
121180
124387
125253
125578
126663
126730
127085
127118
127158
127301
127433
128188
128623
128881
128917
128977
129399
131120
131230
131544
131990
132250
132529
132551
132607
133581
134369
135858
136480
136672
137164
137273
138662
140070
140178
140262
140338
140456
140686
140760
140922
141253
141394
141496
142189
142270
142806
143260
144210
146478
147889
148135
148440
149669
149981
150297
150318
150403
151274
152346
152738
153046
153383
155969
157266
157330
157562
158621
158921
159141
159390
159784
161362
161378
161465
161659
162031
162063
162065
162769
162842
164046
164126
164144
165213
165646
166330
166417
166533
167296
167674
167760
167796
167893
167966
168539
170390
171737
174363
174629
174789
175527
175671
176431
177863
179016
179862
180389
181430
181514
181724
183186
185161
185617
186215
186677
188302
188512
188642
188779
188836
188869
189325
189490
189970
190128
190345
190390
190476
190765
191127
191596
192194
192540
192831
192949
193480
193600
194762
195513
195581
197556
197577
198488
198571
198959
200051
200205
201398
202031
202940
203754
204322
204545
204629
205176
206139
206577
206841
206936
207211
207237
208021
208098
208363
208870
209039
209459
209715
210569
210657
211102
211605
212217
213121
215140
215449
216352
216422
216478
218041
218363
218417
219128
220404
222109
222667
222810
223834
223917
223939
226141
226206
226472
226586
227298
227332
227443
228134
229214
229999
230163
230771
230812
231009
231073
231161
231264
231953
231978
232294
232451
232756
233492
233869
234035
234328
234432
234442
235188
235617
235644
236000
236146
236847
237517
238051
238256
238259
238881
239330
239457
239656
240029
240112
240235
240753
241022
241061
241167
241467
241873
241873
242172
243261
243356
244391
244539
244909
245048
245212
245549
245981
246221
248028
248487
248881
249893
251097
251701
251704
251845
253788
253884
254768
254963
255258
255268
255815
255947
256529
257451
257516
257652
258344
258563
258766
259498
259523
259871
260188
261811
262373
262608
263146
263432
263862
263903
264382
264749
266326
267054
267074
267124
267655
268187
268677
269202
269408
269821
271467
271641
272571
272625
272653
273487
273756
274013
274397
274814
275022
276268
276273
276284
276605
277093
277203
277583
277992
278077
278134
278253
278850
279097
279775
280339
281746
281964
282052
282451
282725
284301
284975
285110
285275
285460
285959
286369
287093
287472
287805
288950
289763
289907
289924
291397
291469
291736
291779
292241
292314
292424
293298
293536
294268
294823
294918
295128
295602
296002
296212
296784
296938
297104
298734
299050
299269
299362
299864
299955
300011
300851
300858
300888
300953
301903
302418
302872
302971
303904
303999
305168
305641
305819
305842
306176
306381
306794
307891
308655
308789
308798
309080
309083
309202
309645
310345
310606
311510
311621
312459
312486
312738
313171
313327
313611
313724
315549
316146
316196
316327
316826
317466
318095
318251
318508
319176
320521
321278
321754
321950
323040
323931
324143
324148
324354
324964
325797
326656
326787
327279
327294
327546
330215
330656
330904
331630
332682
333018
333033
333117
333357
333751
334692
335926
337014
337199
337286
337730
338206
338767
338995
339267
339879
339924
340118
340128
340144
340208
340473
340842
340892
341774
341807
342166
343278
344368
345187
345341
345576
346143
346565
348085
348353
349088
349456
349613
350088
350164
350381
351135
351290
351551
352001
352360
353780
356650
356886
357420
357794
357837
358509
358711
358782
359650
359997
360372
360408
360933
362443
362521
362600
362641
363509
363903
364016
364079
364152
364638
365165
365438
366036
367629
367691
368366
369172
369289
369831
369973
370633
370666
370736
371664
371814
372179
372628
373013
375253
377057
377610
377741
377811
378675
379059
379465
379656
379822
380108
381533
382182
382421
382854
383314
383365
384147
384167
384859
386240
386583
386938
386942
386961
387254
387465
387814
387991
389174
389812
390110
390236
390423
390967
391195
391412
391782
392277
392354
392788
392883
393096
393338
393421
393450
394586
394752
394963
395547
396659
396896
397579
397846
398024
398443
399222
399272
399581
400669
400773
401020
401059
402427
403130
403370
404019
405040
406806
408100
408670
408836
408997
409106
409138
409200
409489
409922
410783
410891
410916
411122
411446
411466
412497
413080
413793
414584
414774
415501
415779
416596
416697
416975
417330
417773
418206
419893
420129
420267
420741
421917
422059
422690
422977
423015
424938
425550
426096
426123
426471
427019
428255
428284
428854
429071
429079
429704
429717
430192
430603
430761
431144
432067
432141
433176
434803
434970
435687
436552
437437
437908
437986
438719
438826
438834
439419
440419
440640
441698
442278
443046
443514
443685
443798
444038
444485
444531
444721
446805
447624
447737
448076
448616
448804
449303
450143
450404
450481
450574
451262
452073
452788
452960
453305
453562
453772
454146
454276
454888
455489
457921
458173
458729
459174
460103
460699
462662
463258
463800
464520
464760
465130
465384
465611
466404
466414
466549
466661
467670
468750
469835
470233
470600
470942
470956
471256
472050
472281
474788
475120
475873
476900
477146
477592
477885
477896
478315
478385
478492
479123
479315
479337
480310
480371
480632
482960
483233
483263
483465
483626
483890
484153
485901
486940
487038
487567
488859
489010
489147
489997
490077
490279
491321
491616
491998
492526
492661
492876
493284
493452
494109
494737
494741
497542
498347