76
413
1274
1355
1388
1738
1761
2391
4997
6166
6492
7146
7220
7275
7449
8486
9424
11302
11323
12399
13953
15339
15684
15768
16020
16324
16387
17296
17624
18000
18194
18413
18478
18949
19144
19526
20350
20897
22404
23143
23704
24389
24648
25311
25648
26299
26492
27844
28199
28483
29016
29322
30115
30149
30821
30998
31932
32164
32997
33368
35544
35728
35927
37065
37255
37709
38719
39459
39866
40123
40382
40992
41157
41839
41915
42142
42462
42506
42551
42741
42755
42931
43704
43862
44492
44658
44664
45655
46112
46403
46433
46499
47063
47249
47449
47581
47759
47857
48145
48274
48439
48671
49739
50219
50870
50900
50993
51222
51724
51843
53203
53680
54273
54325
56028
56057
56114
56266
56886
58454
58710
59612
59954
61115
61452
61735
61959
62678
63274
64752
65014
65246
65259
65334
66269
66536
66966
70765
71059
71603
72621
72820
74028
74542
74556
75681
76018
77129
78118
79056
79081
79473
79951
80493
80758
82511
83030
83160
83197
83643
83726
83791
83854
83916
84004
84587
84670
85220
85703
86488
86505
87256
87887
88919
89341
89455
89650
90046
90289
90913
90966
91653
91737
91775
92062
92445
94266
95529
96024
96077
96457
97240
97379
97386
97544
98018
98455
98499
99731
100785
102129
102337
102410
102476
104045
104228
104517
106675
106731
107231
107658
107727
107884
109924
110760
111581
111584
111625
112249
112685
113031
113423
113612
113888
114338
115289
115869
115959
116004
116080
116216
116373
116570
117393
118138
118432
119041
119913
120575
120627
122639
122640
122810
123996
124534
124747
125404
125586
125679
125730
126183
126385
126862
127246
127951
128432
128897
129454
130274
130867
132108
132974
134847
135574
136464
136933
137306
137519
138125
138522
138600
139863
140139
140464
140792
140836
140995
141983
142990
143476
143671
143712
143756
145731
146914
146922
148150
148310
148563
149364
150101
150217
150255
150365
151498
151533
151614
151811
151960
152187
152253
152541
152873
152925
153469
154344
155351
156045
156134
156638
157951
158128
158376
158501
158716
159676
160319
160343
160530
161289
161320
162142
162377
162684
163123
163417
163624
164579
164865
165367
165578
166451
166553
167351
167618
167624
168235
168732
169471
169521
169620
169685
169819
170214
170472
170478
170488
170697
171918
171979
172212
173739
173861
174274
174774
175513
175624
175656
175790
176142
177849
178274
178721
178949
179122
179138
179316
180830
181219
181889
181982
182009
182450
182647
182807
182950
183514
183832
183938
184562
185104
185572
185806
185864
186197
186285
186631
186670
186792
187279
187662
187778
187886
187944
188143
188671
188794
188824
189209
189409
190119
190967
191150
191358
191555
191621
191698
191701
192763
193147
193832
193986
194168
194752
195012
195670
196298
196415
196500
196875
197806
198248
199077
200325
200534
201082
201493
201626
201658
202741
203251
204441
204861
204894
205231
205421
206234
207480
207481
207941
207953
209470
210073
211270
211451
211669
213133
213663
214372
214467
215382
215542
215898
216600
216712
217954
218965
219029
219979
220478
220724
221103
221171
223101
223738
223991
224435
224650
224993
225877
225990
226583
226990
230048
230694
230784
231041
231250
231687
232105
232449
233044
233205
233438
235548
236280
236295
237804
237843
238361
238984
239113
239225
239300
239345
239523
239541
240248
240659
240861
241170
241386
241484
241501
241811
242032
242531
242923
243418
243561
244479
244937
245388
247102
247434
247891
248310
249713
250354
250801
250850
250874
250993
251856
251926
252784
253619
254578
255369
255444
255913
256146
256268
256968
257938
259121
259738
259819
260537
260625
260784
261111
262370
263678
263957
264642
264919
266140
266635
266938
268065
268317
269037
269783
269909
269934
272732
273177
273210
273828
273958
274788
275920
276163
276366
277383
277674
278093
278427
279115
279242
279408
279411
279540
280186
280335
281340
281376
281502
282439
283224
284074
284413
285003
285082
285847
287418
287902
287994
288195
288476
288775
290594
291227
291601
291911
292233
293230
293344
293517
295106
295854
297553
297609
298009
298598
298861
299323
302041
302676
302846
304102
304186
304716
305843
307353
308906
309160
309886
310300
311175
311346
311712
312055
312862
313214
313424
314257
314557
314878
315706
316300
317361
318092
318353
318376
318393
319125
319348
319366
319992
320051
320079
320234
320263
320447
320727
321167
321593
322455
322660
323914
324424
325351
325354
326288
326937
327039
327614
328426
328613
329374
329766
330302
330325
330701
331640
331906
332336
333690
333699
334990
335739
335893
335919
336796
337281
337311
339245
339284
339623
341612
342927
343417
343997
344919
346071
346520
347165
347168
347307
347509
349428
350784
351485
353135
353446
353963
354068
355355
356127
356269
356629
357063
357159
357892
358853
360087
361003
361320
361923
362506
362805
363201
363693
363767
363966
363994
364586
365794
365821
367049
367243
367989
368072
369775
369958
370296
370707
372437
372580
372602
373309
373546
373894
374255
375285
376145
377619
377894
378181
378218
378339
378453
378488
378646
379262
379448
379940
380839
380898
381284
381647
382173
382525
382646
382802
382803
382929
383236
384786
386001
387667
387697
388368
389404
390573
390946
391650
392454
392820
393482
394261
394413
394787
395067
395114
395621
396184
396480
397054
398375
398517
398601
399265
399497
400190
400951
401144
402120
402851
403717
404174
404209
404224
404232
404638
405064
406007
406584
407161
407865
408260
409371
410851
411067
411675
412024
412201
412780
413768
415059
415317
415582
415882
415895
416070
416099
417362
417428
417704
418018
418459
418462
418463
419000
419031
419060
419137
419351
419352
419599
420049
420496
421103
421811
422341
422410
422460
422601
422685
423820
424848
425352
426251
426309
426553
426604
426628
426682
427711
427794
429899
430121
430576
431653
432461
432658
432679
432793
432870
433889
434395
434402
436406
436609
437259
438584
439457
439838
440041
440231
440374
440382
441198
441782
442397
442762
443167
444528
445049
445858
446060
446977
447788
449206
449555
451284
451386
452831
453444
454083
454225
454297
454765
455123
456393
456420
456939
458585
458792
458951
459334
459355
459601
460572
461638
461738
462011
462165
462780
462854
463304
464071
464596
464632
465237
465483
466042
466652
466787
467231
467594
468079
469350
469358
469729
469814
469902
470047
470142
470866
471518
471620
471677
473139
473598
475047
475198
475366
476012
476030
476299
477125
477339
477552
477880
478370
478559
479207
479291
479335
480838
481152
481268
481960
482073
482163
482533
482915
483094
483251
483483
483627
484099
484480
484484
484886
485226
485509
486645
486655
486723
486998
487230
487341
488301
488711
489316
489468
489656
490936
491045
491501
491780
491785
493336
493631
494177
496147
496677
496807
496828
497289
497480
498220
498387
498509
499033
499585