112
438
1567
2198
2273
2512
3242
3309
4257
5606
5885
5895
6606
6934
6971
7101
7767
8332
8908
9130
9594
10316
10627
10657
10809
11576
12168
12405
13036
13070
13734
13820
14693
14795
14846
15495
15774
18135
18735
19971
20620
20822
20989
22231
22246
24049
24437
24637
24860
26044
26202
26854
26976
27350
27378
28691
28695
28947
29393
29807
29857
31983
32638
33469
33666
34313
34464
34654
34690
34740
34874
34884
35096
35529
35536
36791
38486
40122
40918
41824
41855
43341
43602
43629
44406
44533
44629
45179
45567
46309
48927
49326
49536
50193
50419
50500
50752
51447
51471
51976
52066
52257
52407
52777
55250
55348
58459
58522
59241
59829
60495
60579
61400
61692
62476
62712
62755
63109
63377
63455
64017
65237
65652
67279
68499
68629
69419
69503
70242
70417
70847
71331
72563
73510
73713
73918
73965
74691
74741
75024
75239
75692
77943
78034
78110
78242
79150
79710
80683
81574
81780
81789
82407
82719
82804
82918
83658
85037
85646
87217
87432
87453
88542
88656
89251
89546
90018
90365
90442
91556
91728
91761
93242
94259
94260
95320
95685
96640
96680
97215
98050
98501
99487
100063
101021
101109
101672
101725
102496
104513
104528
105615
106294
106316
106612
106705
107759
107992
108570
108639
108867
109627
109935
109974
110493
110539
110880
111082
111109
111172
111384
111475
111737
111997
112526
112758
112778
113820
113937
114868
114969
115161
115851
117095
117103
118327
118329
118411
118824
119036
119118
120123
120535
120964
121305
121830
122529
122945
123006
123250
124038
124313
124493
124503
124563
124936
124972
125072
126786
127108
127861
128135
129837
130259
130889
131084
133337
134681
134732
134805
135112
135606
137264
138023
138368
138428
138489
138776
139479
139488
139766
140070
140669
140716
140770
141266
141827
142490
143171
145293
145447
146285
147619
147967
148270
149757
149765
151377
152076
152391
153075
153627
153686
154273
154367
156094
156481
156726
157011
157594
158233
158667
158692
159933
160382
161511
161626
161717
162031
162539
162715
163259
163394
163438
163617
163693
163835
163963
164438
164617
164870
165140
166744
167883
168320
168510
168516
168810
168978
169151
169681
170241
170300
170399
170417
170642
171449
171622
171784
171786
171966
171979
172009
173184
173207
173796
173881
174534
174790
176141
176184
178393
179686
180020
180115
180694
180881
180950
181455
181876
181956
182401
182682
184130
184431
184607
185211
185559
186427
186681
187004
187586
188647
189246
189698
190246
193603
194382
195682
195816
196029
196914
197196
198136
199351
199566
200005
200386
200390
200871
201003
201491
201742
201796
202221
202706
203059
203216
203420
204192
204370
204431
204575
204673
204841
205450
205915
208557
209371
210662
210919
211051
211990
212771
214371
214413
214499
215444
216336
217345
217493
217859
218087
218170
218257
218544
219260
219606
219850
220681
222910
223381
223435
224468
224988
226169
226323
227985
228637
229965
230674
230713
230859
231322
231366
231649
232009
232035
232972
233026
233523
233663
234162
234392
234528
234623
234682
234983
235497
236010
236060
236182
236278
237468
238517
238764
239034
239091
239125
240009
240991
241273
241837
242232
242405
242789
243126
244056
244086
245333
245497
246120
246148
246444
246583
246608
247070
247612
247687
247807
248035
248078
248123
250830
252671
252698
253879
254564
254773
254869
254897
254908
255082
255085
255288
255437
256332
256639
256922
257584
257603
257854
258263
258897
258922
259879
260949
261034
261224
262341
262435
263178
263201
263473
263862
264091
264170
264515
264812
264942
267134
267499
267929
268087
268328
269788
270253
270391
270558
271449
271810
271829
272419
272484
273093
273511
273638
274180
274609
275454
275829
276647
276772
276996
277568
278049
278315
278434
279819
280331
281242
281854
282115
282545
282632
282725
282816
283225
283532
283707
285071
285215
285679
286274
286568
286765
287401
287832
287924
287943
288744
289101
289716
290351
290584
290693
290808
291187
292257
292319
292519
292590
292810
293055
293180
293612
293709
293957
294210
294329
294951
295043
295075
295258
295690
296364
296396
296847
297246
297293
297374
297503
298078
298210
298440
298504
298724
299603
300062
302224
302482
303441
303745
304171
304172
304297
305239
305679
306597
306967
307934
309029
309355
310088
310345
310633
311660
311921
312274
312303
312715
313116
313936
315074
315168
315696
315847
316051
316442
316443
316600
316757
316824
316950
317302
317447
317748
318405
319761
320443
321252
322486
323042
323095
323576
323788
324385
325064
325445
325708
326953
327134
329579
329721
331877
332679
334734
335603
336959
338246
338399
338809
338843
339803
339995
340727
342260
342755
342872
343109
343111
343742
343771
344333
344394
344411
344579
346345
346839
347244
348179
348189
348760
349351
350705
351370
351879
352024
352233
352463
352749
353200
354653
354786
355507
357372
357448
357496
357770
358335
358428
359666
359724
359925
360089
360176
360268
360345
360502
361300
361433
361739
361826
362439
362754
362795
363142
363411
363915
364066
364575
364946
366000
366449
366865
367577
368047
368654
370495
371456
372299
372940
373271
373496
374132
375336
375362
376272
376338
376519
376541
377977
378345
379374
380150
380321
381826
381843
382313
384409
384876
385167
385720
387318
387360
387601
387784
388456
388496
388702
389220
390222
390577
390690
390707
391254
391283
391422
393039
393170
393324
394913
395506
396220
396522
396904
396909
397453
397776
398059
399479
399959
400732
401318
401458
402452
402660
403176
404334
406029
406174
406205
406223
406701
406806
406828
406946
406958
407544
408540
409352
409532
409732
410239
410440
410645
410698
410830
413440
414316
414369
414589
414776
414965
415964
416094
416449
417551
417785
418209
419349
419552
419691
419895
419904
419955
421177
421188
421317
421934
422104
422186
422198
422901
423528
423839
423858
423974
424310
424930
425019
425195
425558
425797
426756
426818
426991
427755
428138
428518
428826
429327
429413
429566
429683
430160
430466
430979
431329
431852
432424
433254
434550
434557
435151
435825
435825
436340
436457
437367
437722
437798
437894
438443
440353
442241
442524
442657
445794
446416
447069
449696
450406
451192
451657
451834
453006
453485
453734
453915
454182
454570
455353
456436
456566
456865
457154
458224
458977
460332
461146
462292
462756
463249
465880
466500
466620
466845
467252
467332
467472
468524
468914
469068
469741
470111
470465
470668
471513
471530
472552
472687
473129
473357
473361
473405
473896
474962
475520
475584
475949
476296
476624
477080
478365
478587
478747
478749
479179
479722
480639
480744
480966
481047
481937
482524
482650
482952
483076
484295
484559
484802
485290
486162
486627
487070
487188
487787
488350
488538
488670
488874
488880
489206
490137
490198
490608
492402
492900
493637
493728
493884
494100
494533
494691
495293
497296
498278
498770
498995