3020
3258
3317
3435
4225
4765
5033
5135
5989
6143
6543
6763
7505
7573
7796
7818
8238
8878
10027
10241
10604
10964
11039
11772
12154
12269
12301
12608
13259
14171
14475
14795
14871
14922
15596
15772
16007
16184
16315
16388
17175
17507
17645
18122
18131
18176
18300
18829
18968
19326
20602
20939
21923
22682
23715
23760
24101
25191
25231
27557
27649
28074
28504
28702
29021
29465
30043
30064
30710
31117
31199
31590
31967
32331
32748
33677
34294
34594
35733
36010
36350
38280
39320
39629
40796
41057
41253
41352
42284
42355
43176
43943
44199
45135
45952
46177
46813
47678
47706
47723
48947
49085
49384
49454
49620
49705
50437
50566
50927
51306
51448
51480
51972
52932
54145
54803
55001
55416
55515
56211
56584
56656
56962
57935
58329
58671
59431
59467
59780
59805
60207
60273
60871
61269
61536
62252
62679
62746
62847
63480
63544
63868
64362
64482
64803
64949
65612
66062
66107
66255
68082
68182
68669
69557
70316
70712
71539
71588
71615
72175
72730
75328
75923
76282
76580
76736
76911
76992
77133
78216
79049
80173
80220
80380
80492
81412
81518
81580
81761
81837
81898
82902
82956
83087
83892
85292
85463
85495
87373
87716
90145
92837
93164
93223
94291
94441
94752
96267
96644
96835
97125
97143
97859
97942
97980
97993
98442
99375
99531
100651
100910
101002
101140
101312
102395
102465
102875
103142
103718
103770
104046
104230
104331
105902
106004
106148
106218
106940
107252
108829
109674
110090
110208
110213
110221
110549
111007
111139
111404
111431
112141
112447
112842
112881
113191
113253
114343
114398
114528
115008
115496
115807
116899
116952
118305
118623
120038
121437
121661
122193
123270
123608
123697
123805
123848
124986
125182
125297
126988
127606
128131
128348
128411
129164
130112
130676
132398
132510
134649
134752
135134
135608
135655
135721
135880
136227
136758
138459
138978
139254
139691
139812
140321
140893
140987
141515
142336
143061
143946
143954
144594
144626
144858
145331
145606
146149
146466
148067
148149
148902
148950
149622
151034
151167
151172
151295
151423
151677
152346
153464
153673
153719
153828
153962
154299
154370
154878
155095
155667
156855
157407
157472
157859
158562
158716
158992
159856
159903
160539
160867
161202
161211
162221
162688
163157
163466
163505
163662
163741
164103
165087
165215
166219
166675
166745
166764
167852
167964
168088
168427
168696
168996
169237
169971
171376
172127
172998
173038
174352
174847
175797
175934
176013
176296
176780
176826
179421
179653
180560
180635
180679
180798
181159
181262
181266
181677
182110
183935
184143
184624
185277
186488
187067
187599
188084
188600
188915
189851
189908
190015
190181
190304
191405
192328
193211
194056
194106
194811
195035
195935
196188
196719
196822
197695
201752
201765
201792
202079
202097
202181
202697
202794
202967
203845
203922
204673
205324
205403
205455
205837
205969
207275
207424
207893
208608
208730
208787
208798
208927
208963
209007
209326
209814
210548
211056
211963
212231
212400
213119
213239
213670
214073
214107
214612
215349
216032
217302
217330
217783
218376
218423
218486
219869
220179
220709
220765
221577
222119
222349
222536
222964
224764
225132
225384
226299
226325
226647
227038
227184
229563
230072
230629
231374
232048
232361
232998
233407
233958
234828
235220
235507
235548
236653
236687
237101
237998
238273
238463
239001
239395
241250
241535
243218
243219
243406
243596
244147
244746
244787
244833
246088
247341
247535
247584
248542
249025
249241
249901
250197
250933
251200
252381
252506
252653
252776
252851
252969
252987
253020
254655
255448
255634
256074
258218
259030
259111
259339
259458
260042
260089
260522
260658
261571
264774
266913
267507
267918
268527
268676
268864
268951
269037
269942
270706
271217
271465
271901
272703
272962
273256
273350
273739
273975
274085
274925
275082
275305
275855
276050
276082
276150
276331
276773
277458
277611
277977
280289
280311
281319
281817
282142
282179
283298
283309
285053
285076
285874
286548
287313
287460
287964
287995
288336
288603
288808
289074
290890
293349
293616
294112
294721
295403
295606
295777
295831
295966
295996
296050
296433
297100
298752
298960
299071
299411
299604
300110
300545
301194
301333
301799
302328
302477
302482
302645
303529
303711
303995
304146
304292
304767
305297
305301
305451
305567
305773
306415
306649
306902
307186
308897
309242
309389
310208
310682
310715
311125
311745
312630
313335
313343
314334
315615
315689
316549
316976
317011
317594
317947
319473
320007
320272
320758
322459
322786
323741
323938
324497
324665
324897
325845
326065
326536
326888
327132
327279
327300
327400
328954
329770
330008
330547
331550
331764
332544
334102
334407
334411
335805
336328
336554
337945
339538
339622
343187
344337
344566
344866
345628
345648
345888
345922
346307
346721
346727
346949
347787
349309
349355
350270
350299
350631
350689
350951
352184
352688
352738
352995
353166
353552
353562
353739
353935
354247
354751
355606
355904
356250
356716
356725
356766
357208
357383
357863
358008
358397
360447
361150
361275
361819
362072
362250
362264
362744
363315
364386
366271
366786
366920
367476
369448
372017
372259
372969
373287
373663
373725
374797
375143
375620
375849
376630
377040
377249
377599
377828
378113
378376
378388
379147
380092
380845
380892
381494
381511
381979
382477
383081
383302
383962
384090
385072
385571
386149
386275
386486
386862
388330
388673
391003
391971
392293
392977
394465
394608
394899
394982
395112
395661
396342
396865
397093
397105
397287
398004
398088
398188
398492
400178
401113
401425
401638
401991
402515
403762
405352
405921
407011
407380
408756
409576
409675
409727
410657
410956
411140
411589
411827
412501
413146
413266
413433
413796
414741
414895
414920
415940
416036
416811
416892
418361
418616
419105
419254
419455
420392
422188
422335
422780
422891
422964
423090
423725
423758
424572
424836
425408
425781
425920
426223
427100
427924
428591
429993
430124
430228
431274
431691
432746
433630
434266
434507
435149
435378
436700
437088
437592
439358
439389
440680
440696
441166
441321
441425
441669
442883
443452
444253
444661
444848
445948
446214
446438
447587
447898
447944
449087
449510
449516
449770
449971
450359
450472
451267
451731
452070
452342
452472
452493
452962
453028
453078
453088
453241
453473
453854
454275
454312
454456
456233
456577
456717
457005
457308
458863
459020
459667
460185
460588
460767
461342
461450
461787
461874
462752
462776
462917
463201
463391
463716
464414
464649
464765
464819
467049
467192
467644
467922
468770
469022
469295
469887
470427
470851
471417
471436
472052
473635
474250
474484
474854
475087
475281
475548
477079
477092
477309
478009
478643
479271
479376
479858
480252
480264
481162
484155
485521
486998
487568
487584
487771
489014
490373
491198
491389
491605
492469
493410
493538
493766
494134
494485
494757
495502
495922
496196
497014
497240
497809
498260
498449