242
378
1662
1804
3223
3473
4281
4537
4596
4629
5222
5924
5985
6004
6050
7545
8222
8383
8891
10142
10437
10810
10964
11083
11246
12106
15559
16539
16749
17360
17405
19131
19276
19554
19615
19850
21461
21474
21641
22511
23789
23845
24600
25168
25507
26025
26472
26826
27096
27133
27467
28127
28515
29394
31242
31256
31327
32182
32532
32910
33540
33673
34004
34155
34330
34579
35220
35265
35455
35849
37338
37602
37911
37999
38236
40434
40506
41622
41669
41778
41796
42495
42938
43001
43569
44938
45256
45322
45392
45483
45996
47046
47062
47162
48061
48882
49006
49838
49996
50541
51563
52128
52148
52929
54096
54999
55968
56023
56335
56469
57236
57245
57258
57436
57859
58157
58590
58694
59038
59507
60004
60739
61319
61455
61672
62424
63594
63606
63988
64593
64912
68516
69486
70443
70577
70662
70736
70754
71245
71848
71915
72748
73189
73278
73326
74347
74858
75067
75158
75366
76557
76608
77006
77544
77892
78983
79016
79729
79972
80010
80581
81270
81370
82056
82073
82264
84922
85708
85957
86034
86634
87288
88117
88618
88657
88677
89834
90072
90478
90536
90753
91785
92336
92931
93179
93559
93591
93828
93920
94464
95647
95835
96208
96943
97017
97569
97793
97845
98749
98809
98839
99912
100301
101283
101602
101613
103235
103295
103926
104587
105861
106561
106663
107164
107827
108382
108382
109015
109247
109859
110306
110334
110386
110618
111223
111395
111427
112145
112291
112702
112841
113546
114527
114690
115263
116046
116159
117083
117124
117599
119251
119509
120298
120927
121939
124231
124252
124349
124540
124663
124668
125333
125713
127061
127342
127350
127386
128004
129035
129944
130026
130173
131105
132221
132405
133256
133865
133894
134340
134851
135013
135337
135526
135999
136227
136397
136512
136591
136893
137039
137161
138444
141241
141523
142543
142738
143351
143685
143825
144277
144492
144505
144536
145131
145287
145572
146098
146240
146271
146363
146481
146497
146533
148458
148627
148712
148772
148814
148987
149624
150645
151622
152354
152566
153016
153062
154095
154138
154558
154577
155849
157583
157995
158916
158970
159893
160809
161017
161512
162221
162282
162929
164497
164760
165071
165184
165708
166002
166635
166794
167751
168007
168046
172042
172098
172378
173251
173722
174923
175172
175248
176018
176043
176996
177343
177623
177795
178560
178688
179531
179789
180149
180258
180437
180889
181877
181921
182117
182392
183435
183876
183964
183994
184031
184504
184651
185689
186026
187160
187377
187548
187574
188536
188850
189286
189653
190154
190498
190872
191034
191169
191313
191374
192064
193575
194323
194963
195372
195448
195482
195487
195690
196257
196390
196926
197436
197577
197936
198110
199823
200110
200146
200340
200745
201146
201365
201846
202820
203020
203888
204151
204950
205218
205763
206464
207603
207946
208624
208770
210060
211221
212959
213080
213133
214793
214975
215593
216683
216779
216969
217660
218974
219370
219952
220243
220405
220830
220881
221700
221770
222345
223412
223422
223482
223528
223870
224410
224577
224785
225098
225174
225742
226558
227166
227995
228297
228869
228904
229125
229144
229391
230935
232375
232404
233853
234083
235194
235747
236861
237019
237629
238202
238696
239357
239530
239822
239903
239992
240575
240907
241285
242142
242809
243251
243483
243655
244938
245247
245636
245959
246014
246763
247343
248105
248752
249336
250256
250273
250693
250848
250976
251468
252732
253039
253497
254048
254814
255226
255790
256046
256150
256277
256350
256915
257430
257501
257617
257831
258113
258251
258256
258467
258534
259421
259531
260335
261363
261688
262143
262818
263466
264519
265550
269028
269849
270291
270486
270723
270774
270801
272463
273223
273350
273583
273740
274203
274330
274524
274660
274776
275314
275452
275766
275886
276006
276281
277151
277629
280509
281552
282134
283194
283507
284340
285027
285553
285849
285908
286702
287043
287071
287247
287365
288129
288884
288924
289234
289899
290458
290606
291519
291817
291904
291905
292278
292471
293158
293813
294197
294491
294752
294819
294909
295933
296361
296752
297250
297282
297373
297928
298177
298208
298867
299544
301375
303215
303378
303641
303775
303863
303877
304149
304975
305036
305544
306775
307277
308256
308766
308844
308968
309061
309154
309419
309488
309619
309702
309827
309976
309985
310048
310078
310729
312226
312482
312698
313225
313434
313652
314978
315054
316098
316675
316786
317056
317197
317259
318721
319113
319249
319483
319561
320922
321014
322799
323281
323635
324211
324652
325221
326472
326691
326753
326788
328182
328973
329097
329411
330423
330755
330863
331241
331708
331806
332480
332924
333242
333455
335058
335989
336104
336752
338587
342545
342764
343197
343737
344248
344553
345130
345691
345866
346264
346543
348312
348706
348743
348801
349012
349272
349335
349395
352175
353090
353593
353920
354539
355573
356179
357081
357190
358859
359057
359151
359831
359920
361547
362183
362286
362410
362762
363013
363619
364309
364332
364704
365148
366161
368008
368216
369196
370069
370175
370654
370670
371088
371822
372150
372630
372951
373121
373567
374111
374467
374785
375302
375339
375494
376495
376582
376627
378270
378671
379159
379635
379746
380081
380163
380303
380509
380992
381164
381444
381891
382359
383586
384087
385080
385106
385226
385241
385402
387134
388763
388832
390033
392176
392188
392918
393430
394058
394140
394171
394549
394892
394996
395652
397484
397693
398906
399284
400219
400878
400886
401045
401454
402262
403443
403829
404835
405156
405339
406298
406922
407306
407542
407558
408756
409565
409622
409690
409828
409898
411062
411446
411465
411582
411798
411858
412187
412890
413012
413076
414899
415384
417524
417800
417900
417953
417999
418145
418505
418957
419223
419773
419961
420904
421428
421989
422419
422515
422800
422970
423488
423505
423843
424128
424559
424657
425185
427124
427403
428200
428588
428697
429391
429569
430975
431675
431862
432670
432754
432806
434028
434178
435759
436458
436718
437089
437852
439359
440078
440687
441114
441643
442118
442123
442546
443869
444295
444944
445187
445795
446437
447457
447909
448616
448857
449053
449244
449322
449588
449782
449865
449889
449927
450139
450301
450335
450533
451057
451336
451865
452674
453553
453666
453970
454472
454504
455603
456966
457996
458563
458741
459542
460334
460341
460943
461328
461856
462729
464371
464754
465071
465106
465187
465288
465525
465964
466765
467097
468001
468399
469383
470204
471744
472081
472095
473321
473353
473968
474114
474577
475738
476937
477795
478097
479922
480074
480196
481926
482588
483191
483877
483919
484428
485001
485035
485242
485384
486669
486787
487486
488265
488484
490112
490520
491738
492100
492261
492270
492684
493462
493832
494331
494391
494713
495385
495469
496936
497018
497262
497468
497610
497873
498096
498348
499203
499456
499660