326
506
546
805
1235
1592
3994
4184
4402
4688
5884
5937
6119
6514
6589
7156
8327
8453
8629
8985
9429
9739
9934
10162
10665
10960
12388
12740
13530
13608
14261
14270
15191
16534
17229
17242
18397
19145
19950
19990
20829
22087
23318
23505
23627
24648
25463
25683
25822
26392
27408
28973
29018
30268
31608
32456
34165
34906
35114
35462
36146
36488
36776
37827
38846
40599
41230
41386
42488
43872
44175
45479
46205
46839
48621
48984
49726
49914
49967
50211
50241
50544
50969
53188
54202
54404
54800
56608
57231
57385
57512
58148
58787
60015
60390
60974
60997
61041
61196
61630
61661
61780
62045
62191
62304
62726
63715
63762
63922
64861
65568
65621
65827
66216
67183
67735
67907
67966
69328
69718
69784
70992
71093
71278
71617
72971
74469
75456
75864
75921
76150
77105
77995
78160
78302
78383
78559
79957
80113
81600
81717
82214
82832
84855
85905
85925
86612
87068
87656
87787
89367
89392
89979
90507
91033
91196
91456
91548
91626
91893
92113
92242
92462
93502
93517
94424
94663
95418
96048
96570
97814
98165
98306
99598
99731
100242
101229
101884
102290
102358
102446
103278
104055
104390
104622
104864
107813
109517
109661
110390
111072
111079
112424
113051
113448
113684
113846
113900
115168
116008
116314
117255
117439
118059
118108
118134
118262
118276
118813
118900
120355
120515
121313
121381
121706
123270
123423
124171
124399
124447
124751
124893
125542
126967
127415
127819
127885
128668
128793
129108
129119
129622
129902
130181
130268
130493
131163
132027
132322
132950
133122
134066
135198
135805
136488
136524
136989
137251
138008
138631
139111
139558
140292
140670
140813
141942
141956
142157
142978
143104
143129
143525
144403
144848
145580
145862
147050
149247
150045
150632
150942
151005
151660
151801
152157
152162
153225
153456
153622
154544
155388
155666
157221
158291
158588
159325
160576
161725
161848
162107
162739
162815
163258
163263
163423
163467
164597
164653
165294
165921
166077
166089
166203
167055
167181
168000
168649
168858
169083
169721
170035
170685
171556
171882
172061
172116
173001
173091
173710
174163
174546
174979
175056
175483
175635
175941
176213
177208
177209
177633
178311
178465
178516
179022
179067
179361
179365
179618
179758
181270
181892
182095
182937
182964
183049
183524
183690
183736
183892
184296
184484
185144
185212
185222
185259
185406
185629
185876
186278
186422
186679
186948
187871
188954
188986
189232
189296
190351
190520
190639
190856
190976
191385
191629
191630
191711
191721
192458
192536
192670
192688
193057
193098
193341
194701
196048
196379
197296
197735
197979
198017
198842
199137
199560
199601
199931
200590
201359
201901
202060
202714
202981
202985
203357
204095
204260
204486
204645
205123
205349
206110
206120
206739
207050
207352
207774
208584
209740
210171
210329
210515
210848
211384
212027
212361
212420
212776
213035
213174
213328
214389
214903
215193
215859
216263
216806
217824
218545
218960
220797
220823
221388
223548
223716
225840
226163
226693
226699
226752
227257
227590
228391
229635
231265
231535
231593
232146
232966
233269
233762
233818
235032
235671
235816
235909
236108
236589
237044
237049
237279
238417
238975
239079
239586
239965
242292
243437
243823
244175
244387
244792
245896
245933
246554
247935
248066
248111
248648
249353
249991
250129
250281
250508
251080
251552
251989
253106
253733
253804
254101
254714
254728
255279
256127
257146
258025
259969
260085
260754
261004
261728
262058
262936
263412
263781
263998
264102
264836
265332
266222
266397
267320
267387
267447
268583
268857
268886
269403
269863
269968
270048
270300
271055
271388
271772
271969
272529
273057
274867
275782
275792
276680
277399
277834
278256
278814
279316
280016
280509
280923
281341
281513
282135
282486
282652
282896
283134
284406
284675
286248
286416
286734
287448
288016
288987
289150
289247
289357
289886
290690
290736
290906
291521
291561
291657
291744
292040
293300
293882
294445
294452
294577
294740
294748
295740
296368
296748
298131
298492
298921
300170
300360
300364
300497
300613
300786
300888
300968
301887
301987
302027
302423
303074
303657
303875
306421
306671
308139
308652
308742
309023
309265
309313
309621
309728
310124
310785
311047
311074
311449
312196
312539
312931
314896
315007
315788
316297
316400
316864
317296
317663
318110
318660
320204
321670
321821
323483
324001
324181
324845
325201
325470
326254
326660
327388
327465
328433
330665
330695
331952
332148
332390
332777
333919
334123
334300
335704
336424
336950
337276
337328
337403
337961
338101
338253
338293
338513
339243
339752
340426
340507
340750
340839
341413
342228
342468
343037
343531
344717
345160
345224
345857
346008
346016
346375
346456
347753
348783
349158
349234
349530
350289
350657
351167
351178
351959
352352
352708
353006
353385
353447
354249
354329
354954
355168
356188
356453
356534
357077
357630
357987
358572
358719
359458
359479
360722
360858
362555
362698
362867
363193
363278
363427
363513
363935
364112
364341
365347
365921
365935
366633
366691
367268
367580
369937
369942
371241
371454
371809
373865
373931
374285
374619
374627
375063
375601
376418
376476
376482
377468
378233
378831
378957
379596
381994
382848
383111
383295
383621
384999
386744
386764
386860
387061
387185
387279
387354
388160
388349
388528
388704
389286
389715
391215
392035
392110
392993
393255
393283
395123
395426
396134
396226
396629
398174
398752
400481
401930
402136
402299
402494
403128
404017
404216
405321
405848
406252
407073
407252
407766
407941
409262
409270
409533
410328
411201
411487
411501
411705
411954
413498
414158
414870
415069
415295
415627
418221
418344
418368
418390
418763
419292
419525
419858
419927
419945
420233
420477
421054
421270
422595
422795
423270
424510
424713
424991
426582
427651
428635
428720
428923
429404
429851
430441
430601
431655
432077
432312
432402
432725
432930
433396
433579
433661
433737
434731
434931
435392
436522
436735
436736
436858
437066
437561
437843
438089
438489
438696
438992
439108
439224
440249
440779
441186
441705
441809
441942
442490
442761
442780
442839
443152
443740
444122
444616
446472
446726
446930
447294
447720
449718
450362
450438
450508
452266
452289
452308
453039
454571
454606
454614
454918
455330
455747
455766
456856
457781
457951
458135
458866
459333
459347
461027
461146
461367
461474
461838
462204
463269
463976
464432
464520
466430
466950
467961
468277
468363
468948
469364
469816
470151
470258
470324
470617
472063
472285
472491
472723
473363
473385
474337
474668
475001
475566
476395
477786
478098
478166
478676
478924
479231
479586
479654
479737
479811
479899
480414
480491
480512
480910
481267
481366
483562
485399
485449
485739
486233
486944
487194
487833
487845
488081
488120
488871
488948
489391
489651
490483
490657
491502
492195
492626
492697
494276
494494
494570
495208
495795
496005
496042
496521
496729
497099
497289
497783
497870
498044
498629
498877
499356