165
2341
2467
2686
3081
3295
3345
3424
3726
3873
4231
5245
5562
6763
7186
8211
8647
9426
10195
10493
10820
10825
11038
11476
11830
11881
13231
13584
14956
15468
16124
16258
16350
16684
17221
19002
19401
19964
19974
20145
20874
21684
22287
23143
23462
23741
24111
24273
24538
24953
25319
26486
27253
27697
27923
28143
28188
29183
31880
31901
31908
32083
32557
32690
33145
33423
34597
35646
35985
36024
36519
36838
37324
37433
37463
38803
39047
39314
40340
40969
41393
41638
43018
43741
44097
44141
44498
44516
44609
45438
45806
46262
46265
46685
46981
47182
47458
48106
48147
48452
49397
49678
50197
50240
50553
50664
51144
51965
52042
52606
52728
53580
53826
54163
54482
54530
54738
55072
56192
57103
57366
57779
57799
58989
59489
59812
60232
61172
62316
62492
62857
63086
63275
63699
64705
64728
65254
65991
67239
67241
68502
68541
68943
69042
69767
69782
69845
69874
70056
70493
70583
71067
71164
71924
72259
72770
73056
73193
73620
74178
74386
75170
75331
78000
78300
78401
78665
79225
79766
79887
79989
80576
81370
82445
82656
82969
83019
84404
84751
84896
85228
85996
86427
86905
87596
88493
89782
90235
90565
91169
91787
92890
93778
96212
96460
97581
98481
98558
99205
100059
100546
102334
102425
102865
103316
104403
104801
104815
105217
105507
105581
106317
106710
107642
108110
108515
108772
108782
109022
109945
110234
110279
110362
112125
112246
112454
113128
113548
114153
114684
115400
116563
117908
118104
118314
119026
119638
120213
120531
121084
121249
121318
121832
121867
122041
122207
122442
122658
123557
124267
124567
124766
126409
126782
127250
128030
128796
129843
129922
130906
131228
131492
131741
131961
132086
132459
132876
132937
133736
134309
134582
136498
138661
139061
140498
140716
141454
142398
144222
144719
144885
145178
145544
145708
145862
147260
147283
148919
148999
149428
149461
150907
150995
151024
151099
151286
151989
153815
154959
155507
155608
155843
155978
156781
156819
158428
158625
158724
158887
159035
159246
159897
160277
160391
161713
162206
162316
163059
163833
164309
164601
164764
165689
165928
165962
166149
166219
166305
166469
166469
167826
167963
169007
169107
169426
169933
170067
171005
172360
173187
173376
174077
174124
174173
175126
175257
175307
175399
178088
179242
180465
180844
181055
181226
182678
182727
183195
183553
183972
184005
184227
184340
184358
185490
185740
187112
187588
187651
187807
189480
190175
190307
191315
191610
192105
194450
194720
195129
195439
195946
196584
196613
196643
196740
196994
197584
198118
198138
199119
199495
200414
200910
200925
201727
202018
202266
202870
203450
203557
205402
206338
206916
207157
209303
211072
211437
212029
212191
212858
213314
213414
213608
213969
214097
214544
215140
215342
215512
216196
216405
216850
217468
217520
218036
218408
219015
219706
220177
220592
220818
220914
222263
222378
222853
223428
224032
224388
224893
225772
225933
226396
226545
226928
227500
228042
228477
229634
229762
230199
231511
231767
232101
232205
232339
232528
232730
232911
233109
234148
234467
235093
235100
236004
236005
237003
238776
238799
238933
239060
239287
239657
240008
240366
240369
240981
242824
243176
244844
245054
245398
245418
245663
247316
247863
248124
248296
248388
249592
249795
249837
250790
251121
251209
252670
252965
253067
253177
253823
254143
254592
254611
254892
255635
255924
256335
256582
256827
257936
257998
258124
259349
260027
260152
260202
262754
263038
263173
266001
266440
266568
267552
267682
268926
269184
269287
269470
269669
270157
270376
270620
270672
272062
272147
273635
274794
275340
275617
275699
275746
275871
276519
277236
277409
277440
277787
278001
278179
278188
278575
278771
279054
279686
279839
279898
280041
280207
281065
281234
281278
281457
281781
282092
282544
282579
282887
283196
283737
284022
284295
285170
286067
286854
286954
287357
287434
288311
290018
290658
290812
291437
291667
292196
292274
292928
292989
295317
295998
296328
297140
297426
297774
297907
298550
299460
300143
300226
301354
301717
302297
302640
302866
304112
304631
304937
304944
305427
305885
306337
306937
307193
308258
308260
308623
308784
309295
309493
310362
310495
311716
311871
313377
314136
314261
314384
315767
315840
315845
315865
315986
316074
316149
316278
316407
316853
317157
317259
317270
317586
317857
318064
318637
319516
320240
321697
321761
322491
323665
326071
326316
326337
326396
326484
329084
329896
330188
330467
331273
332024
332496
332741
333248
334491
334503
335064
335223
335650
336367
336609
337378
337710
338548
338552
338703
340854
341045
341119
341654
341869
342425
342460
342748
343690
345070
345689
345970
347366
347529
348478
348511
349223
349287
349649
349681
351086
351296
352213
352865
352872
354072
354279
354350
354580
354642
355102
355886
356971
358404
358932
359603
359707
359770
360085
360258
360791
360798
361035
361791
362424
362802
363034
363617
363958
366133
368320
369220
369683
370481
371567
372550
372574
372947
374074
374408
374436
374454
375266
375397
375637
376134
376166
377694
377808
377830
378110
378906
380530
380559
381098
381578
381733
382176
382499
383794
384017
384599
384846
385264
385321
386699
387195
389440
390819
392044
392070
392325
392441
392555
393229
393323
393947
394332
395048
395565
395684
395914
396006
396071
396134
396166
398387
399415
400113
400174
401146
401169
401643
402362
403187
403692
404308
404540
405039
406563
407095
407214
407323
407527
408548
410354
411606
411670
412555
412959
413516
413781
413881
414428
414635
415100
415169
415348
417137
417242
418494
418675
418778
419574
419961
420387
420590
420714
421238
421724
421802
421913
422108
422408
422702
422992
422996
423337
424238
424739
425163
425406
425501
425744
425761
426272
426447
426697
427148
427507
428295
428425
428513
428765
429570
429712
430634
431449
431894
432279
434151
434552
434721
435500
436794
437084
437125
438325
438384
439370
439691
439923
440317
441357
442277
442597
443619
443783
444231
444235
444535
444727
445133
445153
446508
446789
448837
451079
451097
451642
451966
452203
452446
453091
453106
453528
453636
453941
454509
454539
454856
455652
455763
455999
457934
458018
458205
459015
460493
460702
460752
461363
461459
461766
461793
462413
463069
463444
464012
464061
464798
465060
465286
465928
466641
466736
467804
467901
468209
468849
469235
469362
470667
471456
471631
472040
473015
473348
473391
474839
475223
475686
475720
475730
475770
475774
476996
477661
478160
478503
478786
479164
479403
479427
479590
479953
480215
481161
482170
482812
484020
484317
484420
485669
485943
486105
486437
487082
487647
488087
488131
488396
488891
488993
489037
489857
489989
491415
491813
491898
492046
492475
492492
493204
493978
494661
494663
494922
495992
496015
496584
496773
497153
497509
497509
497566
497715
497860
497937
497984
498033
498177
498920
499407
499517
499599
499621