50
382
1395
1491
1696
1816
1855
2103
2300
2677
2807
3121
3304
3374
3696
4278
4995
6273
6499
6659
9181
10659
11019
11058
11339
12566
14094
14270
14331
14605
14714
14801
15198
15590
15754
16441
16838
17111
17191
17239
17292
17795
17829
17849
20457
21005
21144
21520
21844
22861
23705
23932
24292
24698
25037
26123
27065
27207
27860
28220
30069
31279
31518
31718
31992
32355
33053
33233
33923
34369
35961
38508
38811
39400
39854
40278
41074
41972
43123
43393
43821
44111
44654
45496
46272
46860
46895
46928
47680
48109
49323
49426
49649
50693
51368
51423
52461
53471
53804
53852
54893
54998
56061
56112
56927
57449
57731
58827
59024
60414
60479
60837
62298
63139
63692
64907
65026
65427
65469
66059
66430
67195
67239
67577
67651
68240
68795
68799
69127
69151
69611
69718
69811
69925
71098
72041
72559
74016
74648
75003
75037
75377
77745
78704
79466
79634
79865
79978
80504
80522
81466
81712
81864
82121
82528
83738
84092
84124
84577
85288
85635
85751
86046
86271
87933
88477
88552
89418
90143
90355
91477
91721
92167
92715
92865
92902
93220
93543
94197
94807
96121
96577
96668
96697
98112
98361
98664
99040
99168
100028
101021
102485
102863
103404
105412
105446
105971
106227
106256
106747
107382
107441
107637
107663
108636
109478
109527
109648
109684
110083
110221
110436
110555
110555
110593
111421
111712
111717
111912
112612
113010
115026
115432
115644
116069
116211
116374
116869
117322
118675
118675
118752
119047
119259
119539
119922
120248
120495
120529
121557
121602
122154
122395
122660
122825
123884
124078
124220
124721
125625
125895
126418
126510
126549
126923
127854
128467
129254
130182
130981
131520
132072
132143
132230
132687
132784
132791
133347
133407
133666
134167
134384
134711
135027
135301
135372
136977
137887
139623
140541
140963
141273
141282
141895
142450
142794
142922
143107
143448
143461
143714
143784
143849
144027
144129
144360
144384
144499
144913
145091
145185
146631
147034
147114
147421
147482
148009
148641
148800
150297
151283
153103
153282
153297
154706
155746
157289
158180
158883
158895
159043
159123
159860
160251
160526
160901
161160
163244
163635
164203
164490
165055
165365
166096
166207
167615
168149
168917
169269
169583
170690
171050
171506
171557
171653
171843
172066
173520
173715
174922
175030
175221
175230
175365
175783
175785
177526
177576
177879
178545
179696
179779
180410
181755
181892
182115
182778
182936
183242
183536
183916
184152
184389
186147
186507
187177
187299
187693
188649
188719
189427
190536
190845
191029
191657
191954
192541
192739
193611
193763
194238
194514
194605
195203
195697
196070
196553
198232
198236
198608
200165
203151
203262
203353
203482
203641
203858
205238
206267
207198
207483
208084
208550
209932
209949
210892
211024
211156
211321
211837
212083
212268
214639
214655
215610
215778
216426
216722
216739
216763
216773
216993
217017
217093
219307
219577
220201
220266
220356
220417
223283
223345
223487
224804
225643
227293
227634
227718
228796
229195
229652
229683
229739
230622
231215
231268
231324
233561
234392
234400
234484
235331
235878
235921
236162
236210
236337
236450
236881
237464
237835
237914
238966
239261
240099
240162
240454
240776
240921
241230
241316
241364
241516
241730
241752
242151
242262
242499
242566
242816
242973
243561
244593
245012
245938
246190
246664
246920
247100
247347
247354
248911
248990
249214
249578
250110
250566
251673
251902
252785
253327
253549
253743
254003
255582
257199
257254
257593
257928
258721
259437
260339
261384
261833
262609
263068
263175
263632
263646
263900
264520
265339
265339
265352
266063
266211
267076
267599
267689
268085
268840
269353
269420
269468
269592
269729
270278
270405
270727
272312
272615
273018
274813
274850
274857
275654
275794
277257
277992
278069
278074
278258
278286
278363
278591
278764
279125
279995
280365
280895
281063
281071
281974
281980
282398
282553
283193
283746
284516
284818
284888
285030
285150
285402
286005
286595
286858
287166
287204
287240
287863
288142
288579
288737
289001
289226
289243
289659
289684
289916
290360
290605
291925
293273
293605
294444
294524
295275
295419
295920
296143
297169
297381
298565
298825
298908
299286
300489
301625
303442
305052
305208
306191
306234
306472
306608
306939
307048
307367
308070
308369
308800
310129
311569
311645
311764
313330
313531
314713
315967
316749
317284
318361
319787
320005
320578
320646
320785
320921
321182
322140
322881
323155
323764
324396
324426
325008
325585
326655
326812
327832
328193
328371
328971
329235
330210
330352
330398
331027
331461
332647
332655
334024
334041
334042
334115
334119
334474
334963
335076
335212
335777
335933
336074
336389
336432
337873
339187
339381
339432
339966
340181
340435
341772
342820
342935
343110
343591
344123
344638
344875
345511
345608
346499
346513
347249
347603
347962
348027
349788
350217
350245
350945
351401
351970
352227
353752
353846
354936
356036
356343
357635
357657
358153
358268
358546
358920
359966
360765
360819
360921
361239
362496
362898
362913
363534
364591
365128
367551
368153
368208
368841
369349
371300
371575
371802
372130
372311
372614
373268
373607
373754
374786
375725
375953
376217
377195
377673
377983
378837
379402
379480
380974
381171
381345
381654
382316
383265
383344
383750
385180
385265
385307
385375
385555
386513
387085
387478
387502
388795
388910
389567
389739
390556
390599
391324
392717
392753
393266
393415
393595
393876
393895
394646
395180
395367
395431
395505
395717
395788
397980
398070
398443
398652
399596
399640
399722
400759
400892
401675
402142
403384
403582
404047
404178
404225
404616
404966
405541
406335
407061
407124
408618
408854
408861
409063
409121
409301
409318
410500
411093
411725
412248
412627
412775
412869
413538
414242
415560
415730
416024
416145
416286
416295
416544
417774
419009
420179
420810
420824
421075
421180
422725
423045
423670
424625
426078
426820
426954
427181
427596
428525
428798
430323
432248
432277
432322
432392
432754
432861
433272
433329
434860
436647
436697
436848
437010
440243
441351
441972
442347
442450
443078
443503
444431
444513
444630
445113
445181
445497
445657
445740
446050
446596
447031
448876
449027
449278
449282
450171
450359
451720
451743
451823
451973
452104
452886
453063
453798
453833
453844
454437
454612
454782
455398
455655
457861
458082
458583
460947
461519
461639
462154
462591
463085
463998
465545
466335
466443
466810
467397
467656
467676
467968
468213
468419
468810
468867
468871
468952
469172
469629
470360
470743
470947
470967
473476
473789
474209
474517
475263
475745
476099
476110
476533
477483
477837
478105
478269
478972
479342
479818
480320
480924
481281
481320
482883
483726
484337
485332
485749
485889
486118
487073
487153
487682
488312
488858
489954
490189
491138
491212
491286
491316
491480
491915
492525
492959
493730
494122
494507
495317
495551
495931
496043
496639
497479
498380
498964
499751