1108
1423
1504
2396
2399
3410
4003
4052
4286
4363
4489
4622
4754
7949
8005
8136
9214
9663
10995
11783
12214
12613
12817
14077
14308
14922
15347
15935
16353
16426
16667
17577
17674
18506
18639
18706
18863
19475
19766
20436
21543
23207
24321
24856
25616
26318
26340
26529
26547
28340
28574
28813
29330
29977
32921
33291
33709
33807
34203
34754
35392
35905
35938
36089
36769
36923
36950
37681
38142
38658
38745
38755
38943
39437
39502
39778
40041
40504
40714
41187
41203
41284
42244
43857
44040
44549
44875
45055
45364
45851
46171
47025
47150
47230
47277
48261
48699
49399
49708
50206
50584
50814
51102
51235
52187
52805
53319
54406
55007
55152
55196
56065
56078
57082
57164
57236
57282
59018
59038
59344
59527
60681
61153
61936
62971
63042
63271
63407
64034
64387
64870
65722
66523
67615
67640
68219
69161
69392
69981
70118
70545
70977
70996
71257
71367
71444
72063
72135
72372
73550
73994
74320
74745
76024
76582
77074
77167
77286
77484
77711
77841
77975
78675
79090
79293
79482
80467
81848
82258
82858
82989
84123
84228
84365
84964
85816
86256
86272
86592
87077
87444
88063
88597
88938
89160
89331
89435
89660
89887
90323
90409
91207
91211
93133
93462
93586
94599
94747
95044
95349
96017
96104
96206
96744
98490
98529
98602
98858
99023
99222
99855
100492
100681
101131
101352
101384
101915
102219
103320
103386
103716
103855
104429
105110
105160
105823
106210
106781
106860
107041
107209
107695
107986
108309
108901
108957
111013
111166
111528
111870
113848
114094
114134
114596
114776
114834
115001
115127
115503
115575
115884
115970
119132
119169
119250
119605
119934
120658
121357
121672
122031
123236
123580
123696
124353
124551
124731
124947
125266
125423
126286
126369
128084
129545
129728
129825
130132
131463
131583
131703
131887
132286
132427
132457
133051
134437
134711
135372
136198
136426
138022
138606
138973
141390
141717
142084
142248
142366
142372
142717
143820
144071
144242
144350
145692
146193
147085
147147
147780
147968
148595
149460
149732
149987
150314
150391
150393
150402
150431
151207
152061
152950
153310
153684
153757
153789
154441
155008
155557
155753
156029
157798
158394
158950
159274
159437
160351
161086
161245
161957
162509
164491
165576
165892
166020
166416
166777
166982
167173
167209
167370
167996
168225
169140
169143
169886
170366
170430
171114
171240
172013
172124
173316
173512
173524
173918
174164
174316
174383
174484
174819
174989
175328
175736
176785
176966
177521
177702
178096
178173
179088
179213
179672
179757
180651
182655
183806
184364
184365
184416
186126
186426
186495
186726
187155
187601
188463
189010
189283
189330
189399
190175
190423
190441
190915
191875
191986
192028
192233
192820
192909
193441
193487
194017
194587
195131
195553
195590
196593
196711
197391
197710
199667
199889
200196
200280
200673
200959
202057
204029
204104
204397
204527
205223
205265
206149
207319
207643
207917
208075
208153
208188
208348
209005
209157
209295
209692
211556
211715
211857
212107
212635
213036
213148
213646
214084
214875
214909
215836
215986
216409
216470
217365
218226
219282
220499
221131
221288
221918
222867
223406
223460
223898
224258
224979
225161
225899
227680
227939
227996
228461
228561
229763
230145
230331
230744
230921
232248
232472
232974
233016
233169
233234
236407
236423
238004
238382
238714
238815
239155
241393
242153
243159
245453
245459
246136
246822
247012
247620
247907
248657
249006
249162
249618
249982
250897
251352
251612
252123
252250
253202
253825
253962
254037
254287
254553
254792
255007
255039
255455
256171
256215
256448
256905
256946
257738
257827
259232
259853
260131
261155
261604
261859
262104
263099
263137
264074
264413
264537
265267
265631
265765
266980
267861
267909
268251
268442
269211
269271
269491
269925
270009
270787
271312
272268
272409
273369
274863
275320
275424
276273
276677
277348
277570
277689
277715
278180
278365
278406
279188
279358
280393
281049
281617
282858
283616
284275
286449
286964
287096
287578
287984
288129
288487
288893
289071
290045
290164
290317
290844
290860
290908
291150
292119
292297
292707
292710
293750
293768
294988
295620
296477
296704
296721
296760
297118
297331
297703
297922
298016
299067
299101
299680
299715
299977
300474
301003
301686
301820
302645
302971
304297
304371
304456
304933
305382
305988
306110
306890
307427
308455
309136
309163
309367
312008
313282
313313
314436
314544
314685
314814
316184
316525
316570
317361
317448
317650
318601
318962
319587
319735
319750
319960
320210
321019
323347
323487
324073
324666
325198
325488
325576
326046
326196
326236
327531
327672
328980
329119
329304
332542
332912
332935
334097
334446
334890
335155
336494
336687
337547
338020
338300
338419
339069
339456
340075
340539
341048
341751
341791
343023
343959
344450
345116
345847
345859
345971
346095
347054
347748
348143
348417
348425
348754
348983
349442
350423
350756
351718
351970
352018
352712
352971
353333
353468
353530
353593
353967
353980
354111
354307
354355
354475
354551
355008
357956
358227
358588
358669
358919
359865
360020
360664
361514
361521
361870
362616
363169
365308
366110
366580
366910
368281
368576
368667
368677
369605
370081
370690
371331
371456
371590
371753
372929
372940
373002
373005
373294
374333
374404
375004
376049
376224
377496
377567
378151
379024
379929
380179
380511
380927
381192
381288
381626
382493
382655
382695
383525
385776
386199
387498
387805
388058
388968
388986
389044
389118
389130
389918
390512
390936
391115
391995
393280
394026
394158
394176
395320
395586
395686
396005
396437
397383
397479
397891
398128
399892
400072
400073
401451
401915
403636
404108
404784
404838
405995
406037
406055
406237
407497
407794
409117
410003
411942
411995
412297
412412
412842
413567
413617
414663
415343
416288
416521
418238
419435
419583
420056
422088
422270
422728
422919
423419
423537
424286
424338
424775
424898
425529
425551
427330
428031
428554
428651
429118
429436
429523
430621
430691
431055
431438
432536
434211
435633
435901
436611
437930
438084
438817
438929
439216
439422
440065
441625
442024
442086
442619
442775
443264
443647
443926
444732
448618
448848
450423
450687
451372
451612
452021
452381
452927
453616
454290
454551
456452
457141
457359
457672
458333
458454
458458
458988
459920
460919
461186
461350
461944
462939
463312
463995
464593
465066
465478
465564
465962
466126
466597
466640
467884
467988
469920
472226
472533
472832
473284
473604
473910
474830
476291
476508
476643
477403
477736
478143
478517
478701
479080
479109
479762
479794
479966
480101
480414
480929
481477
481594
481996
482246
482646
483677
483847
483863
484935
485022
485428
486348
486710
487467
487747
488938
488942
489246
489526
490246
490556
490700
490902
491493
491886
491948
493183
493362
493782
493864
494421
494592
494791
495288
495503
495657
496091
496658
496755
497206
497286
497986
498591
499674
499779
499833