734
1192
1391
2092
2623
4488
4737
5012
6332
8285
8803
8830
9148
9574
9848
10140
10465
10801
10916
10952
11664
12242
12727
12955
13225
14156
15737
15904
15906
16455
16835
17429
18777
19035
20413
20927
21688
21902
22266
22405
22879
23509
23892
24560
24998
25832
26212
26322
26390
27118
27176
27464
27478
27545
28836
29279
30187
30453
30897
31582
31738
31792
32280
32289
32604
32656
33105
34073
34359
34360
34770
35530
35553
35771
35933
36054
36481
37501
37710
37897
38017
38714
39618
39645
40383
41496
42066
42196
42401
42882
43380
43588
43804
44167
44177
44441
44593
44806
45312
45772
45859
46281
46609
48473
48557
49984
50685
50751
51618
52992
53182
53919
54567
55002
55762
55818
56131
56216
56992
58371
59160
60687
60691
60814
60827
61486
61893
62205
64025
64322
64535
65582
65806
66093
67183
69349
69996
71390
72308
73570
73844
73955
74241
74463
74835
75718
76289
76443
77078
78542
78878
78989
79125
79203
79527
80517
82047
82140
82483
82780
82891
83401
83501
83611
83897
84827
84887
86299
86309
86460
86688
86830
86874
87208
87655
88254
89038
89232
89561
90067
90496
91731
91992
92308
92856
93254
93440
94010
94343
94428
95801
95865
97085
97971
97985
98898
99248
99696
99818
100387
100485
100756
101577
102515
103402
103827
103883
103894
103984
104057
104966
104991
105088
105623
106533
108179
109247
109484
109718
109734
110733
110894
111220
112148
112489
112842
113620
115255
115674
116547
116754
116807
116999
117529
118193
118572
118776
119505
119963
120610
120802
121483
121563
123207
123395
124013
124510
124819
125236
125401
125589
125615
125687
125861
126412
127114
128132
128459
129153
129435
130316
130749
132495
133515
134362
134377
134830
135558
136887
137056
137345
137352
137542
137808
138019
138520
139648
140450
140507
140627
141218
141430
141561
142650
144581
144707
146017
146660
147646
148054
149094
149432
149596
149598
150060
150587
150660
150665
150880
150915
151602
151783
153638
153874
154040
154560
154637
154687
154960
155048
155154
155581
155734
155808
156619
157196
157337
157454
157704
157825
158927
160404
160946
161410
162253
162495
163041
163084
164020
164027
164051
164098
164175
164240
164792
165718
166038
167139
167312
170068
170528
170549
170736
171103
171593
171790
171868
173357
173536
173600
174090
175330
175650
176609
178805
178894
179021
179151
179517
179712
181750
182096
183154
183648
184585
184804
185342
186722
187522
188468
189162
190236
191055
191386
191460
191566
191827
194159
195175
196461
197257
197535
198353
198383
198472
198649
199611
200185
200420
200781
201657
201922
202209
202624
203759
204085
204411
204417
206911
207188
207353
207472
207974
208184
208642
209047
209169
209259
209985
210664
211305
211618
213219
214880
215074
215127
215716
215822
216089
216194
216856
217284
218175
218241
218401
219048
219484
219612
219910
219967
220894
221589
221824
221899
223555
223844
224155
224516
224707
225042
225959
226558
226689
226736
226782
228909
229979
230095
230191
230712
230850
231151
231177
231472
231666
231948
232031
232465
233591
233940
234297
234569
234816
234870
234917
235574
236040
238590
239726
239826
239880
239950
240046
240346
240406
241135
241898
242614
242759
243073
244299
244368
244503
245980
246792
246854
247417
247692
248051
249434
249685
249830
250164
251745
251884
252597
253274
254122
254510
254999
255564
255573
255849
255865
256647
257425
257791
258064
259271
259530
260234
261319
261685
262845
262988
263576
264305
264360
264708
264964
265363
265725
266101
266158
266278
266513
267762
267959
268574
269185
269350
269386
269436
269872
269952
270281
270590
271048
271192
271255
271889
272002
272651
273217
273682
273743
274160
274457
275252
275813
276388
277071
277282
277358
278063
278886
279811
280189
280615
281979
282247
282333
282388
282453
284088
285175
285336
285929
285983
286230
286588
286813
286864
287468
289358
289969
290088
290224
290533
290956
292017
292037
292119
292248
293555
294132
294376
295319
295627
295765
296002
296199
296781
297508
299081
299216
299639
300384
300753
301337
302336
302377
303910
304825
305247
305304
305820
306058
306278
306791
307003
307409
308168
308620
308784
308822
308905
309033
309276
309696
309802
310372
311905
312414
312901
313240
313528
314412
314444
314457
314721
314820
315713
315911
316378
316566
316854
316987
317205
317715
317862
318301
318383
318497
318696
318944
319831
321180
321327
321558
321907
322837
323783
324164
325071
325118
325365
327543
327907
328342
329496
329508
329513
330418
331311
331747
332840
333292
333312
333397
334155
334607
335699
335785
336003
336049
336176
336727
336916
337936
338310
338692
339332
339536
341063
341796
342531
344248
344926
345750
345919
346673
346798
347328
348194
349321
349867
350729
352402
353335
353479
353610
354156
354228
354366
355175
355372
355400
356029
356442
356998
357240
357374
358516
358723
358729
359194
359259
359469
359489
360015
361242
362473
362580
363635
364063
364545
365498
365609
366363
366475
366526
366563
367160
367970
369243
369636
372987
373317
373837
374067
375370
375394
376395
376395
376463
376585
377540
378567
379532
379787
381130
381745
381829
382109
383404
383850
384199
384365
384380
385198
385527
385685
385872
385909
385983
386131
387101
387361
387440
387999
388192
389136
389439
389805
389879
389959
390166
390285
390337
393421
394038
394183
394282
394653
396567
396991
398400
399404
400808
401196
402458
403241
403425
403693
403823
404997
405361
405791
406172
406373
406554
406925
407524
408734
408958
409085
409409
409799
410457
410801
412082
412755
412843
412883
412995
413278
413617
415018
415119
415347
417038
418522
418731
419150
420054
420608
421125
421743
421987
422522
422554
422947
423571
424258
424297
424318
424419
425351
425803
425907
426067
426123
426460
426914
427407
427718
427965
428361
429456
429691
430020
430091
430299
430725
430837
431388
431408
431697
432295
433283
433873
434083
435149
435518
435540
435743
436197
436481
437114
437683
438369
439598
440487
440569
440678
441058
441756
442186
442207
442474
442828
442946
443508
443667
443696
444771
445825
445826
445915
446311
446450
448819
449885
449977
450007
450345
451271
451652
452238
452269
453435
453924
454120
454181
454319
454582
454586
455236
455352
455773
456039
456322
456846
457466
458119
458510
458599
459801
459873
459914
460112
460322
461886
462450
462995
463417
465445
465683
466258
466469
466507
466533
466648
466840
466865
467177
467349
467879
468456
468578
468725
468780
469828
470284
470485
471132
471336
471572
471932
472189
472650
473191
473273
473292
473866
473957
474366
474980
475604
475986
476799
477142
478430
478447
478708
479555
479795
480660
481340
482242
482611
483317
483731
484122
484131
484165
484219
484976
485267
485459
485909
486093
486525
486847
487150
487472
487915
489153
490985
492420
493369
493459
494866
495980
496624
497114
497657
498912
498934