594
662
716
1053
1133
1179
1191
2992
3076
4150
4185
4462
4504
5517
6271
6593
7954
8573
8973
10132
10401
10426
11076
11233
11550
12098
13087
13455
13817
14314
14562
16603
16810
16875
17092
17320
17472
17498
17566
18483
18586
18895
18935
19072
19122
20833
21104
21282
22050
22260
22467
22586
23259
23604
23957
24004
24979
25107
26091
26466
28155
29071
29640
30962
32442
34728
35224
35546
36057
36429
36765
37141
37196
37295
37962
39021
39475
39851
40432
40509
40625
40813
41330
42368
42750
42964
43018
43902
44155
44456
44474
44568
46979
47547
47804
48962
48967
49078
49127
49239
49601
50199
50663
50870
51085
52948
53022
53199
54010
54371
54753
54898
55178
55446
55489
56360
56535
56915
57356
57896
58328
58483
59220
59337
59989
59995
60358
60621
61433
62288
62415
62974
63087
63196
64231
64762
65328
65461
65688
66105
66874
67543
67994
68064
68247
69420
69459
69790
70110
70249
71175
71308
73188
73692
74411
76110
76262
76750
77358
77500
77696
78114
79054
79663
79844
80024
80520
80761
81198
81343
81765
81772
82552
82874
83421
84897
85167
85227
85421
86327
86349
86969
87318
88207
88264
88572
89142
89290
89859
90082
91013
91554
92690
92927
93916
93922
94479
95378
96478
96565
98064
98590
99344
99369
99843
99909
100532
100587
100719
100896
101048
101540
101614
101799
102156
102420
102534
102946
102960
102970
103416
103688
104189
104690
104877
105014
105854
106000
106496
107544
107668
108163
108891
109417
110055
110122
110663
111403
113583
113792
114013
115282
116496
116866
116971
118365
119922
120084
120244
121379
121430
121696
122180
123353
123422
123580
124706
125385
126041
126115
126940
127277
127697
130346
130597
131018
131785
132164
132491
132520
133278
133498
136060
137130
137295
137323
138095
138243
138548
138859
140048
140217
140977
141043
141101
141876
142095
142146
142491
143950
144161
144477
144684
145243
145881
146001
146832
147572
148520
150110
150261
151374
151712
151892
153252
153556
153565
154044
154195
154494
154659
154682
155569
156045
156104
156149
156295
156637
157483
157777
158064
158211
158803
159206
160336
160363
161017
161021
161217
162017
162202
162631
162821
162882
163401
163413
163464
164549
165936
166820
167767
167860
168048
168418
169580
170113
170274
170765
171377
171611
172128
172318
172667
172699
173122
173640
173900
173938
174842
175269
175715
176314
176382
176881
178442
178912
179082
179155
180580
181073
181690
181701
181787
182442
183349
183989
184489
185530
185725
185826
185832
186211
186997
187199
187888
188288
188981
189215
189331
189414
189423
190058
190277
190595
190630
190666
190856
191099
191582
191778
192176
194138
194637
195204
195607
195984
196398
196832
197027
197496
198315
198412
199930
200637
200991
202423
203029
203225
203524
203655
203932
204080
204178
204418
204502
205324
205647
206057
206836
207091
207197
207201
208388
208747
208812
209489
209598
209689
210362
211296
212650
213755
215056
215073
215210
215659
215978
216339
216442
216683
217521
218165
219484
219937
220077
221142
221660
222131
222934
223294
224008
224165
224410
224420
224867
226153
226708
227052
228059
228171
228879
230279
230404
231268
231354
231462
232283
232745
232857
232960
233205
233505
233874
234043
234290
234455
235876
235898
236635
237411
238002
238296
239320
239403
240189
241129
241175
241680
241761
242327
242731
242850
243314
243364
243459
244010
244224
244319
244705
244718
244762
245182
246072
246304
246479
246546
246766
246988
247035
247597
249850
249967
250110
250456
250510
250727
250853
251596
251661
252489
253249
253782
254913
255039
256996
257226
258737
260305
260571
261284
261444
261589
261855
262188
262535
262607
263052
264304
264464
264472
264596
265414
265582
265587
265598
266148
266535
266668
266995
267063
267754
268252
269442
270115
270509
270571
270690
272665
272711
275508
276020
276080
276995
277273
277760
278682
279408
279447
279795
280717
280901
281302
281558
281567
281570
282182
282429
282928
283054
283094
284381
285116
285442
286535
286639
288771
288925
289040
290324
290374
290886
290920
291716
291718
291803
291886
292393
292967
293466
293794
293870
294266
294476
295941
296759
297417
298268
298494
298635
298714
298729
300381
300859
301036
301432
302213
303593
304029
304058
304394
304395
305382
305572
305699
306013
306421
306830
306970
307281
307451
307590
310169
310820
311210
312259
312417
314200
314869
314901
315276
315913
316185
316245
316702
317633
317930
318098
318744
318899
319747
320059
321001
321566
323309
323494
323673
324603
326561
327396
327679
327786
327811
327932
328376
328693
329309
329504
329761
329797
330039
330481
331247
331279
331658
331835
332369
332675
332845
333070
333219
334406
335477
336540
336950
338321
338495
339053
339569
339877
339886
339922
340402
340700
340827
341083
342219
342616
342831
344055
344173
345038
346173
346763
346889
347562
348393
348835
348972
349551
349729
350350
350673
351988
352563
352610
352708
353696
354463
355182
355842
355990
356149
356776
356816
356903
357209
357332
357337
357444
358396
358919
359416
359592
360114
360869
360880
362750
363117
363473
363830
364455
364826
364849
365511
365613
367465
368151
369102
369303
369966
370247
370262
370492
371276
371637
371844
372316
372364
372425
372676
373168
373366
373396
373640
374138
375229
375740
377464
377930
378101
378306
379294
379373
379869
379962
380029
381060
381475
381838
381949
381974
382367
382741
382813
383075
383834
384696
385155
385498
385784
386045
386885
387850
388464
389253
389598
389844
390995
391099
391975
392525
392869
393491
394033
395113
395333
396470
397755
397778
399264
399275
400131
401596
401804
402033
402365
402440
403676
403729
404007
404670
404731
406146
406637
406658
406781
406912
407402
407452
407589
407647
408207
411438
411537
411569
412624
413561
413865
413913
415208
417048
417318
417372
417384
418271
418318
418605
419481
419702
420831
421774
421892
422354
422396
422641
424094
424814
424942
425192
425260
426325
426327
426921
427046
428524
429303
430546
430908
431732
432436
432675
433186
433281
434155
434536
435285
435540
436206
436216
437078
438218
438247
438642
439411
439869
440353
442587
442670
443211
443295
443477
444315
444526
444988
445395
445442
445777
446661
446979
447252
447507
448378
449406
449678
452753
452805
452992
454407
454611
458050
458191
458329
458418
458491
458528
458916
459466
459515
459886
461384
462969
463581
464068
464375
466044
467162
467826
468136
468590
469279
470248
470750
470894
471176
471333
471778
471960
472000
472522
473389
473426
473433
474427
475368
475495
476083
476326
476470
476541
476774
477152
477950
478957
480004
480587
481093
482084
482356
482570
482572
482910
483654
483792
484827
485488
486127
486667
487265
487767
489994
490808
490863
491243
491609
491649
493613
494383
494616
495394
495566
496513
496880
497322
497479
497696
498008
498239
498835
499122
499598