511
891
929
2428
3104
3698
3969
4118
4203
4235
4855
5282
5706
5866
6453
6707
6748
7092
7106
7509
8611
8784
8882
9028
9337
9787
11348
12379
12598
12598
12938
13158
13180
14297
14900
15539
16076
16315
17277
18472
18606
18988
19646
20206
20259
20502
20565
21204
21653
22146
22505
22712
22842
23591
23843
23972
24080
24252
25021
25386
25593
25643
25900
26482
26688
27261
27446
27757
27920
27975
28014
28947
29300
29386
29526
30870
31358
31794
31795
33348
33782
34545
34580
34855
36142
36380
36887
36921
37209
37350
37434
37562
38010
39482
39851
40665
40807
40853
41267
42297
43307
44062
44352
44692
44701
45872
46504
47856
48394
49629
49682
49831
50180
50271
50378
50972
51308
52839
53273
53387
53623
53895
53923
54060
54090
54324
54758
55027
55098
55606
55856
56233
56254
56319
57324
57835
59451
60283
60641
61865
61931
62412
63548
63731
63872
64332
65297
65860
66991
67413
67603
67617
68534
68573
69055
69162
69552
70005
70632
71530
72115
72539
72762
73799
75031
75660
76046
76215
77583
78783
79052
79614
80021
81234
81409
81423
82838
84610
85011
85650
85854
86392
86868
87941
88434
88491
88578
89062
89086
90653
90704
91084
91173
91599
92008
92147
93085
93343
93664
93667
93927
94281
94284
94368
94818
95216
95597
96138
96277
96860
97645
98270
99163
99164
100206
101212
101716
102146
102166
102852
102937
103128
103239
103725
104889
105244
106063
106242
106614
106724
106849
107849
107869
108298
108863
109196
109729
110621
111562
112493
112535
112697
112900
113176
113214
113226
113354
114649
115171
115662
115983
117052
117642
117895
117985
119192
119303
119332
122235
122774
123516
123670
124574
124638
124747
125119
125806
126786
127067
128041
129762
130813
131782
132267
132666
133466
133937
133950
134081
134544
134728
135528
136379
136429
136803
136893
137439
137733
137788
138509
138752
138814
139456
139707
140107
140123
140794
141817
142091
142746
142747
143042
143256
143772
144072
144100
144740
144825
145247
145962
146774
146963
147466
147962
148590
148733
149596
151990
152170
152311
153171
153255
153722
153846
154010
154757
154786
156050
156433
156592
156786
157422
158134
158399
158732
158744
159370
160965
161321
161757
162205
162250
163354
163481
164342
165396
165641
166012
166078
166107
166531
167312
168664
168916
169234
169270
169490
169543
169832
170107
171114
171230
171356
171606
171976
172527
172836
174138
174771
175004
175196
175364
175387
175804
176418
176573
176618
176639
176682
176733
177109
177220
177261
177328
177874
177983
178988
179188
179782
181709
182280
182996
183520
183636
183664
183847
184127
184260
184770
184800
185039
185337
185733
186495
186669
187742
187999
189663
190847
191369
192348
192838
193339
193884
194450
194667
194944
195592
195701
196356
196401
196793
197393
197553
197933
199021
199151
200175
200308
200373
202112
202218
202607
203466
204216
204374
205479
205829
207224
207441
207716
207743
208314
208964
210806
210984
211193
211431
211787
211903
213116
213429
214032
215216
216040
216699
217214
217443
217528
217699
217715
218360
218642
219241
219387
219976
220134
221164
221394
221510
223290
223506
223724
224220
224671
224962
225081
225265
225486
225624
226038
227348
227709
228088
228601
228848
229370
230224
231942
232537
233492
234038
234260
234989
234994
235378
235831
237954
238125
240439
240870
241626
241658
241688
242146
242989
243572
244027
244485
244783
245133
245744
246443
246505
247061
247450
247679
247896
248179
249402
249865
249945
250211
250440
250584
252011
252595
252897
254319
254371
254657
255725
256065
256267
256998
257431
257448
257561
258352
258549
259084
259158
259927
260495
260648
260894
260909
261952
262936
263243
263561
264572
264656
264796
265518
265694
266467
266909
266916
267166
267675
269277
269913
270080
270327
271866
272827
272876
273265
274340
274585
274613
274885
276089
277348
277697
277980
278219
278341
278391
278590
279364
281052
281085
282866
283530
284857
286311
286349
286535
286741
287234
288016
288251
289200
289460
289871
290094
290523
290939
291096
291550
291617
292967
293065
293073
293153
293408
293727
294569
295041
295045
295410
295552
295840
296698
297504
298561
301234
301752
304326
304743
304751
304864
305190
305432
306290
306369
306382
306594
306700
306755
307821
307970
308539
309736
309770
309794
310044
310628
312381
312896
312993
313048
313619
314317
314363
314428
314659
314831
315630
316921
317721
317890
320789
320968
321324
321846
321915
322305
322496
322539
322869
323125
323876
324393
325104
325607
325960
326476
328395
328706
328749
328813
329382
329927
330036
330829
333259
333306
334024
334053
334728
334851
336299
336916
337065
337409
337550
338049
338252
338645
340229
340403
340476
342968
343253
343556
344086
344499
344705
345472
345524
346778
347948
347995
350400
350826
351571
352854
352896
353291
353783
353836
354014
354443
356026
356245
356608
357055
357172
357264
357613
358826
358951
359426
361244
361563
361627
362163
362883
362934
362992
363099
363851
364174
366189
366282
366947
367036
367475
368563
369459
369652
369674
369873
371408
372105
372521
372789
373057
373263
373269
373746
374665
374950
375066
375614
375790
375849
377757
378024
378041
378452
379910
380538
380932
380980
381015
381365
381535
382512
382976
383579
383650
383670
383980
384745
384980
385480
385975
386460
386479
386687
386823
387409
387610
387713
387928
388071
388123
388624
388795
389355
389665
389687
389717
390126
390500
390609
392283
392584
393198
394844
395709
395946
396048
396687
397113
398426
398993
399752
399957
400326
400715
401114
401705
401903
403874
403991
405577
405964
406696
407139
407443
408610
409422
409894
410608
411334
412115
413149
413666
414491
414794
416472
416708
416756
417168
417826
418140
418827
418837
419931
420165
420793
421721
422399
422793
423085
424251
424920
425004
425860
426329
426921
427008
427280
427464
428834
428940
430634
431033
431455
432115
432125
432480
433101
433615
434039
434124
434858
434899
435643
436043
437950
438230
438655
438659
439565
440750
441635
442655
442687
444772
444991
445308
445350
445813
447252
447269
447652
447731
448150
448389
448612
448722
449160
449935
450068
450257
452430
452698
453193
453294
453884
454036
454429
454678
455774
455844
456649
457019
457233
457709
458203
458554
459152
459542
459618
459921
461369
462166
462425
463388
463799
464403
464525
464569
464847
464931
465769
465849
466626
467068
467203
468800
469032
469066
469104
469238
469339
469394
469737
470214
470518
471675
472145
473109
473283
474559
474821
476358
476547
477204
477588
477913
478045
478377
478435
479451
480639
481722
481989
482453
482744
483933
484509
485018
486215
486439
486494
487387
488577
489075
489122
490302
490623
490637
491073
493378
493544
493792
494011
494088
494558
495097
495275
495522
495628
496269
496539
496631
496762
497472
497986
498360
498958
499331
499331