34
331
695
1302
1563
1837
2149
2228
2499
3042
3547
3582
4179
4799
5110
5870
6188
6242
6412
8071
8542
8691
9295
10117
10552
11142
11672
13835
15217
15640
15958
16220
17321
19306
20478
21036
21402
21865
22023
22230
22536
22669
23230
23304
25122
25641
27585
27912
28630
29240
29523
29546
30462
31036
33235
33363
33538
35385
35467
35494
35991
36620
36851
37080
37635
37800
38213
39646
40506
41965
42919
43368
43483
43659
43830
46597
46816
47038
47717
47778
49097
49216
50050
51530
51904
52611
53061
53662
53707
54057
54174
54197
54447
54969
55065
55781
55963
56492
57152
57216
58400
58482
59099
59674
60165
60568
60669
60714
60956
61488
62001
62615
62710
63150
63320
64224
65177
65340
66849
67930
68386
68451
69039
69956
70453
70896
72032
72271
72375
72967
73650
73927
74010
74857
75413
75465
75960
76832
76871
77949
78425
78874
79025
79210
79373
80145
80184
80244
80394
80960
81105
81859
81930
83183
84028
84208
84288
84353
84961
85708
85907
86340
87052
87058
87916
88366
88367
88761
88849
89031
89373
90051
91190
91531
92177
92387
94059
94148
94710
95564
96229
96969
97664
97842
97920
99384
99439
100739
100937
100984
102353
102982
103270
104480
104508
105505
106010
106583
107077
107184
107396
107436
107632
107634
107978
108116
108364
108706
108935
109192
109765
110174
110433
110497
111217
111498
112148
113356
113563
113585
113864
114455
114640
115239
115644
115900
116175
116550
116969
116998
117285
117363
117430
117703
117812
118145
118676
118719
119120
119317
119948
119955
120205
120461
122038
122215
123612
124422
124759
124853
126548
127844
128188
128681
129181
129533
129591
129622
129697
129703
130009
130109
131523
132279
132528
132787
132879
133192
133444
133714
133902
134297
134349
134756
134878
135295
135518
135543
135700
135776
136465
136470
136516
136619
136741
138278
138854
139142
139490
140619
141190
141946
142715
143247
143466
144163
144277
144396
144939
145351
145605
145950
146489
146944
146998
147384
147435
147485
147529
148008
148483
149244
150141
150370
151342
151810
151922
151938
154833
155021
155107
155532
155644
156733
156859
157708
158209
158772
158782
158806
159362
159363
159607
159870
160067
160539
160598
162251
162592
162607
162751
163048
163639
163943
164637
165008
165583
166007
166598
167207
169144
169213
169376
169415
169540
170841
171947
173422
173638
174404
174416
174575
176040
176733
176856
177031
177107
177255
177359
178464
179419
179435
179441
179967
180006
180826
180867
181318
181836
183114
184501
185060
185725
186029
186029
186723
186996
187306
187320
188099
188342
188624
189235
190522
191022
191372
193167
193802
194043
194260
194803
196957
197802
197890
197916
198779
199005
200151
200427
200638
201408
201442
203303
204280
205453
205974
206243
206496
208047
208832
209489
209650
211129
211774
213764
214072
214087
214294
214757
215407
215595
215617
215907
216074
216472
216576
216851
216855
217293
218457
218670
218866
219863
219994
220059
221012
221185
221230
221733
222934
223101
223396
225354
225435
226141
226547
227562
228174
229068
229744
230283
230487
230551
230921
231093
232290
232392
232558
232644
233557
233580
233784
234312
234499
235353
235853
236008
236071
236924
238361
239205
239285
239625
240380
241234
241702
242455
242458
243284
244007
244025
245058
245479
245516
246041
246370
246408
247759
247895
248049
248489
248653
249024
250349
250601
250615
251690
251697
251895
252500
253081
253253
253278
253312
254076
255041
255314
256127
256247
256716
257256
258109
258416
258777
258866
258880
259841
259889
260678
261511
262086
263403
263697
263977
265054
265066
265284
265355
266127
266504
266848
266864
267024
267099
267219
268384
269167
269303
269505
269518
270859
271463
273148
273202
273634
273734
274098
274600
275544
275880
276452
276800
277544
278237
280237
280684
280868
280883
281103
281114
281473
282144
282777
283147
283749
283865
284156
284266
284595
284670
285938
286450
286752
287637
287976
289073
289387
289722
290878
291271
291291
291797
292203
293005
293071
293925
294410
294979
295232
295983
295986
296021
296094
296739
297544
297624
297630
297949
298314
298583
302305
302595
303854
305190
305534
305554
305894
305948
305951
305990
306965
308122
308322
309231
311645
313013
313393
313749
314406
315324
315870
316388
316944
317151
317608
318442
319214
319319
319515
319796
321010
321080
321171
321420
321439
322252
322428
322452
322848
323681
324521
324964
325113
325415
326405
327147
327216
327558
328308
328693
328915
328960
330679
331371
331835
332074
332378
332945
333492
334136
334806
335060
335279
336041
336414
336985
337384
338311
338760
339177
340580
340692
340860
341323
342030
342897
343073
343767
344239
344249
344367
344938
344992
345293
345976
346270
347138
347410
347428
347702
348862
349741
349872
351183
351270
351917
352008
353514
353555
354535
355137
355522
355637
355651
356604
356783
358682
359126
359193
359215
359294
359702
359896
360467
360946
362353
362788
363034
364214
364499
365313
365624
366033
366134
366260
366732
366759
367334
367578
368179
368283
368462
368686
368881
369193
369291
369465
371245
371486
371834
371981
372888
373404
373406
374446
375465
375548
375685
375875
376106
376252
376598
376729
376742
377138
377477
377553
377754
377773
377804
378021
378710
378811
378886
379668
380316
380817
380822
381141
381275
381353
382257
383579
384219
384650
384859
385153
385766
385835
386128
387863
387880
387935
387947
388268
388799
388841
390419
392380
392531
393542
393846
394142
395031
395054
395237
395995
396887
399236
400009
400356
400439
400863
402118
402273
402968
404074
406238
406275
406331
406944
407517
408363
409264
409365
410279
410506
411965
413188
413397
413532
414192
414467
415509
416558
416850
417623
419749
421493
422096
422423
422886
422901
422936
423989
424215
425215
425304
426145
426147
426195
426647
427474
428241
428303
428402
428573
428764
428839
429108
429166
430408
430971
431552
431676
431683
432313
432792
433090
433665
433830
434012
434579
435887
436225
436380
436880
440559
441978
442855
443714
445023
445114
445246
446857
447264
447509
448149
448751
448924
449217
449539
450453
450472
451524
452794
453194
453219
453292
453953
454753
454777
456325
456495
457160
457886
457961
458813
459038
459237
459438
459666
459876
460305
461588
461760
462277
463185
463335
463532
463817
463928
464308
464575
465532
465607
466479
466673
467199
467386
467854
468717
468787
469089
469293
469727
470664
470691
471133
471831
473090
473149
473457
474025
474332
474602
475187
476297
476323
476887
477817
478375
480014
480158
480736
481111
481830
481858
483052
483466
483495
483495
484192
484367
484538
484779
485210
485254
486269
486901
487177
487238
487775
488214
488362
488619
488808
489808
490439
490809
490908
491350
491592
492056
492456
493358
493726
494557
494629
494727
494929
495289
495458
495667
495721
496065
497604
498007
498100
499264