67
225
617
655
1294
1577
3402
3741
4357
4952
5571
5615
5783
5813
6235
6516
6574
6799
7103
7519
7683
8874
8943
9044
9589
10501
11460
12099
12113
12115
12508
13139
13373
13814
14172
14388
14899
14986
15072
15343
15463
16846
17077
17715
18116
18623
18891
19032
19426
19614
19703
20309
20720
20979
21163
21847
22153
22255
22704
22883
23087
23152
23522
23710
24323
25127
27673
27933
28398
28848
29436
29707
30428
31616
31729
32649
32699
32848
33564
33696
34071
34697
36279
36402
36558
36948
36991
37805
38223
38713
39347
40259
40421
40818
41037
41672
41767
41985
42563
43162
43460
44264
44298
45048
45923
46611
47039
47258
47297
47439
47767
47961
49227
49620
50564
50607
51321
51473
51792
51814
52295
53814
54141
54719
55122
55341
55968
56426
57118
57655
58376
58783
58803
58925
59802
60114
60832
61462
62467
62769
63041
63476
64139
64790
64874
65661
66647
67218
67420
67787
68002
68551
69001
69144
69202
69543
69811
70770
71012
71083
71540
72586
73546
73770
73945
74168
74561
74761
74847
75032
75219
75732
75825
76410
76823
77320
77486
77534
78027
78120
78626
79956
80029
80398
80424
80700
80708
81777
82028
82433
82989
83220
84406
85194
85895
85981
86468
88015
88155
88412
89244
89410
90445
90691
90909
91878
92147
92564
92570
92825
94872
95131
95285
95365
95770
96426
97603
98014
98067
98401
98867
99727
99752
100539
101139
102360
103026
103963
105554
106163
106522
106616
107413
108998
110288
110331
111404
111649
111725
112420
113842
114146
114490
114987
115529
115566
115579
115830
116511
116528
116911
117037
117119
117496
117925
117970
118026
118242
118957
119408
119514
119904
120172
120604
121078
121437
121940
123139
123717
124768
125768
126138
126510
126555
127165
127174
127219
128793
129341
129787
129844
129889
131054
131251
131458
132244
133046
134440
134543
135063
135259
135767
136603
137050
137102
137907
137945
138392
138486
139979
140253
140703
142170
143001
145950
146093
146389
146598
146799
146843
146931
147100
147383
149033
149671
149975
150089
150282
150461
150968
152283
152357
152820
153228
153632
153746
154475
155024
157927
159381
159981
160445
160629
160950
161554
161565
162270
162757
164446
165959
166129
166281
166758
167478
167481
167942
168104
168531
169945
170520
171401
171452
172427
172484
173096
173785
174607
174868
175601
175711
175829
176067
176239
176949
177920
177973
178655
179131
179771
180033
181266
181810
183551
183985
184017
184160
184166
184342
184364
184895
185117
185328
186254
186262
187081
188075
188457
188759
188777
190046
190698
190807
191841
192218
192289
192363
192965
193549
193597
194460
195133
195147
196382
196434
196554
196906
197173
198259
199108
199760
201370
201604
202092
202245
202610
203210
204302
204418
204418
204698
204884
205416
205421
205569
205755
205760
207071
207690
208148
209082
210055
210238
210348
210385
210887
211214
211702
212216
213482
214495
214979
215130
215166
215339
215509
215871
216865
216999
217535
218435
219604
220217
221176
221238
221336
221863
222393
222988
223554
224314
224393
225326
225519
226279
226295
226432
227117
227247
227866
228146
228572
228929
231087
231521
232461
232513
232762
232829
232906
232993
233138
233198
233466
233838
234219
234422
234546
235490
235934
236439
236649
236698
236770
236856
236870
237379
238037
238329
239523
239739
240618
240924
244093
244539
245060
245191
245432
245821
246064
247335
247839
247868
248035
248084
248100
249388
249456
249749
250427
250591
250856
251021
251094
252263
252436
253360
253444
255033
255118
255238
255425
255466
256098
256627
257181
257393
257589
257593
258098
258635
258885
259050
259140
259368
260180
260490
261008
261883
262788
265562
265641
266899
267116
267353
267752
268048
268807
269070
269622
271425
272808
274192
274685
276313
277209
278254
278919
279068
279102
279757
279813
280917
281331
281816
282056
282217
283052
283101
283428
283927
284243
284498
285261
286203
286302
286927
286983
287167
287439
288035
288170
288323
288879
289402
289419
289749
290998
291353
291666
291706
292193
292219
292303
293416
293796
294505
295629
296226
296334
296562
296848
297185
297858
298311
298456
299021
300120
300747
300982
301334
302350
303922
304636
305117
305144
306152
306924
306934
307212
308031
308405
309478
310213
310244
311116
311304
312971
313303
313516
314078
314344
315078
315354
315388
315686
315769
315955
316279
316283
316728
319744
321261
322095
322309
323480
324773
325506
326380
326971
327656
327805
327904
328134
328503
328611
328875
329250
330998
331320
331921
332501
333308
333390
333873
333933
334513
334804
334906
335546
335945
336623
337187
337735
338063
338118
338779
339807
339820
340950
341495
342002
343010
343534
343984
344882
345283
345674
345695
346347
346399
346800
347236
348398
348398
348450
348496
349192
349274
349993
350711
351083
351246
351460
351746
353663
354084
354906
354909
354967
355481
356517
357307
357372
358219
358335
358767
358776
359076
359294
360301
360483
360708
360793
361872
362010
363883
364462
364642
366257
366324
367282
367868
368394
368904
369216
369819
371007
371164
371495
371507
371651
373091
373551
373625
373792
374433
374518
374929
375259
375516
377021
377311
377803
377914
378065
378282
378731
379113
379303
379464
380191
380407
380515
380665
380812
381433
381554
381925
382638
383287
383461
383632
384345
384388
384624
385390
385490
386431
386581
386706
388631
388784
389104
389130
389269
389930
390046
392383
393044
393250
393609
394073
394168
395350
395381
395922
397287
397561
399409
399587
399779
400603
401102
401102
401208
401284
401543
401966
402655
403063
403422
403630
404453
405993
406577
407909
408760
408801
409876
410121
410207
410614
410643
411469
412494
412930
413508
413724
414865
414946
416658
416868
417168
417605
418002
419176
420205
420982
422234
422665
423077
423508
423529
424444
425678
425908
425988
426736
426960
427826
428289
429467
429956
430332
430678
430690
432001
432612
432616
434126
434255
434966
435114
435881
436203
438286
438853
440810
441728
443171
443206
444622
445191
445222
446299
446946
447430
447556
447766
448583
450157
451118
451122
451384
451789
452042
453300
454187
454204
454306
454462
454697
454754
454827
455201
455838
456205
456225
456692
457126
457149
457355
457355
457360
457444
457768
458280
459183
459427
459996
460242
460515
462542
462817
463215
463264
463840
464111
464495
464593
464718
465118
465176
466320
466595
466886
468449
468737
470020
470189
470203
471224
471897
472361
472469
472548
473382
473587
474439
474486
474564
474661
475211
475299
475383
475963
476064
476262
477080
477325
480067
480635
481268
481595
482467
483293
483393
484861
485228
485518
485695
485784
485789
486287
486552
486689
487023
487158
487513
488049
488320
489366
489404
492210
492380
492478
493774
493945
494237
494542
495519
495698
495785
495978
496627
497034
497884
497908
499216
499789