85
277
560
618
1116
2984
3828
4792
4824
6125
6251
7021
7650
8085
9295
9951
10677
11391
11977
12068
12393
12799
12879
13103
13157
14109
14130
14150
14503
14551
14851
15119
15515
16119
16872
17202
17214
18507
18864
19029
19547
19791
20191
20637
20680
20762
21264
21376
21518
21770
22142
23032
23335
23499
23850
23938
24070
24609
24817
25004
25058
27414
28088
29206
29207
29475
29702
29901
30311
30447
31054
31450
31611
31692
32838
33330
34002
35747
35927
35952
36247
37129
37230
37932
38411
38796
38987
39393
41299
41651
43183
43685
44346
44411
44421
44567
44823
46019
46260
46348
46585
47939
49005
49268
52008
52194
52462
52548
53512
53626
54555
55863
57165
57359
57503
57990
58387
58531
59235
60184
61289
61690
61704
62228
62773
63184
64048
65677
65692
65893
66477
66887
67235
67465
68582
69450
69994
70831
70989
71285
71445
73343
74038
74171
74596
75912
76344
76748
76962
77230
78324
79010
79544
80529
81573
81655
82886
83084
83111
83241
84144
84154
84305
85550
85909
86640
86867
87462
88347
88676
90087
91218
91983
92075
92251
92326
93370
93500
93849
94000
94969
95559
96358
96747
97485
97558
99023
99230
99746
100072
100736
102119
102466
102999
103357
103897
104243
107986
108256
109134
109687
111049
112212
112588
112673
112904
113045
114460
114477
114570
115419
116701
116744
116997
117101
117371
117688
118217
118567
118925
120354
120892
120994
121196
121279
121785
122596
123601
123647
123651
123664
123882
124032
127035
127601
127716
127811
129123
129538
130091
130286
131007
131213
131484
131607
131688
132026
132439
133039
133497
133875
134467
134479
134540
134614
135915
136868
137129
137938
138593
141284
141918
142376
142911
143981
144426
144445
144580
144704
145250
145925
146517
147656
147856
148208
148968
149815
149933
150084
150151
150310
150977
151127
152594
152934
153559
153944
157416
158452
158482
158572
158843
158923
158994
159139
159416
159479
159511
159665
160165
160435
160811
162508
162928
163063
163276
163670
163841
164309
164719
168885
168900
169083
170310
171964
172565
172828
173419
173678
173931
174455
175044
175618
176302
176989
177138
177138
177525
177669
178590
179797
180059
180658
181266
181489
181514
181531
181597
181687
182014
182128
182170
182667
182835
183700
183736
183786
183915
184657
185401
185513
185661
185841
186117
186443
187715
187848
188502
188722
188769
188803
188996
189420
189947
190356
190934
191272
191348
192547
192662
194251
195030
195569
195860
196831
197114
197115
197182
197545
197963
198000
198106
198722
199056
199077
202186
202821
202933
203201
203909
204426
204869
205206
205339
205897
205926
206037
207214
208197
208777
209633
210566
210859
211031
211999
212518
212994
213496
213553
214198
214309
214342
214875
214915
215409
216660
216946
218221
218378
219440
219556
220679
220877
221543
221960
222014
222284
222839
222930
222939
223415
223446
223536
223563
223567
223655
223993
224244
224755
224980
225052
225629
226071
227060
227106
227153
227222
227229
228099
228583
229709
230567
231247
232034
232829
233128
233502
233853
234128
234652
234809
234961
235209
235380
235438
235465
236624
236657
238594
238685
239217
239754
241107
241553
241886
242142
242609
242874
242962
244447
244643
245318
246421
246551
247084
247296
247326
247497
247715
247924
248206
248324
249543
250106
250544
251311
251647
252268
252442
253303
253530
254519
254939
255125
255582
257680
258276
258493
258762
259112
259607
261371
261832
261914
262881
263052
263114
263603
264118
264400
264808
264935
265630
265945
265949
266822
267498
269174
269361
269408
269579
269858
270366
270370
270688
270753
271089
271764
271833
271868
272557
273119
273164
273352
275062
275075
275907
276150
276639
276936
277050
277880
278003
278354
278575
278810
280725
280783
281419
281713
282781
283075
283234
283319
284092
285312
285422
285491
285601
286108
287379
287623
289308
289497
289862
290860
291177
291821
293341
293750
293784
293785
293905
294124
294264
294523
294562
294564
295140
296852
297676
297719
297797
297880
297952
298335
299285
300648
300877
301720
302249
303015
303467
304885
305081
306415
307020
307086
307246
307518
308131
309971
310788
311361
311548
311773
312314
312645
313330
313552
314059
314326
314473
314613
314977
315241
315327
316303
316314
316948
317087
317817
317990
318108
319193
319590
320971
321263
321279
321520
321914
322255
322394
322891
323304
323471
323648
324308
324475
324602
324982
325571
325625
325767
326467
326494
326962
328122
328519
328577
329026
329089
329262
329431
329800
330444
330515
330727
331186
331252
331702
331788
332089
335063
336236
337357
337721
338141
338410
338411
338582
338652
338729
339480
339632
340500
340710
340718
341819
342390
343095
343506
344039
344041
344355
344575
344632
345240
345722
346916
347238
347259
347322
347587
348166
348204
348551
348567
349527
350073
350753
350846
352319
352387
352472
352783
352785
353352
353739
354971
355096
355098
355630
355686
355718
355749
355909
356113
356805
357074
359763
360462
360513
360808
361149
361186
362093
362393
362727
363226
364207
364493
364580
364771
365270
365933
367134
368243
368753
369292
369922
370137
370578
370778
370845
371268
372070
372983
373299
374834
375007
376917
377052
377627
377641
379032
379650
379762
380386
380494
380856
383149
383605
385155
385431
389020
389497
389520
389804
389942
389963
390120
390224
390467
390672
390883
391502
393360
393413
394610
395245
395927
395985
396160
398197
399236
400376
401235
401287
401416
401457
401495
401647
402728
404321
404386
404590
405036
405196
406701
407204
407376
409072
409073
409474
410428
410448
410622
411033
411145
411319
411449
411968
412236
412738
412972
413194
413200
413432
413967
414068
415170
415440
415704
416178
416263
417566
417809
418207
418543
419168
419634
419942
420230
420262
420924
421220
422598
422706
423502
423904
425133
425630
425772
425924
426921
427007
427092
427134
428164
428192
428302
429326
429613
429800
429830
429881
430456
430623
430651
431286
431530
431778
432477
433252
433767
434147
434859
435057
436035
436108
436220
436465
436647
436777
436788
438171
438184
438268
439052
439597
439983
440594
442710
445896
446143
446170
446453
446964
449044
449537
449563
450459
450761
451492
451502
451548
451849
452501
453509
453609
453697
454023
454095
454273
454538
454553
456053
457152
457462
457639
457806
458291
459483
460138
460279
461271
461880
462544
462684
463538
463596
463973
464202
464551
464868
465084
465375
467173
467192
467698
467953
468032
468436
468863
469341
469874
470247
470256
470473
472161
472250
472514
473254
473748
478984
480372
480518
480964
481053
481279
481294
482609
483474
483863
484048
484597
484811
485130
485574
485728
485903
486016
486133
486691
487400
487408
487808
487857
488050
488354
489542
489645
490101
490294
490754
491591
493076
493637
494960
495090
495964
496352
497281
497794
497979
498326
498500
498782
499551