104
288
467
2144
2258
2744
3191
3195
3607
3846
4170
4340
4737
4777
5287
5356
5548
7428
7598
8298
8646
9059
9860
9972
10274
10288
10532
10589
10835
10838
10843
11686
12970
13558
13797
16192
16408
16971
17848
18622
18895
19247
19305
19347
19677
19928
20271
21802
21955
22276
22542
22820
23108
23361
23520
23843
24054
25063
25421
26344
26802
27234
27559
28663
28831
30967
31031
31841
31953
32065
33170
33529
33860
33881
34681
34805
35662
37248
37806
38026
38648
38796
39870
40091
40261
40319
40406
40794
40980
41410
41593
41609
42698
43451
43610
43990
44295
44327
44654
44984
45805
45931
48336
48961
49743
50223
50329
50559
51218
51726
52092
54034
54337
55695
55809
56272
57061
57827
58160
58199
58253
59224
59276
59406
59939
60242
60581
60783
60944
61131
63211
63381
63602
64785
64979
65351
65561
65667
65729
66417
67230
67460
69849
70860
71368
71636
71643
72436
73243
73340
73491
73516
75276
75307
75398
75555
75609
76408
76613
76663
76706
77112
77533
78871
80123
80429
81306
81521
82592
82660
83350
83619
83989
84067
84087
84351
84657
84684
85391
85639
86316
86660
86678
86983
87109
87264
87490
88694
90243
90695
90735
91023
94303
94416
94491
94569
95560
95574
95680
96734
96794
97138
97957
98649
98807
98853
99729
101923
102460
102567
102597
102991
104331
104531
105036
105113
105791
106089
106664
106712
107004
107127
107970
108225
111347
111796
111932
112998
113105
113201
113514
113903
114136
114373
115795
115840
116192
116674
116700
116848
117147
117155
118139
119518
119630
120420
121706
121863
124521
125540
125768
126014
126628
128131
129964
130034
130722
131149
131303
131325
131835
131865
132791
132835
132876
133210
133358
133393
133571
133704
134944
136178
136303
136572
137960
139345
139527
139980
140446
140960
141315
141411
141837
141869
142287
142457
142464
142567
143723
144113
144121
144558
145099
145148
145372
145688
145925
146129
146967
147176
147312
147622
147789
148286
148350
148562
149217
149533
149826
150107
150430
151330
151491
152311
152420
155026
155267
157449
157751
157901
158003
158210
158520
158896
158943
159808
159937
160029
160265
160935
161402
161546
161875
163475
164179
164489
164654
165571
167431
168535
169141
169415
170218
170711
171587
171994
172959
173034
174194
174837
174882
175277
175830
176747
176868
177346
177691
178540
178787
179241
179762
179856
180004
180085
180113
180299
181021
181036
181243
183701
184238
184696
185111
185864
185882
185919
186373
187215
187366
187429
188049
188426
188683
188880
189236
189272
189948
190034
190380
190479
190525
190570
190600
190976
191114
191437
191708
191982
192007
192193
192538
193257
194539
194908
195626
195952
196760
196798
197111
197251
197314
197415
197782
198303
200000
200650
200965
201032
201481
201963
201967
202082
202916
203300
203391
204581
205275
205948
206069
206167
207531
207579
207997
208723
209346
209434
209667
209753
209782
210522
210606
210621
210791
211310
211645
211858
212152
213013
213448
213648
213678
213930
214351
214598
215836
216490
216776
217535
217548
219280
219445
219639
219793
220692
221363
222196
223016
223340
223560
223603
223809
224108
224771
224882
225346
225397
225884
226433
227153
228123
228587
229316
230986
231693
232349
232836
233195
233502
234160
234635
235570
235859
235966
236427
238270
238497
239047
239956
240163
240345
240619
240818
241181
241554
241683
241769
242115
242446
243220
243822
246115
246596
246823
248367
248971
249097
249244
249642
249854
250151
250626
250693
251090
251931
251947
253636
253706
253896
254844
255174
256360
256622
256671
257273
257616
257714
258023
258125
258138
258249
258304
258781
258993
259277
261002
261874
263492
263889
264846
265709
266174
266414
267653
268746
269380
269962
270814
270992
271620
272078
273258
273537
273630
274768
275703
276905
277218
277614
278110
279577
279592
279625
280180
280195
280469
280753
280821
281150
283130
283374
283512
283562
283959
284562
284655
284896
285210
285326
285725
286563
286852
286865
287980
288358
288432
289083
289535
289572
289818
290729
291471
292160
294351
296838
297008
297208
297377
298208
299246
300289
301462
301717
301910
302167
303181
304029
304445
304859
305479
305527
306599
306986
307030
307043
307478
307480
307495
307655
307698
307796
309067
309265
309723
310292
310388
311361
311642
311967
312014
312208
313304
313385
313482
313549
314835
315171
316175
316915
317526
318423
319061
320150
320817
320834
320914
322471
322631
322750
323036
323886
324019
325092
325673
325968
326197
326350
326849
326954
327172
327637
328288
330018
330051
330789
330963
331178
333834
333967
334186
334585
334843
335575
335951
336057
336202
336266
336420
336986
338026
338028
338175
339492
340038
340441
340789
340834
340878
341048
341740
343144
343230
343721
343758
344258
344269
344465
344606
345395
346116
346705
346768
346785
347040
347931
348486
348569
349479
349700
350175
350327
350439
350448
351234
351523
353387
354133
354580
355053
355222
355628
356452
356573
357447
357631
357923
358116
358243
358811
360040
360877
360976
361852
362133
363336
364247
364328
364445
364488
366865
367121
367467
367804
369014
369023
369025
369240
369547
370882
372445
372576
373821
374674
376411
376641
376649
378188
378900
378939
379133
379215
379280
379522
379749
380397
380809
380814
381122
381273
381395
381427
381572
381698
381730
382715
383211
386066
386250
386732
387162
387279
387312
388350
389969
390510
391629
392035
392689
392776
393463
393752
394165
396181
396320
396576
398644
399326
399869
399941
400084
401538
401606
402481
402858
403183
403551
404189
404922
405029
405565
405737
407105
407325
408128
408452
408572
408760
409217
410717
411653
413072
413159
413252
413704
414591
414622
415306
415538
415685
416109
416507
417007
417741
417841
417879
418603
419243
419675
419750
420621
420665
420846
421113
421315
421480
421643
421755
421934
422456
423419
423578
425055
426144
426755
426997
427068
427168
428451
429024
430297
431805
432115
432948
433179
433296
434191
434731
435219
435787
435864
435923
437129
437229
437588
438314
438367
438457
438709
438821
439695
440701
440705
440969
441410
442398
442834
443325
443449
444961
445400
446608
448837
451942
451988
452366
452688
452737
453062
453930
454061
455620
456481
456939
457974
457982
458061
458325
458345
459009
459352
459401
459986
461042
461656
461729
461846
462015
462030
462422
462931
463524
463591
464645
464666
464699
465937
466596
467598
467940
468206
468244
468893
469002
469400
470788
470852
471199
471381
472326
472764
474387
474687
475241
476020
476254
476412
476517
476568
476939
477077
477503
478182
478268
478396
478997
479065
479402
480455
480610
483538
484060
484742
485525
485625
487490
488293
488336
488388
489279
490048
490645
490684
491131
491239
491357
491639
491981
492136
492196
493867
494350
494489
495280
495369
495581
497518
498053
498226
499624
499707
499716