208
662
1827
1985
2434
3426
3515
4025
4390
5611
5910
6638
7119
7220
7368
7462
7707
8017
8087
8508
8813
8976
10324
10464
10665
11236
11458
11842
13047
16111
16149
16982
17420
17490
17518
17989
18323
20703
21827
21903
23621
23653
23680
24270
24316
25049
26270
27248
27444
27655
27772
28592
28640
29395
29801
30285
30590
30637
31207
33008
33490
33696
34590
34707
35012
35232
35770
36254
36256
36465
36920
37073
37147
37544
39629
39771
40129
40452
40888
41029
41720
42254
42797
43359
45204
45449
45484
45923
46114
46912
47242
47505
47912
48616
48804
48848
48888
49081
49870
50146
50533
51007
51416
52609
53262
55094
55418
55684
57081
57224
57723
58023
58802
61114
61837
63363
63666
63927
65348
65471
65489
65635
67426
67691
68287
68601
69384
69397
69774
70191
70524
71183
71357
72758
72815
72925
73617
73784
74281
75222
75857
76278
76690
77217
77638
77896
77944
77981
78233
79395
79660
79837
80686
80754
82569
82807
83982
84529
85054
85065
85363
85648
86745
87315
87790
88730
89397
90492
91117
91700
92198
93516
93525
94169
94687
95103
95157
95683
96426
96585
96893
96907
98511
98913
100104
100361
100417
100668
101301
102684
103169
103266
103911
104702
104938
104945
105031
106166
106285
107635
107855
108353
108606
109607
110781
111377
112415
114032
114394
114823
115925
116463
116916
117815
118071
118085
118589
120647
120962
121024
121259
121417
121466
122080
122626
122813
122932
123021
123107
123201
123434
123458
124933
125313
125743
126117
126319
126842
126915
128362
128427
129276
129977
130271
130507
131718
132130
132280
132502
132515
132554
132680
132922
134105
134782
135330
135520
135574
135672
136446
136726
136734
137026
137556
139121
140033
140316
140614
140668
141335
141343
142019
143298
143486
143771
144241
144485
144931
146367
147199
148158
148652
148868
149077
149627
149811
149983
150062
150481
150590
150979
153084
153211
154125
154941
156196
156606
156813
156836
157065
157192
157289
158062
158301
158343
158599
159298
160041
160288
160414
161506
161611
161652
161974
162569
163998
164038
164589
164971
164999
165368
165876
166531
166826
167226
168383
169147
170361
171623
171661
172666
173111
173644
174879
175212
175667
176842
176882
177237
177516
177606
177615
177651
177743
177876
178147
179920
180412
181046
182027
182097
182338
182631
183031
184071
184408
184448
184515
184626
184956
185332
186226
186477
186781
186892
188028
188272
189014
189258
189425
189771
190148
190317
190692
190700
190757
191058
191431
191753
192138
192438
192706
192898
193557
193855
193877
194040
194065
194690
194772
195628
195739
195998
197045
197581
198842
199718
199798
199978
200237
201560
201821
202193
202225
202456
202656
202870
203011
203080
203178
203598
204818
206205
207936
209436
210173
210465
210908
210909
210972
211756
212125
212180
212242
213036
213453
213622
213808
215056
215565
215800
216181
216298
216541
216750
217234
218475
219710
219743
220086
220143
220484
221688
222092
222408
222548
222848
223021
223093
223219
223405
225108
225159
226391
226431
227117
227654
228167
228386
229076
229080
229517
229972
230086
230103
231029
231268
232609
232817
235448
235731
236174
237040
237641
239542
239764
240406
240561
241633
241907
241932
242315
243015
244019
244105
244453
245159
245457
246345
248508
248661
248744
248831
251044
251646
251893
251933
252410
253156
253341
253384
254005
254260
255809
256008
256101
256664
256723
256806
257072
257364
257398
257913
258714
259019
261299
261456
261566
261805
262227
262569
265033
265329
265995
266579
266991
267055
267180
267488
267710
268048
268957
269009
269510
270086
270590
270895
271224
271659
271718
271954
272238
272269
272309
272605
272971
272986
273101
273408
273499
273572
273892
274364
274888
276662
276882
277278
278324
280254
281266
282045
282140
282386
284947
285350
285482
285969
288006
288307
288542
288667
289394
291195
291365
291573
291963
292555
292917
293137
293989
294934
295446
295449
296073
296328
296512
296996
297127
299362
299593
300290
300439
301139
302242
303871
303875
304290
305144
305494
305785
305863
306649
307348
307716
307780
307801
308760
309642
310750
311114
311421
311836
312163
312432
312501
312600
312774
313014
313751
313785
314059
314690
315211
315283
316803
317239
317282
317355
318197
318234
319572
320178
321109
321306
321500
321591
321712
321713
322101
322158
322882
323089
323904
324484
324992
325246
325300
325451
325491
325849
326095
326700
327244
327504
327826
327846
328121
328635
330198
332705
333339
333372
334230
334567
335209
335342
335352
335934
336963
337484
337752
338062
338295
339107
339153
339316
340539
342605
342774
343319
343603
343606
343987
344633
344944
345003
345751
346126
347284
347395
347688
347962
348594
348765
349631
349799
349819
350128
351006
352069
352550
353469
355234
355345
355699
357123
357400
357774
358256
358548
358745
359125
359878
360778
360839
361014
361174
361495
361663
362645
362946
363768
364024
364702
365103
365131
365334
365753
365836
366018
366086
366284
366305
366866
367231
367505
367536
367608
367918
368513
368999
369099
369729
369822
370403
370539
370571
370665
370788
371049
372132
372515
372544
372846
373021
373359
373436
373635
374632
375006
375247
377086
377662
378250
378258
379571
379658
380087
380370
380665
381525
383094
383777
385736
386107
386181
386345
386416
386607
386667
387466
388440
388456
389025
389192
389689
389856
390517
391168
391854
392606
393429
393452
393621
393847
393921
394545
394755
394756
395493
395517
395539
396909
397006
398038
398489
399195
400506
401604
402296
403501
403585
403610
404225
404370
404954
404995
405350
405999
406281
406430
406614
407304
407845
408683
409118
409939
410347
410732
410867
411590
411599
412645
413606
413887
414076
414291
414468
414688
415275
415659
416568
416641
417130
417842
418431
418510
419652
419660
420060
421941
422400
422904
424274
424565
424676
424730
424825
425096
425432
425496
425734
426958
427253
427319
427502
427603
427859
430169
430760
430819
431255
432568
432791
433418
434085
434555
435131
436128
436446
436517
436622
436870
436943
437469
437849
438129
439059
439376
439887
439890
440430
440486
441242
441657
442588
442888
443648
443851
444930
444962
446564
446763
446900
447486
447862
448007
448415
449830
450934
451827
451894
452427
452722
453628
453664
454598
454607
454909
455344
457038
458213
458875
459105
459430
459617
461082
461120
461689
461963
462315
463253
463654
463704
463992
464368
464549
464905
465174
465382
465890
467365
468645
468732
469032
469494
470563
470691
470701
471031
474000
474279
474521
474601
474725
475591
476887
478002
478907
479262
480533
482091
482104
482310
482674
482714
483862
484100
484313
484334
484438
484671
484823
485181
485373
485618
487095
487624
487669
488309
488543
490354
490568
490867
491495
492040
492729
492851
494290
494375
496541
496566
496894
496984
497282
497567
497799
498037
499367
499560