102
223
472
942
2005
2592
3277
3299
4452
4480
4815
5230
6066
6808
7067
7360
7718
8203
8736
8907
9876
10004
10152
10552
10837
11073
11117
11377
11656
12324
12513
12602
13054
13168
13223
13266
13962
14417
14634
15623
15700
16405
16535
17729
17766
18003
18086
18760
20081
21209
21645
21661
21759
21878
22038
22358
22636
24349
25032
25191
25192
25272
26440
26800
26802
27096
28297
30151
30342
31043
31213
31759
32022
32086
32265
32602
33622
33630
35285
35595
36307
36913
37603
37846
38869
39848
39864
40159
40437
40700
41101
41365
41583
42153
43115
43985
44740
45210
45949
46491
46684
48399
48608
49031
49242
49389
50305
52139
52425
54473
54922
55772
55953
56391
56724
57300
57336
57372
57423
58183
59583
60162
60553
60565
60832
62075
62457
63750
64199
64389
64393
64770
64981
66926
68438
68450
69106
69278
69390
69447
70732
70939
71549
71557
71969
72406
74661
75287
76153
76425
76463
77125
78513
78699
79589
79981
80533
80680
81983
83698
84542
85075
85436
85751
86041
86402
86407
86443
86854
88590
88864
89898
90113
90116
90355
90597
91970
92304
92434
92908
93278
93484
94045
94643
94959
95067
95440
96029
96134
96995
97661
98282
98460
98753
99167
100119
100277
101042
101507
101508
102378
102420
102506
102529
103090
103417
103439
103575
103809
103865
103986
105368
106274
106695
106881
106933
108020
108569
108687
109072
109214
109901
110288
111917
112028
114266
115154
115180
116194
116591
117996
118305
118565
119056
119090
120017
120644
121490
121950
121983
122355
123748
124071
124186
124591
125514
125990
126244
126415
127795
128773
129197
129393
130013
130189
130439
130781
131683
132543
132760
132989
133758
133932
133965
135201
136151
136885
137338
138156
138177
138215
138684
138976
140125
140448
141273
142373
142851
143609
144293
144318
144337
144466
144495
144947
145219
145589
146006
146301
146789
147373
147469
147618
147837
148783
149249
149983
150522
151104
151963
152443
155187
156910
157077
157458
158041
158434
158973
159133
159512
160158
160433
160527
160839
161492
162514
162543
162704
163073
163365
163531
163871
164266
165270
165729
165921
166282
167417
168081
168084
168302
168576
168722
168762
169189
169692
169776
170115
170127
170905
171405
171859
171899
172115
172675
173878
174270
174714
174737
175364
175738
176789
176992
177128
178089
179026
179035
179240
179888
179929
180022
180037
180046
180111
180773
181019
181526
182125
183101
183854
185639
185733
187024
187202
187445
187566
188232
188338
189159
189421
189651
189659
189752
189777
189926
190954
191454
191503
191704
191759
191882
192016
192043
192404
194874
195177
195768
195877
196072
197307
198920
200191
200546
201102
201586
201798
201800
202243
202898
202987
203873
204475
205055
205778
207248
207753
207965
208303
208369
209234
209414
209415
209869
210120
210655
210812
211061
212829
212881
213899
214274
215070
215301
215725
216299
216760
216770
217259
217271
217486
218679
218782
218826
219654
220032
220405
220637
220683
220776
220911
221255
221574
221672
222750
223204
223559
224711
225626
225905
226433
227594
227977
228292
228385
229402
229889
230584
230929
231507
232179
233142
235444
236071
236186
236564
237349
237350
237397
238105
238809
240638
240972
241180
241183
241732
242803
242968
243316
243637
243813
243869
244291
244497
244499
245965
246020
246073
247115
247272
248258
248453
249468
250461
250499
250689
251013
251140
251171
251545
251806
252286
253039
255014
255266
255631
255749
256159
256286
256334
256351
257803
257890
258034
258452
258610
259256
259365
259482
259995
261032
261067
261423
261826
262423
263490
266789
268877
269372
269381
269506
269887
270284
270352
270924
271512
271542
271641
271698
271940
272062
272453
272766
274076
275033
275082
275110
275936
276616
277122
277954
278181
279043
279351
280162
280231
280672
281047
281549
282239
282349
283195
283982
284055
285342
285650
286404
286722
287359
287505
287590
287859
288244
288844
289074
290187
290686
292076
292226
292611
293199
293471
294909
295122
296098
296912
297004
297068
297668
298058
298344
298879
299268
299352
299359
299613
301820
302523
303058
303295
305046
305357
305760
307573
307742
308026
308444
308476
310691
311079
311289
311750
312357
313865
314102
314313
314542
314752
316008
316628
316980
317465
317753
318148
318399
318879
320014
320057
320446
320803
320972
321000
321044
321440
321452
321894
322283
322785
322865
323155
324482
324766
325335
326354
326548
326617
326647
327090
328069
328464
328586
329571
330067
330620
331547
331605
331804
333095
334558
334689
335179
336838
336907
337233
337584
338581
338812
339303
339598
340144
340625
340797
340805
341238
341383
341469
341767
341955
342147
342175
342426
343230
344051
344476
345245
345371
345957
346001
346931
346976
347489
347636
347648
348176
348523
348857
349036
349173
349897
350419
351518
351974
353012
353293
354837
357127
357241
357441
358742
359732
360552
360736
360989
361168
361502
361507
361927
361934
362560
362873
364663
364830
365099
365344
366007
366870
367209
367798
368590
369705
370004
370051
370122
370424
370461
371549
372381
372711
373220
373391
373429
373668
374125
374136
374161
375006
375042
375066
375253
375464
376417
376639
376893
377020
377161
377344
377513
377651
377740
377818
378159
378204
378395
378550
378692
378728
378895
379064
380543
380583
381166
381195
382116
382266
382424
383336
383492
383854
383855
384529
384852
385554
385726
387359
388147
388424
388425
388511
389032
390512
390607
391111
391746
391947
392142
392250
394742
395297
395863
396061
396792
397051
398582
399535
399903
399909
400345
401894
402011
402470
402864
402973
403078
403166
403622
403626
403693
404879
405010
405139
405343
405924
406076
406512
406976
407397
408177
409178
409232
409341
409557
410915
412014
412625
414334
415576
415615
415736
416336
416475
416528
416980
418312
418480
418669
419070
419999
420119
420277
420845
420918
421042
421288
422024
422174
422662
422772
423311
423779
424042
424088
424318
425345
425797
425945
426588
426648
427940
428519
429197
429442
429769
430294
430997
431069
431790
432860
432950
432954
433677
434331
434916
436167
436665
436736
437260
437362
437556
437901
438063
438705
439270
439355
440316
440891
441430
441517
441791
442405
442641
443586
443678
444266
444405
447037
448148
448197
448715
449747
449839
451588
452717
452988
453122
453180
453384
453636
455837
456376
457915
459726
460681
461348
461819
462240
463864
464804
467127
467506
467546
467730
468215
468920
470233
470650
471374
471615
472040
473569
473904
474130
474238
474597
475726
475745
475804
475808
475929
476357
476674
476761
478292
479669
479779
479894
480285
480812
480940
481992
482497
482737
482851
483890
484470
486005
486157
486187
486671
486899
487031
487646
487935
489053
490477
490926
491599
492072
492171
492929
494018
494634
494898
494911
495628
495942
496000
496043
497216
498430
498516
499443