1699
3998
4154
4322
4861
5268
5772
5877
6066
6655
7316
8137
9104
9601
9997
10432
10521
10838
11037
11596
12905
13881
14057
14301
15224
15955
16020
16275
16413
18620
19608
19939
20277
20677
21462
22593
22928
23046
23140
23186
23607
24155
24454
24546
24649
24668
24938
25158
25550
26389
26747
28311
28417
29449
29599
29994
30460
31713
32483
33769
34299
34313
34728
34998
35033
35851
36242
36259
36619
36641
36982
37140
37926
38591
39002
39004
40558
42123
42268
42540
44107
44152
46795
48477
48584
48629
48901
49613
49710
49964
50168
50253
50284
50588
50627
50683
50778
51767
52252
52533
53872
54213
54600
55452
55967
56284
56828
56927
58204
59473
59595
60077
61742
61782
62218
62721
63339
63455
64358
64720
64896
65248
66082
66727
68518
68646
68995
69174
69175
70227
70543
70548
71121
71822
72128
72431
72711
73655
73715
74176
74480
74508
75441
75562
76010
76040
76667
76701
76857
77988
80328
80392
81273
81978
82060
82075
82526
82661
83511
84249
84405
85096
85161
85317
85657
85906
87219
88612
89092
89100
89200
89661
89762
89974
90327
90646
90893
91034
91556
92324
94338
94402
94404
94666
94698
94893
94901
94926
95220
96019
96340
96433
96939
96996
97193
98236
98468
99609
101618
101821
101867
101985
102394
102520
102876
103000
103315
103525
103559
103639
103894
104772
105123
105480
106260
106284
106697
106748
107902
109004
109167
109886
110228
110404
113177
115186
115302
115811
116230
116809
117250
117361
118409
118581
118865
118874
119218
119877
120116
120423
120547
121926
122926
123230
124075
124810
125098
125124
125281
125811
126069
126373
126652
127275
127575
127672
127857
128877
129033
129291
129856
129976
130011
130441
130714
130741
131617
132017
132176
132431
133430
134323
135101
135531
135653
135689
136156
136220
136954
138519
138769
139001
140030
141552
141969
142717
143581
143957
145129
145443
145781
146034
146431
146728
146955
147068
147319
147370
147741
149171
149766
150858
151337
151400
152244
153370
153898
153944
154614
154721
154758
154992
155012
155230
155413
155928
156236
156284
157291
158174
158446
158500
159212
159271
159802
161044
161192
161361
161607
162558
163497
163701
163701
164038
164199
164239
164696
165045
165106
165401
165432
165611
167030
167034
167207
167953
168737
169460
169558
169875
170543
170632
170956
171170
172528
173739
174746
175132
176582
176883
177089
177776
178176
179441
181728
181849
182181
182315
182624
182883
183007
183014
184586
185233
185586
185770
185895
186826
187117
187623
187776
187863
188106
188671
189147
189677
189796
189806
189867
189957
190178
190232
190653
190984
191220
191369
191950
193574
193685
194518
195138
196258
197983
199795
199976
199982
200819
201132
201772
201892
202760
202790
203122
203505
203616
203942
204332
204427
205846
206564
207761
207894
207934
208032
208167
210554
210994
211025
211624
211871
212563
212703
214980
215178
215768
216307
216852
217068
217089
217355
218867
219323
220023
220417
220466
220573
220921
221394
221404
222516
222732
222881
223350
223680
224196
225677
226351
226429
227266
229084
229453
230182
231659
232211
232604
232917
233402
233872
235288
235507
236183
237098
237351
237855
238153
238440
239178
239977
240754
241489
241540
241919
242109
242407
242783
243235
243364
243416
245063
245260
245850
245978
246183
246185
246401
246778
246899
247451
247770
248301
249020
249952
250618
250876
251288
251449
252162
252267
253394
253903
254763
255588
255609
255975
256561
259145
259361
259687
259959
260320
260348
261395
261555
261973
262006
262033
263022
263324
263817
263943
263985
264483
264792
265058
265271
266255
266287
266497
266617
267674
268035
268332
269231
269938
270517
271803
271917
271949
272016
272509
272600
274113
274528
274812
274936
275258
275787
276291
276463
279147
279277
280116
280954
281201
281310
281341
281984
283025
283045
283414
283935
283995
284329
284582
284592
285303
286104
286244
286564
287135
287511
287947
288387
288464
288470
288811
288926
288992
289473
289511
289989
290179
290512
290644
291740
291928
292217
293026
293656
293943
293981
294004
294042
294564
294566
295958
296062
296626
297014
297062
297300
297394
298323
298468
298817
299101
299368
299524
300029
300541
300745
300887
301466
301755
303185
304789
306819
306973
307160
307677
308259
308410
308538
308765
309412
309676
310154
313323
313652
314007
314220
314383
315046
315450
316282
316579
317189
318006
318123
318349
319153
319600
319927
319969
320571
321663
321917
322323
323356
323573
323669
324228
325027
325481
325906
327296
328751
329488
329789
330839
331201
331629
331952
332713
333030
333190
333603
333922
334568
335127
336044
336719
336732
337356
338030
338310
338900
340045
340766
341401
341531
341636
342166
342623
342627
343026
343228
344962
346234
346284
346297
346476
346493
346769
346898
347078
347728
348335
348506
348719
348727
348842
348997
349502
349609
350748
351649
351997
353398
353555
355173
355292
355783
356096
356435
356471
356555
357448
357774
357831
357975
358275
358456
359111
359386
359610
360587
361294
361502
361861
362248
362660
362699
362822
364117
364128
364768
365029
365481
365541
366664
367182
367386
367712
368474
368536
368936
369188
369860
369903
369967
370628
370822
372034
372139
372147
373290
373443
374178
374310
374483
375247
375319
375821
376024
376112
376189
376372
376480
376866
377640
377875
379915
379971
380042
381341
382557
384304
384852
384924
385291
386030
386481
387124
387387
387442
388038
389085
389424
389574
389838
390727
390846
391342
392265
392284
392311
393106
393235
393521
394138
394204
394937
395019
395583
395741
395748
396645
397210
397524
397603
398460
399768
400112
400994
401337
401973
402549
403374
403560
404749
404753
405477
405716
407060
408314
408376
408632
409061
409149
409266
410170
411841
413381
413631
414022
414814
414833
415040
416104
416270
416358
416441
416557
416754
417272
418641
419069
420122
420495
420925
421679
422728
423048
423284
423346
424417
425012
425391
425735
426121
428731
429429
429595
429597
429641
429678
429705
429753
430226
430316
430932
431283
431567
432457
432661
433497
433885
434222
435157
435204
436301
436385
436571
436691
436858
437700
439831
441671
441949
442788
444366
445041
445961
446384
447691
448266
448609
448998
449590
449659
449915
450417
452584
452951
453828
454496
455213
455292
455493
455520
455809
455985
456467
456652
457077
457392
457396
458081
459004
459011
460173
460377
461760
461832
462824
462975
463299
463497
463688
464221
464526
464785
466042
466754
467355
467379
467432
467833
467936
468192
470221
470542
470949
471442
471604
471883
471962
474301
475153
476105
477045
478201
479467
481923
482352
482599
482969
483390
483605
484394
485634
486070
486178
486536
486900
488039
488272
488313
489079
489818
490082
490122
490737
491438
491650
491780
492657
493408
493750
495093
495238
495793
495799
496364
496741
496927
497366
497867
498754