113
399
1258
2091
2347
2698
2879
4387
5408
6055
6965
8129
8955
9037
9534
10409
10636
12274
13362
14494
15383
17264
17477
18997
20016
20185
20328
20548
21005
21562
23043
25104
26581
26641
26857
27449
28746
28885
29100
29290
29454
29731
30628
30929
31193
31475
31817
31864
32097
32576
33416
33487
33563
34029
34213
35519
35719
35758
36614
36684
37525
37539
38330
39152
39908
40118
40908
41380
41586
42308
42579
42624
43371
44441
44769
45390
45500
45847
46001
46090
46182
46858
47236
47497
47766
49224
50246
50507
50816
52236
52799
53215
53559
54494
54656
54734
54851
54897
54959
55700
56333
56364
56381
56818
57623
57807
57967
59294
59676
59716
60583
61205
62167
62189
62793
64174
65178
65254
65348
65483
66020
66243
66392
66678
67145
68585
69254
69452
71122
71770
72344
74407
74443
74996
75249
75293
75589
75990
76850
77510
77533
78284
78409
79388
79425
79471
80452
80962
81047
81132
81421
82133
84255
84290
85618
85911
86148
86172
86572
86899
88151
88646
90173
90973
91267
91462
91537
91660
92290
92294
93032
93173
93186
93574
93698
93752
93980
94025
94376
94555
94558
94988
95038
96270
97272
98197
98284
98307
98407
98645
98769
99084
99128
99501
99558
99888
99901
103542
103557
104196
104220
104973
105412
106027
106087
106133
106354
106677
107581
107677
107867
108132
108971
109318
109584
110877
111366
111587
111622
112397
113280
113556
113703
114415
114712
115339
115366
115717
116070
116472
116588
116735
117071
117199
117506
117564
117696
117874
118404
118519
119230
120149
120163
121156
121197
122099
122805
123060
123191
124162
124541
125800
125883
126422
127421
127690
127703
127799
127831
128514
128573
128765
129007
129365
129914
130021
131102
131927
132036
132720
133700
134212
134343
134772
135077
135367
135407
135797
136270
136654
138648
138920
140581
141365
142669
142910
143064
143203
143288
143343
144022
144362
144684
144711
145864
145974
146477
146640
146921
147639
149125
150726
151388
151630
151927
152618
152837
153106
153154
153495
153620
154433
154570
154588
155091
155437
155535
155597
155655
157447
157613
159740
159784
160549
160737
161708
162170
162212
162706
163791
164167
164762
166202
166454
166549
166637
166973
167339
167510
167772
168155
168226
168617
169030
169138
169424
170090
170838
171350
171620
171761
171832
172828
173158
175341
175607
175716
175907
176269
176809
176838
177077
177122
177399
178118
178459
178997
179063
179137
179601
181321
181526
182205
182606
183282
185241
185478
185830
186105
188215
188442
190097
190133
190275
190489
190926
191046
191324
191659
192961
193019
193223
193325
193976
194663
195729
195947
195958
195959
195991
196075
196751
197150
197160
197600
197873
198395
199197
199432
199774
199920
200171
201141
201157
201272
201454
202219
202286
202788
203249
203367
203772
204545
204668
204972
206082
206213
206229
206277
206502
207697
208043
208074
208420
208421
208541
209565
209589
210253
210455
211447
212073
212097
212188
212398
212712
215734
215978
216267
216392
216676
216695
216901
217943
218124
220399
220741
220747
220895
222795
222980
223067
223311
224401
226134
226269
226793
226835
227260
227393
227477
227575
227923
228810
228811
228869
229690
229741
230652
231727
232026
232101
232424
234100
234253
235226
235352
235813
235924
236110
237121
238435
239048
239451
239866
239978
241685
242288
242415
242957
243841
244564
245423
245485
246732
247082
248912
249086
249332
249711
249877
249919
250214
251057
251857
254318
255382
256088
256333
256341
256618
258525
259010
260113
261536
261581
261878
262313
262750
262859
263050
263709
265409
265488
265565
265720
265730
267264
267992
268340
268531
269075
270302
270608
270730
270760
272245
273913
273954
274328
275175
275719
276095
276203
276596
277539
277712
277991
279286
279351
279572
279591
280296
280961
281243
281330
282199
282478
283557
283726
284423
286495
287471
289013
290802
291090
291156
292155
292325
293005
293144
293166
294265
294370
294768
295282
296886
296903
296927
297039
297192
298159
299203
299318
300024
300950
301289
301748
303179
303556
304169
305022
305142
305288
305436
306138
306868
307057
308051
308126
308527
308727
308893
309222
310276
310306
312131
312521
312687
313430
313873
314057
314566
314784
314790
315131
315578
315967
316168
316461
317098
317401
318004
319105
320657
321386
322849
323146
323687
324997
325191
325194
325262
325271
325465
325546
325563
325842
325911
326034
326589
326736
326766
328234
328609
328949
330099
330916
331331
331494
333642
334109
334410
334956
335045
335083
335185
338945
339119
339710
339888
341160
342027
342116
342359
343466
343543
344222
344362
345145
346194
346791
346800
347567
347581
348239
348527
348624
348985
349242
349430
349759
350226
350400
351857
352597
352993
353178
354459
354798
354922
356069
356338
356852
356888
357829
358037
358041
358119
358559
358601
358786
358987
359769
359770
359856
360990
361107
361115
361477
361528
361615
361655
362230
362532
364295
364307
364528
364847
364859
364904
364957
365096
365685
365964
369365
369628
370121
370495
371452
371711
372029
372081
372494
373115
373331
373760
375354
375981
376855
377275
377458
378145
378177
378228
378923
379888
379961
380145
380255
381830
382126
382385
383574
383864
384589
385514
385920
385945
386261
386390
386530
386569
386639
386648
386777
387350
387483
387579
387593
387836
387900
388036
388484
388932
390248
390483
391709
392212
392281
392325
393964
394029
394245
394431
394998
395816
396038
396444
396832
397257
397353
397679
399667
400149
400235
400828
401302
401348
401459
402162
402284
403339
403548
404732
404941
405762
406314
406557
406700
406874
407520
407722
407818
408347
409750
410231
410431
411389
411988
412248
412484
412567
412838
412946
413697
413796
414014
414078
414357
414478
415353
416541
417201
417425
417644
417657
418495
419098
419529
420083
420257
420808
421062
421465
421481
421514
421923
422455
423082
423261
423979
426060
426154
426676
426951
428256
428582
428738
429521
429575
429855
430285
431283
431454
431473
431735
432072
432206
432769
432799
433578
434440
434705
435578
435586
435608
435886
436411
436850
437993
438798
439153
439238
440160
440271
440775
441255
443612
443850
444480
445393
445526
445573
445681
446764
447396
447492
447873
449188
449219
450213
450268
450309
451010
451637
451678
452440
452494
452572
452793
454126
454573
456235
456264
456425
457342
457575
458008
458202
460599
460892
462443
463118
463352
463539
463927
464103
465795
467211
467492
467556
467780
468255
468445
468555
468615
469620
469797
469982
472546
472785
474845
475296
475301
475806
475963
476277
476733
477403
478117
478727
478993
479139
479507
480022
480085
480709
481350
482487
483306
483787
485624
486286
486463
487436
488028
489344
489655
489860
489963
490230
490526
490891
491056
491682
492086
492219
492371
493545
494401
494779
494953
495590
495655
495693
496405
498680
499610
499950