984
2166
3262
3729
4019
4388
4779
5117
6714
7670
8024
8712
8954
9050
10740
11692
11732
12088
12650
13080
13733
15490
15585
15892
16584
17106
17426
17997
18383
18427
18474
18891
19372
20586
20737
21100
21507
21853
22578
22676
23065
23609
23634
23924
24355
25673
25770
25787
26024
26216
26240
26388
27168
27596
27919
27933
28399
28518
28966
29031
29316
29547
29680
30304
31734
33112
33810
34401
35645
36347
36734
37021
37434
38045
39891
40476
41132
42345
42363
42882
42903
43717
44004
45475
45740
46360
47348
47829
48349
48996
49411
49550
50115
51514
53679
54294
54707
54829
55193
56028
56320
56597
56979
57565
57844
58461
59022
59532
59811
60632
61795
62397
62737
62911
62927
63112
63180
64709
64961
64974
65197
66376
67591
67855
68288
69248
69642
69978
71096
71498
71661
72451
73274
74942
75295
76791
79867
80781
81101
81704
81743
82472
82868
83384
84058
84190
84329
84820
85883
86001
86090
86139
86263
86437
86898
87170
88935
89481
89559
89680
90245
90987
91003
91575
92050
92236
92371
92501
92807
93125
93929
94132
95858
96127
96685
97049
99043
99066
101695
101755
102737
103152
103376
104166
104910
104990
105132
105697
105698
105781
105870
107008
107221
107361
107421
107891
108058
108598
109661
109773
110088
110802
110885
112349
112406
112722
112810
113080
113214
113331
113363
113666
114167
114329
114696
114904
115005
115559
115604
116062
116065
116539
116573
116917
118668
119257
119717
119751
120718
121622
121732
121783
121851
121872
122533
123559
124025
124031
124317
124806
124826
124865
124943
124978
125005
125245
125432
125522
126344
126463
127656
127964
128014
128329
128489
129124
129294
129334
130053
131146
131500
131732
132036
134794
135024
135405
135576
135743
135882
136449
136770
137079
138496
138942
139360
139459
139843
139872
140601
140633
140808
140953
141328
141397
141565
141700
142202
143052
143522
143529
143880
144146
144253
145058
146523
146549
147430
148084
148215
148653
148733
149281
150717
151427
151838
152701
152824
154466
155088
155445
155554
156588
157762
157959
158833
159283
159346
159749
160233
160303
160345
160615
160876
160976
161760
163878
164071
164436
164497
164553
164700
165886
166033
166504
167425
169591
170511
171223
171838
171890
172196
173185
173500
174743
174743
174921
174935
175591
176734
176891
177293
177363
177621
178954
179383
180191
180704
180817
181155
181156
182472
182473
182590
182692
182716
183262
183266
183508
183531
183760
184732
184793
185558
185770
185897
186290
186577
186690
187312
187497
188780
189913
189967
190132
190947
191826
191886
191898
192363
192443
192544
193371
194064
194317
194523
194622
194669
194684
196468
196540
196616
197447
199678
199855
200403
201984
202713
202865
203341
204197
204347
204907
205594
205678
206219
206270
206579
206616
206705
206980
208289
208313
208465
208740
210055
210398
211664
211754
211833
211874
212207
212359
213009
213361
214032
214179
214718
215456
215965
216164
217468
217522
218191
218468
220061
220442
220475
220731
222172
222399
224023
224296
224373
224387
224469
224469
224881
225058
225176
225558
225866
226424
226502
226818
227058
227434
229265
230066
230507
231057
231069
231714
232760
233751
234306
235529
235767
235947
236804
236869
237023
237129
239111
239805
240702
240797
242026
242415
242929
243315
243578
244601
244794
244845
245076
245512
245550
245728
246473
247099
248040
248491
248711
248988
249788
251458
254238
254277
254862
255204
255869
256145
256490
256824
257552
258837
258858
259045
259711
260862
261061
261739
261956
262236
263270
263384
263863
264264
264565
264740
266900
267177
267560
267603
268243
268584
269559
271253
271396
271749
272554
272590
273277
274310
274975
275220
275418
276325
276606
277504
277953
278038
278242
280811
281753
281814
282310
282619
283239
283746
284926
285009
285242
285637
285911
286033
286329
287569
287721
288214
288457
288842
289912
290222
290559
291496
291526
291797
291932
291968
292293
293483
293700
294087
294333
294899
295746
295756
296386
296399
296924
297753
299260
300246
300945
302189
302220
303378
303406
303939
305526
305545
306913
308110
308477
308598
309316
309497
309751
310363
310800
311236
311246
312368
312421
313022
313257
313301
313556
314033
314890
315329
315651
315882
316072
319409
319644
320129
320811
322777
323798
323896
324607
324648
325099
325541
326607
326873
326877
327502
328307
328454
329087
329174
329438
329770
329848
330054
330540
330798
330861
330949
331083
331175
331380
331815
331843
332454
332486
333003
333096
335131
335498
335970
336714
337229
338837
339454
339924
340578
340722
342020
342939
343337
343751
344025
344101
344244
344393
345373
345763
345871
346217
346417
346711
347009
348632
349126
349180
350498
352175
352273
353873
354319
354495
354639
354714
355080
356052
356147
356405
357610
358066
358275
358363
359213
359975
360081
360814
361139
361159
361637
362222
362895
363795
363811
364881
364927
364929
365871
366442
366767
366770
367767
367916
368514
368589
368977
369074
369236
369785
370110
370349
370517
370800
371442
371574
371887
371939
372068
372723
373057
373413
374650
374993
375345
375903
376285
376427
377152
377497
378113
378116
378733
378917
378981
379271
379701
379888
379898
381054
382634
383229
383694
384162
384215
384533
385106
386310
387932
388774
389553
390553
390717
390810
391029
391185
391207
393033
393301
393353
393518
393708
395206
395494
396172
396734
397067
397286
397418
397508
398507
398866
398909
399098
399258
399622
399813
399914
401987
402440
402621
402682
402801
402809
403361
404010
404213
404233
404429
404441
404841
405652
405962
406012
407104
407450
407638
407859
408019
408302
408539
408563
410153
410591
410740
411075
411652
411990
412439
414843
415415
415512
416043
416238
416553
416593
416764
416785
417358
418405
418780
419433
419975
420301
420328
421624
422086
422627
422669
422977
423409
423754
424150
424388
424647
424828
425192
425831
426185
426796
426882
427484
428479
430981
432113
432239
433234
433385
433506
434225
434947
434986
434997
435673
435857
436617
436767
437067
437747
438842
439329
439819
440420
440680
441689
441848
443364
443539
443713
443912
445841
446268
446871
447896
448118
448488
449529
451735
451913
452124
452148
452687
453550
454107
454166
454635
455341
455685
457442
457452
457922
458301
458555
458648
459767
460950
462202
462376
462403
462582
462895
463978
464059
464813
464964
464985
465380
465620
466409
466579
466887
467071
467143
467257
467977
468079
468096
468334
468508
469026
470112
470258
470546
470934
471519
472347
473339
473524
473640
473848
474592
474657
475005
475350
475836
476004
476224
476872
477348
477915
478187
478430
478626
478799
480358
480695
480915
480943
481413
481521
481764
481913
483204
484178
485224
485746
485927
486164
487327
488412
488545
488917
490038
490932
491152
491559
491953
493741
493786
495966
496228
496796
497123
497308
497808
498316
498635
499188
499567