1439
1737
1738
2924
3024
3067
3363
6208
6471
7231
7534
9136
9252
9301
9726
10548
10695
10809
10994
11204
11943
12707
12885
14048
14060
14996
15453
15915
15928
16125
16424
17498
17544
18011
18838
19381
20282
20521
21915
22075
22933
24564
24964
26141
26346
26876
26932
27207
28822
28912
29349
30036
30085
30086
30199
30258
30393
31153
31219
31437
32097
32292
33327
33529
33603
33644
33700
33897
33941
34739
35085
35137
35211
35276
35573
36382
37042
37192
38012
38439
38544
39202
39529
39606
40295
40915
42498
43209
43665
44705
44801
45051
45534
45923
45934
46890
47149
47248
48298
48618
49241
49378
51448
52740
53169
53738
55145
55333
55721
56158
56534
56903
57727
57804
58459
58941
59822
61435
61946
62838
63844
64470
64530
65757
65879
66029
66286
66646
67164
67447
68529
69949
71931
71974
72356
72651
72682
72759
73085
73216
73246
73896
74806
75267
75577
75646
75907
76326
76391
76700
76960
77423
77560
78537
78718
79026
79679
80446
81097
81374
82042
82169
82337
82465
82521
83044
83049
83355
83442
83717
83746
84184
84191
84409
84685
84782
86313
87015
87722
87805
87812
88021
88391
89201
89242
89461
89883
89943
90329
90344
90596
91005
91084
91425
91695
93324
93755
94386
94926
95239
95558
95890
95965
96994
97342
97860
98298
98843
98901
99728
99800
100578
100827
100956
101309
101679
101952
102135
103212
104822
105634
105762
105780
105993
107093
108102
108961
109554
109582
109596
110737
110956
111116
111561
111848
112284
112488
113014
113043
113177
113204
113680
113791
114072
114332
114597
114736
114990
115209
115668
116120
116164
116281
116582
116776
116990
117331
117410
117544
120041
120620
120878
121955
123658
123785
124041
124359
124438
125135
126581
126618
127324
129477
129604
129643
129735
130391
130812
130967
131018
131922
132840
133143
133508
134452
134630
134754
134809
134922
135060
135091
135682
136339
136653
137182
137530
138335
138508
138547
139960
140759
141294
141825
142662
143709
143797
144140
144906
145016
145535
147594
149158
150213
150702
151130
151152
151786
151876
152482
152819
153837
154545
155408
155418
155578
155721
156241
157075
158005
158720
159246
159291
159708
159873
160102
160127
160865
161435
161687
162175
162610
162894
163170
163173
163266
163773
164552
164681
165453
166022
166822
167020
167885
167918
168943
169049
169345
170065
171731
173070
174622
175386
176160
177433
177587
178109
179110
179326
179702
179996
181554
181756
182511
182877
183161
183262
183284
183760
184507
185359
186322
186327
186885
188460
189573
189708
189825
190680
190773
190984
191451
192070
192511
193067
194350
195308
195473
195620
195914
195938
196296
197238
197415
197441
197526
197767
197821
197937
198137
199005
199340
199361
199583
199630
199692
199887
200128
200219
200600
200869
201129
201192
201547
201763
202217
202611
202655
205423
207299
207982
208377
208908
209238
209674
209848
209959
210208
211053
211274
213976
214600
214692
214772
216070
217401
217418
217531
218033
218522
219343
220001
220250
220325
220855
221000
221386
221945
222233
223351
224198
225719
226541
227932
229109
229110
229826
231008
231279
231455
231991
232170
232245
232332
232487
233186
233553
233612
233996
234044
234850
235210
235400
236337
236357
237262
237270
238252
239112
239228
239598
240600
240854
241797
242470
242850
243509
243825
244248
244322
244491
244981
245113
245696
247140
247511
248046
248101
248723
249196
249393
249983
250368
250455
250771
251397
251733
253753
253853
254712
255549
255976
256514
256657
256881
257099
257297
257797
258132
258458
258965
259694
259862
259892
260089
260130
260221
260452
260965
261290
261388
261751
262648
263691
264813
264872
265411
265793
265930
266153
266219
266841
267023
268353
268431
269119
269381
271127
271199
271206
271416
271439
272346
272431
273056
273320
274887
275268
275666
276015
276079
276624
277914
278158
278164
278422
278835
278898
279419
280141
280692
281553
281661
281785
282445
282452
283483
283707
283750
284161
284384
284769
285299
285384
286558
286907
288288
288894
289134
290556
291230
292413
292884
293124
293763
294682
295091
296760
297946
299017
299978
300151
300687
301276
301571
301677
302009
302064
302296
303152
303365
303459
303468
303510
303649
304642
304851
304942
305109
305134
305482
306434
307915
308412
308658
309391
309828
311831
311994
312270
312359
312363
313130
313138
313653
314155
314524
314640
315506
316520
316890
316915
317504
317678
317754
317931
318480
318865
319167
319285
319371
320281
320785
320803
321080
321777
322748
322757
325915
326810
327370
327817
328527
328985
330245
330571
331001
331413
332107
332582
333772
335349
335696
335771
336301
338276
339178
340496
340965
342067
342214
342508
342731
343284
345203
347019
347158
347284
347958
348051
349379
349719
350572
350882
350900
351349
352237
352399
353520
353564
353751
354653
354880
355239
355491
355855
356298
356655
357242
358102
358112
359098
359375
360590
360679
360823
361270
361378
362185
363098
363269
363606
363693
364177
364426
366817
367082
367700
368608
369007
369091
371857
372759
373166
374292
374622
375026
375424
376439
377071
377246
377997
378052
378524
379277
379397
380518
382042
382388
383893
384081
384489
384918
385275
385326
385371
385445
385759
387723
388558
390329
391206
391313
391361
391418
391551
391662
392332
392343
393417
393492
393954
395743
395938
396167
397309
397427
398355
398782
399077
399688
400135
400386
400682
401077
401369
401469
401494
401818
401834
401953
402266
403261
403530
404804
405318
405738
406175
406613
406650
407361
407551
408080
408561
409881
410145
410192
411125
411428
411708
412579
412653
413098
413102
413542
413723
414221
414437
414544
414633
415037
415087
417296
417749
417990
418142
418557
419813
420378
421649
422376
422708
422785
423612
423748
424980
425391
425486
425566
425650
425771
426195
426832
427003
427395
427934
428173
428887
429679
430306
431457
432196
432349
432513
432598
432815
433582
433714
433783
434041
434289
434345
434545
434787
435902
436096
436952
437127
437529
437794
438326
439491
440246
440582
440823
441108
441264
442064
443324
443535
444927
445387
446231
447726
448267
449936
450162
450290
450396
451079
451314
451994
452004
452153
453228
453284
453441
453492
453496
453692
453730
454134
454377
455221
455283
455421
456631
456865
457051
457399
457737
459472
461486
462500
462601
462902
462999
463054
463213
463331
464397
464420
465461
465624
467423
468897
469125
469417
469533
470461
470478
472381
472479
473170
474337
474873
475056
475242
475821
476404
477951
477958
478178
479972
480493
480602
481697
481814
483694
484216
484239
484522
485224
485984
486254
486425
486539
486739
488023
488125
488365
488470
488585
488949
489533
489703
489760
490046
490599
490833
491992
492229
492887
492992
493177
493802
493833
494362
494468
494889
495411
495968
496080
496769
496844
497473
497641
497748
498424
498908
499037