222
1338
1503
2542
3077
4585
5003
5464
6335
6894
7225
7263
7579
8270
9319
9705
10436
11192
11666
11782
12097
12933
13206
13888
14125
14696
15299
15534
15831
16563
16862
17261
17678
19346
19460
19596
19769
20426
20786
21295
23174
24020
24924
25286
26230
26541
26728
28134
28177
28648
28747
28747
28833
29325
29445
29589
29750
29814
30196
30478
30778
32143
33310
33520
33644
33767
34196
34502
34713
35230
37131
37577
37724
37799
38648
39150
40513
40554
40595
40812
41038
41871
42463
42639
42713
42876
43622
43854
45668
46533
47011
47338
48062
48520
49153
49164
49430
49922
51218
51640
51795
51996
52550
52722
53390
54802
55054
55189
55291
55312
55962
56261
56309
56629
57655
58016
58080
58347
58660
58929
59125
59714
60208
60475
60558
61103
61927
63292
63498
63835
64861
65295
65359
66038
66489
67421
67544
67647
68124
68871
69181
71064
71095
72121
72162
73542
74099
74645
75309
76902
79347
79548
79710
80525
81548
82192
82553
82605
82982
83948
84836
85328
85724
85886
85931
86011
86021
86989
87123
87302
87399
87551
88679
89743
89972
90514
91313
91704
91770
91868
91953
92173
92762
93411
94335
94355
94701
94969
95947
96303
96597
97971
98393
99002
99490
100362
100653
101099
101337
102658
102799
102947
103369
104036
104237
104354
104844
105931
106612
107502
107817
108064
108090
108111
108392
108477
108830
108864
109169
109616
109796
110137
110224
111169
111255
112447
112551
113995
114693
115982
116092
116269
116288
116333
116340
116522
117267
117466
118001
118260
118300
118351
118585
119394
119715
120009
122627
122711
122891
122988
123007
123152
123409
123941
124608
124972
126121
126483
126742
128305
128357
129085
129327
130310
130513
131462
131657
132287
132300
132362
132779
132842
133275
133716
134658
134794
135598
136862
136944
137053
137306
137597
138921
138942
139041
139496
140766
141201
141512
142168
142509
142721
143041
143347
143490
144536
144593
145281
145340
145351
145540
145992
146237
146284
146710
146808
146953
147148
148201
148673
149038
149855
149929
150234
150997
152003
152231
153210
153470
154850
155538
156332
156579
156907
156972
157346
157737
157878
158768
159970
160670
160787
161109
161579
162676
163662
163928
164127
164209
164334
164456
164656
164719
165185
165616
165951
166137
166379
166541
167104
167258
168087
168674
168906
168941
169010
169490
170080
170417
171215
172114
173759
173822
175540
175996
176344
177172
177384
177451
177937
178593
178696
178758
180310
180402
181556
181789
181859
182007
182269
182392
184924
184938
184939
185872
185971
186080
186099
186453
186838
187266
187280
187396
187801
188253
191615
191658
191680
191816
193492
194744
195648
197255
199533
199858
201165
201924
202493
202694
205046
206952
207046
208665
209303
210077
210344
210902
210909
211368
211842
212246
212344
212801
212910
214917
215117
215887
216108
216834
217349
217632
217707
218654
219127
219719
220124
220290
220378
221430
221587
221996
223446
223886
224677
225619
225932
225943
226433
226813
228333
228368
228690
228815
229008
229114
229410
229465
230328
230454
230579
230749
231024
231830
233502
234153
234234
234773
235871
237022
237386
237440
237488
237600
237990
238016
240652
241214
241661
242448
244524
244607
245669
246468
248211
248453
249397
249771
250384
250831
251842
252525
253083
253248
254333
254906
255059
255365
255986
257309
258948
259704
260068
260136
261219
261887
262170
262475
263528
263687
264127
264314
264686
266073
266364
266388
266698
267057
268898
269564
269974
270975
271033
271193
272140
272233
274115
274312
274312
274900
276276
276544
277798
278519
279662
281397
281894
282037
282038
282089
282226
282613
283427
283964
285043
285356
285359
285707
285900
286047
286213
286535
287344
287526
287627
287699
287872
287911
288390
289078
289483
289502
289842
289892
291318
291745
293588
294403
295412
295824
296687
297068
297646
297746
297845
297976
298207
298599
298651
298673
299944
300014
300018
300020
301075
301502
302821
303071
303736
303803
304272
304301
304830
304877
305262
305652
305734
305869
306650
307237
307278
307730
308106
309671
310636
310840
310939
311117
311231
312403
312432
312794
312824
313769
313936
314660
314718
316137
316436
318110
318707
318723
319653
319705
320134
320137
321252
321859
322283
322595
322635
322697
322996
323833
324085
324176
324215
324281
324314
324809
325783
326082
326708
326999
327738
327769
328215
328246
328279
330164
330953
331064
331805
332417
332835
333193
333273
333616
333997
334536
335429
335542
335686
335689
335715
336054
336122
337321
337342
338922
338977
339322
340363
340599
340779
341430
341667
341825
342198
342804
343224
343419
343493
343552
344209
344502
344522
344760
345755
346673
346744
347097
347287
347462
347473
347665
347749
348230
348252
349226
349390
349551
352242
352564
352675
353443
353764
355508
356028
356768
357308
357538
358175
359144
359774
360210
360537
361151
361955
362009
362134
362148
362621
363073
363419
363779
364600
365159
365428
365710
366396
367932
368739
368784
369185
369223
369431
369474
369488
369576
369771
370276
370419
371010
371498
372437
372762
372819
373253
374202
374658
374874
375024
375351
375453
375550
375850
376252
376262
376366
377253
378268
378321
380082
380547
380732
380881
381303
382091
383040
383848
384080
384189
384357
384767
384897
384933
385513
386064
386484
389451
390591
390629
391784
392538
392926
393123
394170
394730
395354
395436
395495
396120
396387
396451
396745
397308
398833
399270
399885
400417
400950
401107
401341
401421
401499
402656
402748
402755
403287
404534
404661
404964
405595
406116
406457
406530
406536
406806
407387
407688
408012
408340
410127
410531
412520
414484
415521
415640
416498
416573
417493
417728
417797
417801
419228
419872
420156
420593
420908
420953
423862
424182
424215
424303
424487
425090
425109
425328
426318
426481
427476
427507
428241
428941
429226
430155
431240
431471
431530
431956
432549
433281
434303
434816
434948
435132
437077
437129
437710
437786
438853
439689
439789
439832
440172
440330
441312
441467
441846
441945
442978
443158
444469
444878
445228
445308
445513
445999
446014
446522
446655
446753
447034
447176
447236
448611
449049
449079
449863
451815
452056
452327
452405
452622
453178
453377
454061
454129
454948
456278
456388
456449
459106
459417
459732
459921
460294
461171
461495
462042
462820
462928
463019
464734
465210
465653
465657
465778
466164
466327
466842
468147
468973
469045
469637
469902
470035
470091
470153
470920
471217
471916
472491
474470
474909
475374
475696
475833
476355
476659
476789
476824
477681
477958
478471
478513
479322
479603
480053
480299
480455
480586
480696
480756
481552
481665
482465
482588
483606
483827
484797
485034
485278
485307
486602
486633
487348
487420
489673
490815
492240
493520
493691
493907
494093
494238
495086
495831
496155
496193
496355
497146
497276
498122
498257
498750
499295
499360
499602
499810