382
658
942
1745
2550
2689
2935
3135
3305
3730
4431
4786
4946
5546
6503
6671
6902
7088
7685
7993
8404
8756
9138
9487
10148
11316
11535
11766
12049
12280
12757
12992
13422
14176
14695
15505
15740
16026
16213
16405
17111
17117
17950
18436
18788
19446
19653
20886
21088
21108
21869
22645
23971
24159
25141
25456
26027
26461
26749
26895
27005
27473
27630
28108
28642
28699
29180
29226
29315
29502
31405
31442
31799
32484
32957
33578
33711
34016
34330
35206
36213
36366
36442
36816
36902
36928
37925
38298
38649
38702
39368
39680
39864
40035
42399
42542
42932
43171
43362
43721
44196
44324
44939
47045
47119
47390
48152
48930
49091
49654
49817
51049
51253
52604
52708
53303
53816
55017
55256
55948
56280
56521
56613
56654
56689
57005
57200
57403
57444
58933
60327
60498
60703
61147
61802
62002
62950
63288
63590
63961
64175
64833
65603
65622
65947
66536
66571
67623
67824
68828
69101
69169
69330
70186
70841
71111
71480
71935
72982
74292
74706
74729
74744
75289
76238
76959
77412
77505
78962
79225
79555
79609
80496
81493
81529
81728
83412
83777
83808
84222
84772
85126
85783
86341
86535
87077
87145
87183
87808
88509
88714
89995
90017
90335
90587
90638
90747
90963
91858
92105
94070
95095
95332
95856
96266
97922
98237
99106
99263
100224
100452
100635
100648
100658
101418
102935
103149
103283
104045
104262
105705
106767
106962
107608
108701
109101
109152
109835
112487
112487
113106
113758
113799
114372
114945
115720
115839
115912
116361
116495
118059
118800
119022
119447
119904
121584
122412
122586
123032
123183
123487
123530
123603
124787
124961
125295
125677
125813
126016
126132
126442
126703
126864
126962
127540
127665
127724
128289
128844
129291
129577
129885
130397
130702
130716
131355
133209
133234
133704
133813
133818
135045
135199
135538
136395
136731
137888
138384
138617
139138
139308
139849
140973
141503
141986
142164
142985
144699
144699
144972
145150
145240
145945
146038
146735
147601
148253
148348
149325
150391
150756
151041
152924
152957
153275
154044
154536
154640
155086
156226
156408
157068
157336
157474
157540
158452
159975
160736
161778
162568
162720
162838
163488
163509
163550
163801
164355
164878
165033
165226
165404
166242
166719
166894
167243
167416
169494
170652
172965
173070
173508
174067
174393
174628
175535
176007
176591
179235
180219
180898
181884
182613
182750
183532
183651
184304
184824
186579
187385
188211
188810
189663
190046
190647
191254
191535
191958
192178
192361
194242
195273
195467
195658
197073
198031
198368
198393
198471
198763
199044
199419
199701
200017
200029
200032
200917
201947
202279
202691
203464
203593
203661
203874
203895
203995
205293
206688
207068
207725
208922
209563
209653
209755
209790
209870
210959
211189
211626
212007
212685
212808
212954
214376
214943
216059
216240
217259
217758
220197
220553
220839
221689
221781
221789
221931
222157
222580
223225
223926
223980
224004
224572
224679
224748
225585
225663
225932
226248
226283
226635
226803
227391
227466
227515
227899
228383
228470
228897
230018
230248
230500
230914
231211
232024
232190
232523
232572
232641
232894
233513
235151
235395
236504
237405
238414
238438
238656
238697
239896
240422
240719
240840
242083
242284
243581
243611
243862
244432
244656
246459
246667
247465
247868
248010
248116
248300
248442
248982
249207
249624
249863
249866
251082
251390
252126
252199
252260
252804
253000
253946
254434
255463
255708
256472
257682
257882
258135
258201
258452
260195
260582
260677
261180
261481
261600
261734
261990
262267
262666
262772
263078
263646
263755
264177
264818
265777
265819
266340
266629
267050
267081
267776
268162
269306
270240
271034
271096
271503
272398
272834
275037
275199
275281
275477
275504
276549
277094
277756
280118
280263
281491
281935
282164
282188
282447
282712
282874
282914
283128
283730
283945
284351
284720
285331
285397
285402
285943
286014
287065
287167
287793
288209
288495
288857
288891
288925
289559
290150
290684
291616
292365
293300
294150
294270
294399
296376
297029
297606
298696
299330
299844
300398
300584
300600
300829
300967
301248
301901
302324
302962
303600
304453
304479
304487
304661
306339
306380
306636
306760
307309
309488
309949
310416
310703
310905
312774
312855
314098
314207
314402
314686
315022
315618
315642
316933
317229
317957
318461
319824
321301
321767
321796
322257
322477
322626
323070
323292
323682
324009
324208
324423
324608
324698
325583
325929
325991
327041
327580
327915
328031
328110
328442
328527
329117
330626
331078
331218
331476
332107
332705
333041
333237
333700
333983
334009
334374
334837
335102
335579
335633
335785
337313
337450
337595
338146
338591
338652
339620
340046
340920
340939
341447
341696
341773
343227
343335
343388
344430
345828
346204
346543
347405
348748
349240
349270
349920
351864
352139
352161
352531
352672
352740
353128
353672
353972
356589
356651
356871
357019
358195
358879
359270
359543
360422
360836
360907
361500
361766
362682
363135
364412
367263
367301
367820
368094
368499
369009
369685
369997
370262
370899
370950
371072
371442
371560
371865
372546
373795
374553
374878
375546
375600
376373
376609
376710
377650
378633
378805
379305
379396
380867
381926
382260
382913
383510
384959
385805
385838
385931
386553
388747
389037
389083
389792
389983
391204
391421
392768
392862
393184
393432
395476
396398
396638
396979
397040
397043
397554
397899
397900
398903
399201
399895
400172
400238
400587
400906
401412
401538
402289
402504
402530
403448
403573
404107
404179
404326
405136
405319
405358
405411
405768
406215
406329
406876
407478
407521
407827
408078
408295
408775
409415
410624
410693
410740
411245
412015
412688
412725
413086
413512
416064
416797
416825
416865
416918
418509
419439
419701
420071
420331
421035
421320
421938
422072
422699
423457
424130
425045
425374
426381
426880
427418
427573
428713
429330
429829
430500
430671
431153
432450
433164
433269
433504
433557
433753
434233
434904
435926
436078
437510
437623
437906
438927
438997
439883
439952
441494
441599
441967
442001
442620
442786
443796
443892
444000
444623
444681
445201
445735
445865
446142
446203
446372
446808
447094
448439
449148
449781
449782
450622
450694
450727
451216
451241
451668
452120
452144
452223
452612
453471
454344
454525
456109
456391
457261
458342
459447
459652
460773
461886
462060
462452
462456
462565
462889
464052
464519
465842
467351
468009
468125
468311
468864
469132
469314
469316
469616
469622
469731
469926
470181
470384
471235
471323
471485
471554
472436
472590
473488
474792
475561
475835
476255
476745
476963
478803
478987
479198
479294
481279
481416
482307
482986
483028
484328
484555
484993
486148
487650
488160
488496
488766
489194
489867
491124
491839
491955
492178
492444
493097
493668
493981
494131
494780
494929
495612
495654
496051
496989
497041
497631
497741
498188
498213
498564
499052
499087
499433
499788