581
867
922
1084
1172
1488
2299
3348
4277
4742
5114
5170
6505
6980
8543
8768
8805
9161
9347
10074
10671
11521
11677
11721
12715
13768
13781
13813
14053
14113
15823
18508
18923
19029
19647
19795
21420
22465
22672
24404
25539
26388
27158
27409
27599
28241
28492
29153
30096
30436
30633
30785
31028
31036
34834
35102
35944
36107
36526
36830
36972
38380
39467
39841
41074
41632
41754
42622
42831
42969
43435
44378
44555
44833
45236
46677
47434
47849
48748
48926
50447
50522
51332
51533
51713
52508
52854
52868
54481
54764
56579
57748
59600
60120
60565
60703
62270
62306
62428
63086
63511
63801
64125
64540
65059
65156
66527
67201
67484
67536
67592
68652
69042
69058
69758
69948
70115
71318
71482
72472
72727
72788
73060
73609
73826
74506
74598
74633
75835
75894
76623
76831
78275
78290
78509
78584
79242
79658
79948
79997
80818
81391
82182
82842
83836
84653
84656
85541
85999
86462
86573
86778
86907
88282
88410
88830
88891
88917
89026
89807
90481
90772
90860
91735
92010
92024
92418
92430
92763
93112
93616
95662
96930
98068
98290
99139
99272
100199
100894
100950
101038
101067
101351
101377
103047
104192
104289
104472
104855
104994
106208
106506
106792
106941
107032
107246
107341
107902
109434
110205
110494
111472
111850
111872
112729
112957
114756
115559
115935
116111
116184
117249
117399
118548
118957
119044
119339
120298
120324
120413
123545
123620
124232
124442
124812
125057
125799
125857
126089
126118
126187
126292
126537
126658
127033
127193
128096
128337
128461
129377
130237
131431
132121
132278
132437
132701
133237
134497
135034
135458
136588
136813
137719
138328
138589
138677
138979
139050
139361
139632
140308
140804
140997
142277
144841
144849
145057
145469
145607
145614
145847
146049
146123
147680
148569
148589
149157
149165
149379
150091
150824
151044
151695
152587
153215
153313
153474
154317
155453
155624
155778
155904
155988
156275
156307
156507
156916
156926
156980
157705
158256
158665
158835
159297
160431
160762
161083
161463
162030
162244
162662
163158
163517
164133
164334
166229
166418
166632
166653
166767
166815
167120
167407
167574
169279
170536
171150
171239
172018
172579
172715
173071
174432
174799
175228
175292
176180
176275
176803
177280
177866
178443
178824
178972
179113
181576
182216
183256
183343
183781
183965
184889
184953
185132
185292
185854
185944
186314
186728
187837
188977
189040
189450
190134
191091
191394
191667
191724
192602
193049
193843
193943
194051
194232
194391
195258
196343
196633
197428
198877
198883
198964
198993
199483
199890
200091
200286
200379
200494
200979
201156
201421
201937
202591
202849
203261
203557
204485
204505
204763
205741
206506
207428
207629
207708
208246
208814
208914
210998
211055
211438
211522
212618
213035
213212
213347
213643
215320
216042
216150
216364
217370
219409
219545
221578
221649
222092
222405
223856
224373
224582
225362
225621
227390
227469
227626
228096
228405
229053
229238
229387
229667
230357
231211
231326
231578
231642
232116
232682
233793
233816
233892
234636
235063
235152
235629
236447
236547
236692
236917
237600
238201
238879
239641
239660
239938
240729
240865
241053
241348
241448
241959
242536
244549
245726
246844
247428
247689
247779
248222
249995
251080
252442
253039
253219
253625
253921
254109
254266
255371
257955
258159
259966
260228
260278
260869
261486
261701
261778
261835
262424
262693
262914
263270
263423
263938
263957
264066
264659
264723
265803
266251
266360
267167
267171
267821
268020
268111
268174
268548
268662
269437
269732
269842
270117
270174
270269
270325
270596
270752
271156
271886
272283
272292
272923
272943
273329
273979
274486
274497
274790
274915
276148
276591
276790
277031
278659
279833
280432
280473
280857
280932
281395
281827
282012
282329
283638
283686
283819
283986
284166
284341
284942
286059
286941
287138
287160
287341
287346
287571
287744
287822
288362
288459
289205
290180
290298
290326
290761
291373
291818
291944
292713
293285
293801
294587
294639
294666
294849
295411
295988
296350
296801
296828
296884
297114
297420
297503
299267
299279
299410
299939
299998
301673
301952
302281
302295
302761
302861
304854
306610
306879
307040
307847
308734
309438
310029
310072
310301
310887
311085
311206
311403
311558
312126
312473
313084
313409
313786
314075
315609
315723
316034
316326
316958
317717
318208
318713
318775
319365
319572
320549
322728
323347
324342
324740
325784
325949
326423
326846
327313
327343
328474
328824
329719
329844
329860
330225
330691
330712
330865
331361
331715
331981
332014
332101
333526
333817
334137
334470
334479
334595
336246
336479
336945
337400
337790
338330
339167
339453
340411
340667
340790
343288
343290
343410
343761
343851
344893
345176
345209
345418
345645
346246
346751
346870
347427
347493
348337
349035
349040
349999
350195
350692
350851
351161
351794
351871
353527
353699
354170
354282
354812
355093
355278
355417
355467
355836
356049
356287
356404
358742
358984
359954
360615
360665
362356
362375
362424
362465
363000
366274
366577
367313
367335
368131
368449
369427
369481
370465
371259
372415
372812
372993
373302
373840
374259
374407
374425
374437
374583
375243
375445
375950
376194
376644
377870
378699
379020
379097
379588
380572
381725
381790
381930
381961
382166
384387
385019
385470
385511
386065
386067
386902
387063
387273
387687
388090
389064
389160
389525
389917
391762
391862
391886
392212
392695
393262
394784
396169
396264
396744
397081
398258
398361
398493
398765
399016
399281
399650
400016
400597
400869
402886
402994
403913
404576
406499
406533
406825
407923
408001
408002
408377
408792
408915
409716
410062
410502
410533
411106
411293
411889
413658
414790
415170
416618
418098
418432
418636
419494
419867
420669
421290
422256
422553
422704
422711
424106
424240
425499
425915
426495
426917
428375
428893
428997
429862
430383
430857
431023
431524
432548
433454
435099
435705
435932
436245
436257
436263
437336
437456
437473
438707
438851
438875
440388
441417
441462
441611
442727
442999
444006
444202
444251
444325
445056
445259
445318
446177
446463
447447
447557
447686
448000
448819
449009
449543
449600
450711
450718
450820
451043
451956
454835
455015
455373
455648
455726
456616
456776
457730
457964
458346
459016
459857
460238
460515
460776
460797
460910
461361
461417
461916
462252
462295
463955
465320
465526
465607
466401
466550
466700
467260
467277
467672
467903
468372
468438
469671
469848
470101
470331
470446
471011
471460
471706
471752
472704
472797
472897
472942
473246
474126
474251
474622
474755
474778
477354
477859
478069
478132
478549
478890
479138
479601
481507
481800
482094
483378
483503
483554
484070
484231
484518
485022
485209
485477
485631
486816
488016
488607
489129
489354
490936
491847
492187
492490
492628
492947
492966
493074
493422
493553
494914
495479
495496
495773
496368
496537
497150
497673
497676
497707
498786
499511
499742
499765
499821
499831