278
697
897
1680
1948
2133
2188
2914
2956
3319
3796
4605
5381
7857
9093
9926
10373
10579
10855
11419
11605
11983
12180
14440
15080
15329
15349
15592
15713
16478
17562
18299
18646
19601
19828
20033
20995
21609
22824
22970
23236
23650
23896
25040
25910
28593
29091
29140
29359
30052
30619
30747
30839
31607
31925
32051
33384
33639
34314
35016
35461
35774
35935
36043
36118
37024
37148
37255
37503
37752
37757
38795
39034
39166
39479
39688
39830
39837
39978
40488
40726
40814
40921
41270
41947
42559
42873
43438
43722
43827
44052
44847
45064
45067
45205
45669
45820
45995
47776
48681
48947
49879
50197
50374
50673
51366
52031
52624
52689
52847
53467
53757
53988
54024
57638
57739
57987
58183
58461
58595
58701
58816
60448
60724
60880
61267
61506
61982
63890
64287
64660
64666
65023
65141
65356
65778
66534
67156
67564
68203
68204
68224
68406
68644
69182
69889
70276
70759
71287
71455
71520
71983
72147
72166
72381
72879
73173
74418
76738
77630
77933
78003
78066
78988
79308
79643
80523
81863
82908
83494
83887
84109
84273
84685
84715
84963
85489
85695
85786
86382
86407
87031
87468
87943
88138
89118
89447
89889
90348
91373
92261
93193
94819
95753
96302
96795
97460
98224
98725
98792
99087
99821
100143
100976
101924
102167
102697
102759
102972
103671
103826
104300
104844
105748
106984
107009
107325
108025
108233
108929
109122
109428
110950
112722
112792
113591
113976
114457
114465
115193
115960
115995
116050
117363
118586
119769
119968
120496
120525
121414
121660
122774
123987
124054
124765
124814
125024
126147
128108
128164
128169
128279
128280
128558
129576
129679
130847
132724
134083
134481
134595
134797
135222
135524
135708
135995
136176
136223
136310
136452
136588
136760
136827
137676
138839
138901
139248
139496
139981
140753
140840
141206
141690
142392
142541
143133
143158
143566
143682
143977
144573
144798
144980
145450
147320
147476
147599
147749
148269
148814
149051
149210
149438
149954
150877
151137
151720
151724
151842
151999
153227
153524
153737
154077
154241
154539
154728
155164
155402
156148
156843
157209
157584
157635
158009
158582
159559
159974
161286
161506
161730
162342
162422
163058
164375
164618
164633
165318
166772
166887
168042
168390
168730
168970
169389
169640
169659
169978
170047
171106
172023
172751
173037
176112
176773
177250
180171
180605
181226
181549
182982
183799
183902
184182
184665
184737
184893
185096
185346
185713
186699
187063
187279
187412
187975
188132
188177
189132
189185
189280
189323
189484
189956
191120
191168
191969
192085
192500
192920
193435
193724
194240
194477
196124
197001
197094
197438
197667
198000
198016
198208
198493
199192
199694
199979
200759
201734
202624
202813
203484
203882
204202
205067
205139
207322
207569
208427
208752
209449
210399
210479
210704
210815
211093
211098
212094
213398
213434
213636
214348
214366
215266
215800
215915
215973
216273
216703
218023
218066
218431
218951
220147
220346
220591
222926
223972
225395
225761
226400
226445
226718
226766
226818
227259
227766
228060
228168
228243
228260
228547
229011
230225
231935
231945
232433
232618
232651
233322
233437
233526
233563
235110
235594
235917
236514
236976
237347
240978
242917
243028
243176
243613
244103
244902
244933
245174
245879
246340
247146
249059
249523
249601
249897
249909
250035
250397
250724
251733
251994
252074
252176
253008
253461
253486
254997
255164
255747
255779
255811
256072
256412
256988
257621
257695
258380
258936
259094
259133
259673
259861
260100
261123
261434
262856
264418
264487
264743
265475
265759
266312
268034
268167
268702
268791
269769
271681
271775
272041
272326
273313
273399
273503
274004
275075
275717
276109
276617
277325
277393
277640
278233
279303
279935
280140
280181
280799
281354
281487
281744
281846
282248
282261
282533
282622
282905
283889
284047
284397
284618
284914
285147
285764
285845
285901
285908
285929
287342
287423
287703
288481
290054
290563
291250
292086
292092
293651
293743
294896
295086
295218
295359
295564
296118
297240
297264
297515
297771
297843
298496
298518
298658
299380
299547
299682
301038
301150
301397
302049
302426
303554
304210
305261
305716
306693
307244
309391
309555
310206
310325
310624
311161
311793
311983
312708
312854
313035
314793
314992
315168
315338
315864
316705
316961
318095
319091
319166
320115
321561
322478
322555
322676
322890
323575
324206
324681
325356
325358
326189
327435
328562
328819
328864
328879
328944
329114
329786
330296
330524
330927
331848
331900
332178
332350
333117
333625
334451
335885
335899
336710
337130
338849
338856
339324
339430
339542
340246
341037
341046
341428
341828
341871
342232
343466
343473
343506
343705
344814
344969
345411
345862
346128
346997
347418
347896
348143
348203
348860
349287
349461
349930
351756
351761
352085
352243
352755
353144
353344
353587
353847
354040
355317
355867
356755
356926
357143
357149
357390
357924
358178
358425
358855
360684
360872
360894
362948
363691
364512
364895
367063
367282
367496
368548
369398
369969
370113
370123
370304
370323
371258
372415
373469
375802
375831
375984
376240
376283
377148
377283
377306
378139
378210
380101
380717
381160
382131
383405
383625
383843
384421
387068
387703
387737
387812
387872
388017
388312
388652
388920
389401
389498
390644
390977
391974
393179
394338
394582
394691
395289
395350
395836
396029
396152
396899
397613
398120
398429
399341
399352
400047
400108
400517
400734
400853
400910
401558
401937
401978
402098
404354
404417
404560
404743
404818
405401
406074
406247
406815
407280
407777
408582
408737
409118
409786
410067
410668
411053
412632
413139
413159
413178
413597
413925
414597
416131
417159
417607
420223
420510
420516
420610
420748
420781
420877
421062
421354
421587
421746
421838
421984
422336
424424
424519
425857
426587
428016
428534
429593
429851
430344
430661
431205
432105
432148
432184
432922
433094
433287
433969
434775
434964
435394
435944
436415
436438
436512
436698
437202
437283
437943
440313
440582
440677
440685
441379
441884
442240
442382
442888
443186
443530
444757
444913
445363
446417
446757
446968
447629
447837
448050
448307
449698
449746
450376
451734
452007
452146
453244
453424
454094
454218
454371
454631
456071
456266
457776
458150
458759
460924
461940
462257
463769
464955
465108
465472
466040
466159
466587
467661
469889
469983
470072
470473
470959
472038
472078
472125
472272
472337
472409
472416
472850
472860
472863
472924
473490
473933
473946
473995
475951
476518
477191
477732
478014
478050
478108
478593
479235
479979
480838
481346
481520
481800
482026
482950
483458
483718
483894
484082
484244
484593
484868
484937
485615
485710
487085
487259
487774
488202
488348
488457
488530
488873
489396
489648
490312
491271
491338
492113
493205
493666
493937
494306
495057
495233
495693
496054
496058
496132
496863
497093
497126
497193
497489
497692
497841
498505
498681
498757
499280
499639