3
15
244
431
998
1850
2104
2115
2506
2559
3448
3949
3968
4145
5347
6821
6866
6912
8047
8984
9052
9750
10913
11415
11434
11757
13207
13396
13783
14267
14510
15134
15411
16023
16161
16478
16504
16947
17083
17117
17711
18469
20209
20562
20754
20873
21319
21946
22245
22624
22785
22906
23178
23660
25187
25208
25514
25811
26005
27161
27201
27657
27719
27880
28043
28426
28473
28786
29984
31322
31402
32288
32533
32666
34927
35015
36032
36700
38477
38954
39004
39542
39962
40232
41390
42814
42824
43064
43097
44058
44528
45102
45359
45642
46089
47189
47710
48590
49442
50300
50346
50639
51033
51238
51327
52232
52757
53206
54440
55030
55409
55944
56319
57172
58228
58750
58917
60151
60562
60621
61798
62672
63234
64167
64435
64741
64776
65320
65938
66410
66791
67107
67479
67582
67772
69197
69490
71831
71991
72557
73013
73793
73973
74092
74355
74518
76052
76067
76894
76991
77141
78512
78711
78846
78963
79290
79854
81101
81592
81629
83261
84304
85422
85600
85698
86208
86338
86598
86677
87609
88156
88422
89400
89545
89740
89763
89994
90907
90958
91356
91712
92866
92890
93777
94169
95314
95452
96124
96364
96406
96946
97616
97883
99106
100278
100445
100645
100859
101110
101746
103390
103529
103741
104992
105666
108413
110966
111346
112340
113892
114347
114731
114779
115026
115174
116090
116112
117298
117312
117841
118319
118466
119097
119227
119451
119544
119689
121062
122821
123334
123996
124181
126702
127998
128242
129160
129610
130843
132318
132325
132470
132541
132793
133318
133501
134817
135072
135377
135454
135610
138021
138381
138448
138853
140185
140395
141076
141087
141491
141708
141737
142951
143034
143229
143361
143472
143509
143600
143983
144152
144607
145050
145302
145372
145902
146092
146136
147145
148279
149207
150845
151100
151664
152214
152836
153472
153639
154028
154974
155136
157050
157672
158073
159640
159815
160743
161306
161499
161533
161710
162306
162957
163198
163818
164831
165349
165437
165856
166693
166759
167151
168019
168143
168552
168679
168851
169317
169982
170212
170394
171785
171893
172239
172672
172930
173078
173102
173460
174202
174741
175110
175283
176323
177235
177831
178314
178328
178656
178946
179874
180305
180580
180851
180878
181124
182422
182782
183557
184864
185271
185765
185837
185853
186208
186686
187572
188085
188769
189058
189735
189950
190783
191511
191783
192246
193160
193271
193476
193956
194027
194528
194584
194816
195499
195701
196284
197385
197634
198308
198644
199722
200969
201484
201693
201893
201913
202104
203093
203560
203840
204127
205175
205426
205548
205703
205870
206153
206303
206385
206629
206775
207833
208064
208778
209356
209794
210138
211092
211724
212079
212492
213076
213466
213540
213843
213884
214480
214841
215107
215364
215385
216234
216494
216733
216862
217268
217689
218298
218622
218899
219088
219345
220008
220034
220179
221564
222261
222499
223201
223697
225308
225542
225814
226174
226335
226449
226543
226800
227834
227848
228503
228811
229746
230637
231130
231294
231903
231937
231996
233163
233242
233688
233785
234300
234365
234539
234562
235113
235524
236439
236651
237540
237544
239053
240166
240948
241039
242055
242806
243524
244512
245598
245922
245925
246088
246922
247608
248033
248440
249361
249427
249441
250432
250488
251012
251163
251814
253158
253300
254746
254768
255674
256040
256497
256946
257251
258031
259286
259423
260686
261063
261241
261451
261484
261663
263826
264515
264602
265496
265981
266163
266327
266565
267641
268653
268716
268979
269184
269460
270187
270479
270870
271518
271586
271589
271875
271974
273576
273619
275446
275484
275673
275722
275996
276527
276817
278770
279101
279525
280427
280739
280812
281450
281453
281480
282390
282567
283913
284700
284817
288155
288603
289058
289256
289291
289381
289563
289797
290351
291002
291019
291193
292097
292336
294109
294555
295337
295722
296608
296737
296792
297038
297510
297520
298171
298795
299308
299910
299974
300204
300510
300886
301178
301498
302324
302796
303919
304016
304369
305557
305759
306252
306769
306950
307383
307748
307985
308633
309488
310153
310264
310796
310890
310957
311123
311157
311569
312081
312173
312201
312278
312933
313133
314651
315205
316776
317311
317755
318363
318516
318965
321149
321253
321391
322368
322517
322925
322942
323550
324443
324751
324932
325071
325929
326038
326042
326561
326853
326899
327222
327582
328276
328817
329527
329972
331081
331085
331411
331672
333194
333745
333782
333962
334182
335288
336106
336144
336228
336396
336601
337680
338437
338926
338980
339029
339089
339405
339594
340437
340734
341446
343599
344311
344480
344487
345078
345568
345677
346084
346122
346472
346476
348429
348486
348812
348916
349385
349677
350360
351693
352204
352340
352492
352701
352795
352956
353612
354045
354391
355097
355881
356777
358006
358380
358622
358668
358800
359499
360706
360825
360997
361440
361958
362213
362873
364119
365091
365858
365906
366389
367181
367632
368312
368903
369155
370937
371620
371805
372080
372364
372770
373021
373023
373356
373822
374779
374928
375909
375937
376314
377018
378177
379092
379820
379878
380722
380853
384203
384373
384848
385270
385374
386168
386210
386462
387206
387395
387966
387982
388045
388378
389256
390134
390383
391331
392347
392358
393196
393633
394049
394926
395364
395658
395955
396902
396915
397888
398255
398406
398564
399369
399654
400186
400403
400629
401074
401938
402020
402393
403461
403558
403943
404010
404336
404450
404623
404695
404889
405147
406067
407252
407398
407724
407911
408205
408312
408728
410095
411696
412449
412614
412704
412895
414213
416099
416459
416943
417610
418611
418992
419113
420580
420919
420971
421339
421924
422243
422739
423036
423437
423584
423693
423767
424295
424342
424402
424778
425160
425316
425719
425915
426224
426700
427651
427961
428169
428555
428943
429540
429747
429974
430075
430771
431308
431717
431901
432049
432553
432749
433367
434277
434777
434933
435204
435584
436558
436753
436800
437186
437196
437664
437995
438745
439387
439608
440236
440454
441050
441152
441343
441670
442760
442860
443077
444345
444436
445575
445997
446819
447323
448477
448534
448980
450256
450637
451605
451642
452560
452609
453985
454085
454353
454474
454729
454860
455382
458716
458819
460337
460369
460772
461469
463836
463992
464409
465127
465270
465688
465791
466068
467308
467345
467445
467486
467705
468234
468447
469096
469360
469551
470441
470605
471085
471173
471601
471732
471799
471958
473413
473788
473942
473984
474708
474807
475205
475788
475843
476085
477152
477466
477714
477922
478067
478580
478812
478892
479223
479782
480488
481704
482042
482289
484469
484854
486061
486426
486565
486584
486996
487052
487494
487535
487679
487909
488122
488617
488701
488710
489230
490517
491610
492270
493013
494203
494316
495260
495768
496822
497243
498702