868
1746
2356
3553
4556
4741
5371
5776
5914
6039
6900
7309
9304
9919
10381
10628
11088
11109
11205
11270
11856
11943
12167
12386
12922
13098
13649
13740
14109
14334
14421
14774
15925
16051
17041
17080
17170
17345
17574
18953
18969
21405
21964
22068
22260
23233
23543
23923
24396
24468
25202
25406
25708
25916
25921
26142
26343
26449
27984
28030
28675
29623
30154
30524
31392
31589
31646
31792
32229
32532
33000
33573
33574
34526
34874
36411
36577
36682
36914
37027
37283
37518
39571
40670
41754
42262
42304
42435
42593
43125
43781
44633
44668
44937
45191
45357
45779
46673
46770
48229
49190
49896
50886
51924
52469
52639
52656
53592
54968
57330
57557
58679
58689
59052
60373
60730
61070
61277
64167
64989
65005
65711
66434
67013
67070
67226
67732
67938
68326
68584
69212
69645
69711
70331
70611
70747
71010
71444
71477
71800
73057
73520
73829
74108
74655
74726
75493
76318
76780
77062
77075
77595
77810
77864
78033
78155
78399
78492
78795
78975
79014
79184
79603
80402
80627
80735
80762
81428
81486
81647
81780
82886
82983
83599
84098
84101
84801
84858
84894
85017
85311
85570
86700
86712
86764
86780
87243
88643
88643
89117
89143
89779
90289
92040
92340
93193
93429
94228
94548
94589
95094
95903
96639
97834
97918
97924
99429
100758
101120
102044
102816
105037
105844
106352
106685
107029
107247
109501
109619
109745
110242
110279
110880
110936
111086
111611
111750
111961
112188
112610
113257
113311
115718
117939
118928
118962
119929
121764
121952
121979
123041
124394
124426
124481
124943
125213
125781
126079
126446
126446
126688
127336
127453
128476
128748
129089
129428
129961
130069
130117
130211
131834
132600
132679
134203
134684
134782
134817
135287
135405
135408
135491
136016
137888
138478
138753
139495
140307
141088
141143
141256
141363
141507
142972
143089
143242
143810
144343
145826
145877
147572
147815
148948
149331
149814
149942
151096
151475
151741
152614
152696
153592
153830
153835
154067
156235
156544
156663
157719
158139
158213
158761
159130
160050
161480
161555
162025
162471
163446
163464
164519
164843
164872
165946
167729
167949
169034
170572
170720
171189
171532
172082
172618
173211
173375
173402
174104
174468
174790
175070
175215
175770
175907
176164
177490
177647
177988
178361
178834
179235
179410
179836
180422
180612
181133
181473
182269
182401
182610
182639
183393
183867
184105
185429
186508
186773
188221
189003
189293
190418
190789
190851
191090
191304
191441
191940
191944
191960
192632
193249
193343
194522
196200
197433
197531
200395
201074
201378
202591
202646
202736
203178
203474
203956
205135
205428
205548
206428
206653
208198
208811
209416
209526
210124
210584
210757
211375
211385
211546
211976
212401
212460
212495
212853
212948
215198
215713
216917
217698
217894
218106
218416
218808
219234
219271
219501
221026
221531
221733
222722
222931
223199
223300
223599
224003
224144
224418
224432
224572
224613
224922
225102
225464
225568
225880
226287
226571
226669
227425
227881
228987
229051
229092
229550
230042
230760
231440
232230
234517
236129
236453
237622
237754
238952
239010
239055
239086
240459
240613
240617
241175
242024
242706
243070
243541
243682
243925
244352
244721
245077
245510
245529
246480
247327
249107
249798
250567
250888
250911
252080
253271
253874
253920
255449
255530
255775
256747
257017
257168
257201
257287
259458
259464
259494
259611
259801
260217
260356
261167
261652
261899
263215
263417
263775
264671
265711
265959
266324
266433
266602
268072
269511
270825
270831
272022
272482
274123
274830
275010
275104
275203
276462
277239
277290
277533
277626
278705
280712
280971
282134
283221
283541
284690
285678
285929
286940
287056
287250
287341
287603
287756
288339
288491
288799
288970
289089
289193
289467
290664
291305
292192
292523
293832
293882
296306
297326
297622
298093
298104
298126
298971
298993
299071
299315
299553
300072
300395
302669
303388
304534
304689
306186
306483
306635
306650
307087
308987
309331
309685
309980
310114
310169
310610
310827
311059
311106
311232
311426
311774
312357
312548
312551
312920
313420
313451
313990
314177
314723
314843
314865
315246
315306
316050
316961
317101
317619
317966
318537
319847
320164
320352
321116
321119
321323
321486
321711
322783
323369
323727
324834
325023
325866
325868
328062
328238
328264
328353
328706
329410
329794
329922
330093
330124
331173
332562
332653
333143
333811
335409
335782
336359
336583
336710
336925
337180
337804
337866
338185
338221
338421
338830
339464
339918
340795
341045
341732
342267
342979
342994
343475
343521
343584
343723
343980
344302
345238
345988
347322
347462
347613
347920
348129
348131
348336
348475
348601
348993
349075
349176
349325
351433
352202
352640
352824
353148
353316
353365
353918
354241
354537
356060
356175
356248
356267
356490
356676
356828
357327
357360
357877
358348
359166
359271
359438
359965
360067
360397
360399
360855
360873
361319
362031
362423
362482
362643
362836
363004
363302
363571
363937
365019
365722
365842
366694
367190
368869
368998
370205
370283
370974
371418
372079
372432
373362
373402
373403
373979
374492
374951
375533
375843
375911
376420
376662
378364
378535
379057
379388
379865
379903
379984
380166
380249
380429
380552
381554
382026
382261
383239
383634
385622
385778
386927
387153
388433
388524
389421
389452
389898
390685
390765
390899
390925
391102
391962
392386
392699
393270
393828
393894
394646
395248
395259
396107
397664
397923
397939
398267
398339
398498
399818
400916
401763
402060
402978
403051
404390
405525
407170
407444
407858
407957
408180
409323
409871
410252
411720
412333
412637
413097
413346
413444
413885
414563
414723
414805
415268
415762
417031
417401
417538
417741
417809
417914
418429
418792
419401
420335
420890
421537
421551
421672
421880
422153
424923
425419
425460
427091
427221
427628
428068
428296
428467
429159
429310
430749
430875
431205
431290
433000
434518
434556
435635
436451
436630
437124
437133
438972
439077
439511
441323
441413
441875
442867
443280
443410
443622
444145
444254
444325
444698
445596
445771
446001
446410
447216
447434
447505
448596
450047
450829
450890
451095
452069
453229
453306
453708
453902
454408
454430
454666
454980
455417
455583
455939
456183
456236
456696
457057
457983
458091
459418
460881
461370
461384
461486
462205
462241
462294
462598
463922
465160
465659
465825
465893
465944
466067
466744
466994
467210
467275
467337
467507
468041
468225
468716
469057
469367
469570
470395
470417
470606
471560
471868
472245
472740
472964
473487
474007
474188
475002
475226
475232
476522
476956
477459
477496
477661
478310
478370
479079
480155
480396
480454
480850
480881
481121
481431
481949
482307
482537
483172
483986
484284
484918
485591
486013
487573
487849
489151
489317
489441
489583
489780
491143
492542
493900
494246
494535
494926
495627
496675
497565
498038
499231
499297
499313
499368
499576
499652