1122
1520
2710
3887
4019
4137
4755
5116
5957
5989
6540
6558
7373
8350
8781
9106
9761
9871
9876
11048
12167
12730
12975
13131
13154
14119
15312
15393
15475
15618
15733
15990
16259
17520
17621
17812
18927
19602
20732
21098
22189
22355
22546
22933
24117
24208
24247
24344
24986
25105
25873
26507
26928
28836
29853
29981
30122
30960
31512
31735
32111
32163
32236
32236
32557
33906
35148
36051
36399
36468
36534
36832
37077
37455
37550
38033
38494
38672
38694
38875
39197
40153
40600
40622
41550
41770
42274
42683
42703
43850
44831
44945
45612
45817
46230
46297
47144
47226
47368
47737
48842
50275
50486
50498
51019
51339
51388
51709
52020
52643
53957
55404
56544
56713
56733
57886
58090
58759
59097
59234
59772
61168
61608
61754
62671
63215
65897
65908
66816
67360
68244
69035
69311
70266
71602
71634
71737
71876
72060
72419
72823
72873
72932
73451
73485
75575
76690
77232
77689
77922
81075
81235
81857
82228
83321
86914
87040
87113
87676
87700
89440
90215
90603
90833
90836
91063
91273
91515
91874
92083
92737
93024
93086
94270
95286
95692
97335
99451
99964
100173
100382
100767
101255
101509
102376
103276
103397
103527
103952
104085
104631
104649
105284
105859
106260
106454
107181
107408
107887
108681
111190
111502
112413
112502
114473
115315
115887
116454
116482
118164
118930
118997
119356
120460
121052
121180
121324
123033
124005
124365
126761
126907
127241
127385
127565
127717
128072
128265
129230
129371
129493
130132
130722
130865
130887
131423
131966
133554
133827
134179
134660
135477
136183
136236
136318
136827
137018
137144
137625
137736
138943
139399
139533
140340
140552
140787
140900
141605
141882
142266
142567
143840
144006
145423
146335
146512
146519
146931
148549
148875
149316
149352
149463
149812
150330
150762
151004
151477
151581
152154
152737
153029
153434
153943
154223
154395
154571
156744
157188
157586
157837
157856
157968
158457
159894
161304
161340
161942
161975
162383
163784
163955
164611
165026
165055
165379
165791
166428
166744
167296
167344
167364
167524
168159
168274
169021
169044
170293
170426
170516
171150
171518
171766
171980
172189
172325
172610
173224
173922
174291
174669
174841
175348
176939
176940
177081
177502
179020
179557
179744
181836
182124
182758
182785
183698
183924
184731
184822
185382
186609
186775
187039
187335
188533
188582
190274
190321
190855
191550
192230
192585
193015
193282
193601
196017
196389
197442
197730
198442
198652
199032
200735
201731
201810
202128
202742
203131
204861
204975
205381
206449
207768
208238
209773
210129
210143
211304
212397
212537
212649
212799
213296
214649
214661
214921
215122
215508
217257
217765
218160
218296
218667
220017
220418
221060
221721
223241
223742
224898
225611
225794
225848
226546
226585
226874
227646
227940
228394
228797
228868
228993
229273
229781
230106
230511
231676
232139
233458
233493
233657
233757
234552
234568
234757
235346
236483
236565
238550
239997
242036
242260
242554
242605
243058
243275
243374
244138
244546
245507
245747
245861
246249
246307
246486
247194
247514
248396
248727
248859
249396
249584
249840
249846
249971
252486
253836
254461
255110
255184
256346
256627
257096
257945
258892
259572
259991
260162
260403
260707
260978
261145
262000
262069
262339
262420
262456
263379
263983
264262
265173
265202
265494
265597
265605
266061
267022
267369
267773
268101
268180
268552
268900
268941
269012
269450
269746
269947
270332
270566
270580
271948
272417
272657
272674
272747
273079
273569
273713
274363
274577
274677
274834
275813
276140
276283
276513
276758
277265
277337
277617
277902
277984
278061
278625
278807
279517
279778
280424
280718
280804
280943
280961
281256
281391
281903
281928
282517
282695
283397
284707
285218
285489
285590
286067
287589
287843
287974
288163
288563
289548
289587
289686
289727
289834
290327
291118
291749
291776
291817
291927
294051
294308
294745
295302
296156
297409
298124
298340
299487
300171
300208
300245
300544
301177
301216
301251
301261
301475
302769
304364
304885
305456
306138
306651
306654
308162
308238
308423
309420
309723
310411
310690
310948
311092
311272
311670
313073
313348
313572
313672
314250
314286
314893
316080
316861
316862
316981
317167
318061
319070
319119
319343
320258
320314
320831
320888
320909
321621
321662
321963
322074
322676
324300
324831
325927
325941
326083
326540
326823
326886
327104
327115
328025
328342
328664
329694
330120
330484
331309
331980
332433
333078
334223
334437
334741
334765
334798
335542
336043
336080
337110
338431
339246
339743
340463
341276
341438
341627
343082
343229
343538
344039
344213
344238
344314
344453
345136
345287
345557
345660
346349
346351
346385
346790
347049
347162
347616
347696
349186
349384
349697
349919
350001
350077
350169
350386
350491
350720
351118
351312
351690
351815
351934
352480
352943
353053
354292
354685
355114
355605
355618
355661
355780
356006
356758
356864
356922
359455
360014
360039
360085
360879
361055
361928
362484
362590
362924
363167
364349
364813
365816
366422
366789
367114
368103
368969
369093
369327
369695
370691
370739
372755
373606
373715
374217
374984
375058
375258
375500
376110
376552
376596
376927
377204
377367
377370
377577
377672
378561
378885
379331
379464
379520
379672
379807
379996
380473
380738
381225
381367
381474
382518
383247
383463
383826
384237
384485
384780
385310
385339
385858
385897
386601
387571
387675
388201
389091
389123
389246
389317
389789
390107
390302
390713
391159
392840
393158
393364
393397
393785
393996
394051
394295
394423
395233
395509
395639
396050
396756
397012
397801
397860
398159
398692
398859
399001
399779
401901
402252
402278
402572
402652
402775
403420
404666
405824
406790
407032
407309
407684
407936
408505
410148
410325
411075
411350
413806
414405
417019
418530
419034
419100
419398
419777
419792
419814
419885
420065
420373
420518
421106
421351
421619
422181
422245
423844
424604
424884
424910
426305
427788
427918
428177
429879
429939
430886
430984
431182
432099
432702
433234
435687
437104
437107
438241
438595
439297
439641
439737
441554
441696
443638
444571
446308
446366
446535
447414
447760
447922
448405
448979
449107
450238
450966
451495
452042
452249
452495
453253
453417
453760
453880
454148
455117
455171
455243
455696
456037
457408
458749
458895
460860
461131
461430
461952
462031
462481
462622
464009
464574
464850
465866
465982
466500
466917
468008
468150
468166
468233
468957
470096
470140
470221
470225
470609
471176
471574
472316
472662
472865
472876
473023
475282
476119
476993
477488
478223
478695
478772
479138
480119
480348
480505
480670
480788
482347
482976
483053
483454
483462
484362
484761
485043
485691
485776
486618
486814
486829
486830
486941
487784
488147
489500
490504
490742
491763
491858
492415
492687
493381
493530
494188
494400
494478
494927
495020
495043
495093
495270
496303
496419
496553
496879
497141
497347
497452
497629
498100
498533
499769