162
1625
1637
2078
2295
2491
2879
3832
4076
4554
5511
6179
6610
7428
7690
8536
9159
9623
9948
10759
11223
11389
11563
11642
11706
11714
12015
12141
12914
13078
13282
13408
14267
14840
14963
15044
15182
15670
15867
16142
16534
16997
17109
17346
18201
19057
19368
19374
19785
20686
20724
20873
21048
21281
21460
21890
24922
25636
25706
26089
27443
27877
28027
28506
29332
30823
31140
31779
32839
32925
34220
35310
35536
37414
37431
38089
39314
40025
41143
41747
42157
44250
44471
44666
45107
45215
46118
47874
48369
48762
50056
50726
50806
51362
51616
52031
53447
53856
54898
55246
55475
55985
56012
56449
56737
57545
58167
58218
58219
58770
59057
59081
59857
60869
61219
61286
62636
63013
63565
63582
64073
64379
64776
64790
64962
65117
65182
65285
66757
67279
68048
68873
68940
69136
69481
69584
70028
71212
71561
71575
71648
71834
72451
72772
73076
73545
73880
74095
74277
74300
74386
74701
74753
74837
75587
75684
75958
76726
76764
77286
79128
80427
80534
81020
81044
81344
81729
81785
82497
83477
83579
84821
84948
85481
85998
86446
87705
87844
87933
88000
88986
89133
89265
90082
90131
90754
91483
91652
91652
91718
91829
92050
92141
92275
94930
95629
95760
96771
96988
97296
98331
98439
98715
99355
99563
100637
100762
101069
102297
102940
103010
103222
103728
103799
104502
104772
105162
105328
105414
106778
107892
108697
109603
109689
109971
110083
110408
111222
111913
112973
113865
114156
114296
114509
114647
114767
114810
115587
115609
116535
116860
116884
116931
117291
117723
118501
119349
120030
121181
121226
121325
121996
122401
122436
122769
122802
123072
123381
123652
124609
125154
125606
126065
126747
126837
127233
127835
127890
128254
128950
129367
129726
130097
130295
130724
130754
131022
131258
131416
131967
132106
132490
133831
137769
137775
138079
138638
138746
140661
140885
140968
140981
141373
141496
141996
142089
142493
142752
143914
144460
145511
145569
146960
147090
147554
147665
147832
147862
148023
148332
148414
148833
148922
149397
149419
151404
151473
152449
152454
152912
153823
154260
154514
154656
154736
155074
155337
156182
157198
157296
157305
157375
157444
157701
158816
159307
160445
161865
161923
162112
162292
162368
162569
162591
163030
163149
163589
165044
166522
168237
170354
170993
171100
171504
171999
172346
172489
172627
172746
173802
174655
175302
175307
175984
176611
176677
176715
177845
178346
178715
179919
180044
180359
181654
183926
184389
186871
187039
187174
187202
188531
188667
189422
189937
191725
191968
192038
192781
192797
192809
192936
193991
194499
195088
195876
196584
198180
198460
198572
198709
199527
199756
200037
200517
200928
200987
203084
203714
204086
204255
204497
204729
204858
205040
205172
205464
205743
206000
206090
206918
207410
208189
208207
208970
209193
209243
209390
209549
209867
210682
210822
210851
211141
211762
212381
212980
213127
213309
213334
213412
213561
213800
214375
215199
215608
215821
216421
216538
216934
217126
217475
217865
219853
219880
219958
222192
222331
223864
228193
229277
229563
230092
231447
232207
232463
232641
233114
233218
233820
234275
234526
235646
235810
236434
236642
237351
237363
237547
237952
238441
238850
240114
240468
241470
242366
242400
242819
243556
243826
244112
244767
245354
245835
245975
246300
247572
247643
248037
248038
248427
248941
249108
249184
249688
249713
251473
251678
252392
252626
252650
253115
253393
253888
253894
254136
254272
254316
255596
255709
257090
257734
258577
259705
259734
260256
260262
262826
263313
263386
263622
263963
264587
265397
265875
266200
266320
266699
266803
267876
268719
269253
269308
269496
270044
270234
270710
271449
271617
271714
271935
272791
272820
272859
273463
274052
274215
274802
274808
275307
275539
276081
276207
276247
276506
278267
279773
280528
281314
283235
283260
283821
283899
284637
285042
285746
286073
286213
287423
287775
288436
288916
290032
290053
291251
291530
292783
293247
293379
293499
294185
295506
295790
295900
296183
296443
297288
297870
298445
299377
299969
299969
301995
304334
305138
305210
305431
306063
306853
306979
308699
308823
309229
309417
310025
310431
310741
310882
310915
311693
312323
312450
312801
313708
313795
314527
314667
314718
315390
316597
317399
317869
317909
317958
318023
318066
318187
318455
318674
319350
320740
321181
321350
321642
323057
323420
324003
325422
326578
327156
327810
328677
329116
329436
329865
329973
330334
330377
330821
332132
332620
332728
333830
333844
334241
334484
334575
334583
335528
336302
336742
336743
336805
337237
337246
337672
337885
337926
339108
339229
339996
341152
341498
343421
343483
344680
347198
347380
347740
348313
348320
348334
349063
349094
350390
350712
351511
352272
353999
354310
354850
355075
355466
355522
355645
355737
356641
357051
357325
357827
357967
358375
358895
360535
361915
362023
362993
363156
363393
363569
364404
364638
364943
365155
365439
365485
366647
367135
367460
368011
368927
369087
369628
370190
372066
372531
372607
372667
373674
374531
374564
374652
375404
376109
376654
376804
377549
378449
379136
379253
379498
379774
380633
381430
381653
382699
383155
383616
383971
384130
384480
384933
385744
385849
386181
386325
387638
388511
389800
389943
390056
390084
390480
390785
390837
391801
392106
392227
392434
392692
393297
393410
395160
395205
395492
395890
397200
397680
397761
397846
399009
399478
400014
400122
400437
400529
400789
401215
401468
401493
401600
403264
403416
403520
404923
405481
407171
407650
407718
407832
409512
409543
409595
409805
410462
410841
411120
411497
411645
413086
413270
414300
414449
414744
415019
415459
415899
416078
416803
417127
417348
417529
417603
418511
419002
419585
419731
419860
420833
421016
422306
422550
422573
422867
422896
422990
423278
423351
423742
424106
424268
424391
424991
426285
426724
427023
427261
427528
427611
427871
427912
429610
429706
430116
430550
431160
431198
431480
432398
434570
434955
435710
435817
436155
437464
437707
437835
438083
438690
439135
439610
441214
443111
445050
445284
446379
446792
447708
447986
448917
449495
449543
449891
450127
450335
450954
451460
452107
453205
453561
454307
454921
455044
455284
455492
455602
458158
458397
459012
459330
459355
459629
461281
461316
461523
461790
462287
462447
462456
462660
462837
463445
464220
465118
465530
466275
466353
467019
467214
467907
467983
468196
468503
468766
469419
469528
470326
470741
470794
471498
471910
472184
474086
474161
474804
475078
475621
475921
476100
476195
476935
477076
477861
478328
478375
478396
479891
479900
480113
480188
480274
481109
481762
481945
482358
483766
483967
484696
485757
486159
486194
486965
487720
487732
487802
487828
488376
488578
489480
490180
490699
491037
491907
492176
492420
494003
494130
494145
495597
495647
495951
496037
496474
496941
496983
497031
497096
497146
497311
498531
499274