41
49
77
893
3183
5521
6484
6724
7011
7333
8208
8849
9554
10518
10520
10602
10817
11884
12472
12939
13126
14157
15312
15704
17178
17182
17856
18235
20176
21496
21600
22263
22484
22969
23502
23571
23582
24513
24643
25189
25248
25249
25260
26379
27370
27599
28350
28584
28729
28740
29406
29983
30333
31279
32256
32568
32998
33052
33910
34423
34740
34863
34869
34945
35121
35909
36522
36785
36826
36927
38510
38697
38903
39303
39777
40971
41603
41803
43263
43309
43753
44459
44821
44859
45408
45745
46453
46899
48548
49055
49176
49803
50138
50588
50924
51316
51501
51511
51531
51549
51926
52814
52836
53044
53093
53400
53841
54081
54237
54325
54478
54723
55041
55533
55572
55872
56311
56625
58055
58340
58730
59805
62046
62542
62868
64850
65011
67113
67185
68039
68820
69319
69691
69760
69904
69983
71149
71569
71916
72323
73252
73932
76251
77229
77390
77542
77567
78483
79584
79729
79888
80617
81147
82039
82289
82527
82687
82897
83237
83301
84014
84479
85174
85203
85279
86076
86728
86864
87243
87428
87444
87638
88571
90660
90799
93886
94580
94751
94811
94815
96156
96901
97018
97095
97350
97492
98516
98875
99842
100345
100809
101056
101138
101548
101561
102027
102542
103288
104555
104701
105247
105482
106404
107524
107641
108072
109360
109822
110446
110568
110835
111464
112290
112332
113179
113513
113661
113788
115085
115409
115938
116462
116514
116631
116688
116782
116856
117311
118077
118112
118788
119585
119749
119866
119941
120792
121318
121808
122069
122562
122783
123084
123594
124061
124140
124173
124562
124568
125317
125508
125646
125719
126486
127138
127141
127542
128270
128507
128931
130004
131171
131599
131608
131743
132015
132889
133426
133869
134338
135278
135353
135739
137258
137469
137903
139693
139985
141753
142057
142718
142810
143316
143569
144290
144561
144636
144637
145274
145588
145786
145834
146094
146393
146549
147541
147683
149503
149830
150085
150201
151103
151192
152114
152774
153528
153630
154094
155321
155622
156133
156140
156158
156887
158599
158730
159454
160598
161061
162630
162700
162949
163856
165288
165911
166678
167018
167207
168245
168262
168291
168357
168710
168985
169025
169040
169262
170147
171077
171138
171370
171463
171740
171946
172072
172720
173773
174283
174460
175022
175338
175498
176549
176603
176855
176887
177030
178538
179518
179802
180026
180632
181885
182242
183038
183178
183279
184162
185642
186094
186673
186682
187613
187715
187950
188718
188812
188945
189200
189257
189381
189563
189810
190488
191614
192738
194399
194406
195123
195196
196434
196650
196919
197132
198078
198391
198437
198674
198896
201245
201819
201873
203483
204903
205619
206409
207418
207711
207847
207926
208072
208226
208368
208645
209113
209191
209303
209741
209891
211313
212719
212941
213690
214019
214036
215016
215114
215932
216677
217092
217978
218306
218638
220286
220485
221379
222671
222883
223069
223445
223786
224095
224221
225385
225399
225543
226034
226144
226545
226904
227401
227903
227932
228162
229114
229746
229959
230190
230490
231401
231535
232858
233519
233623
234364
234655
235250
235734
235866
237469
239484
241103
241389
241631
241708
241724
241960
242123
242127
242626
243756
243888
245046
245428
245972
246238
246882
247364
247506
248045
248265
248411
248916
249212
249244
249264
249756
249923
250064
250646
251849
251905
253374
253397
255097
255103
255397
256225
256840
258779
260238
261273
262429
263107
263277
263980
264210
264223
264363
264524
264682
264975
265083
265088
265538
267022
267106
268230
268555
268563
270698
271902
272493
272773
273380
273542
273559
273679
273967
274422
274820
274827
275793
275961
276126
276716
278206
278646
279468
279754
279868
280240
280288
280435
280616
281593
282938
284125
286072
286719
287005
287037
287860
289082
290253
290633
290660
291304
291698
291710
292458
292542
292655
293073
293732
294154
294473
294565
296066
298185
298677
299135
299891
300004
300305
301115
301756
301825
301909
302036
303547
303670
303920
304560
305368
305825
307104
307382
307638
308120
308291
308384
309081
309385
309419
309480
311442
312613
313845
314293
314360
314819
315521
318371
318845
319100
320550
320748
322938
322999
323372
324247
324954
324982
325584
326110
326695
326941
327513
327882
328330
328362
329145
329284
329758
329919
330529
331416
332059
332136
332382
332437
332614
333466
333542
333668
333802
334059
334293
335719
335837
335860
336004
336356
337263
337315
337408
338025
338605
338813
338978
339192
339290
339299
339492
340204
340699
340923
341314
341572
342098
342132
342344
342943
343037
343492
344564
344689
345124
345298
345611
345719
345872
346185
346239
346682
346776
346810
347159
347288
347351
347817
347848
347873
347992
348354
348460
348693
348776
348997
350454
352094
352995
353525
353529
353633
353849
354049
354189
354608
355705
355939
357972
358210
359317
359443
359450
360618
361012
361737
363006
363783
363862
365598
367215
368009
368448
368565
369058
369558
369850
370781
371032
371410
371883
371886
372024
374590
374867
375337
375560
376369
377284
377370
379186
381690
382180
384114
384313
385695
386187
386337
386382
387352
388818
389088
389188
389545
389681
389790
390103
390113
390412
391992
392155
392928
393212
393948
394282
395200
395265
395297
396668
396700
398782
399188
399482
399519
399698
399932
400601
400775
400887
401188
401466
401590
402228
402819
403182
404019
404492
405689
405729
406196
406211
406474
406513
406745
406761
407147
407664
407993
408122
408126
409385
409386
409542
410117
410247
410397
412055
412162
412411
412670
413253
413343
413546
414622
414689
417364
417752
417989
418090
419075
419831
419947
420679
421391
421664
421697
422176
422735
423022
423755
423893
424315
425041
425343
425486
425670
426059
426197
426344
426746
427490
428087
428552
428561
429162
430206
430642
430807
430887
431432
431584
432393
432676
432881
433213
433767
434172
434267
434624
434682
434812
435213
436631
436780
437065
437252
437549
438058
438764
438875
440290
440300
440537
440574
440882
441029
441198
442467
442724
443287
443298
443369
443404
444380
444525
444902
445840
446089
446118
446982
447072
447657
449577
449953
450110
450342
451432
451992
452209
452462
452902
453953
454727
455147
456440
456686
457079
457310
457946
458419
459278
459698
459809
460204
460505
461310
461378
462021
463608
463642
464008
464363
464545
464741
465005
465047
465101
465458
466026
466792
467085
467608
468906
469271
469586
469965
470143
471529
471740
472104
472263
472381
473088
473616
474523
474544
475717
476481
476740
477833
477883
478080
478163
478644
478903
479449
479654
480194
480558
481570
482008
482750
483210
483786
485731
485784
485819
486005
486283
487013
487725
487835
487847
487919
488045
488951
489228
489764
491131
491508
492102
492150
492905
493004
493009
493280
493445
494850
495919
496394
497777
497991
498262
498299
498457
498616
499891