454
926
974
1283
2033
2152
2483
2932
3683
3902
4250
4394
4668
4893
4931
5166
5584
5635
5680
6734
6826
7090
7261
7445
7458
9131
9477
10516
10630
11264
11421
11733
12195
12303
12493
12591
13399
13536
13704
13712
13956
15975
17562
20332
21122
21577
21760
21892
22158
23383
24297
24372
24680
24769
25357
25809
26494
27382
27418
28464
28587
28889
29067
29301
29919
31528
31656
32567
34112
35428
36006
36258
36299
36401
36705
37685
38866
39013
39640
39790
40283
40684
41179
42149
42589
43121
43832
44174
44455
44624
44820
45050
45420
48153
48350
48526
48785
48878
48942
49961
50506
50633
50831
50995
51039
51428
51650
52169
53334
53349
53436
53827
53959
54033
54409
54627
56056
56489
56601
56832
56908
57301
57879
58239
59010
59408
59465
60159
60955
61200
61495
61872
62157
62397
63194
63457
63494
63680
64192
64734
65002
66139
66616
67667
67885
67994
69103
69116
70227
70426
70433
71503
71503
72155
72266
72387
75222
75234
75437
75511
75842
75854
77046
77621
77666
77860
80050
82496
82805
82950
83089
83236
83624
84088
84223
84268
84644
85020
86063
86071
86113
86465
86766
86919
87945
89146
89214
89229
89290
90034
90234
90670
91183
91431
92458
93133
93147
93973
94021
94134
94805
94806
94927
94952
95776
96463
96633
96714
99027
99204
99812
100157
100420
100858
101706
102165
102901
102913
103705
104078
104516
104710
104791
105068
107655
107803
107887
109059
109285
109301
109609
109698
110198
110862
111430
112087
112167
112563
113185
113297
113710
114008
114111
114289
114837
115403
115902
116331
116731
117038
117234
117494
117773
117951
118060
118431
119441
120209
121566
122142
122427
122892
122914
123747
123864
124063
124897
125273
126599
127176
127328
127806
129807
131022
131040
131433
132309
132529
133054
133313
133362
133528
133750
134595
135143
135980
136539
136574
136599
137690
138361
138690
139669
140204
140443
140784
141141
142127
142501
142773
143618
144747
145164
145564
145940
146587
146638
147618
148717
149251
149506
149922
150316
151828
151921
152164
152198
152320
152397
152554
152903
153088
154150
154677
154727
155669
156054
156205
156839
157268
157336
157344
157999
158064
158139
158253
158562
159967
160450
160608
161171
161485
161996
162082
162722
162947
163350
163498
164000
164534
164636
164846
165056
165115
165379
165620
166126
166482
166760
166809
167078
168110
168678
169838
169929
170490
170616
171121
171975
172434
172501
172580
172881
174370
174735
175022
175310
175538
176760
177065
178154
178431
178900
179113
179530
179757
180003
181189
181630
181878
181945
181999
182168
182871
183626
183636
184103
184339
184676
184689
184727
185818
187142
187229
187549
187773
188020
188032
188855
189882
190021
190121
191148
191173
191918
192072
192138
192603
192713
192900
194173
194747
194994
195080
196348
198193
198243
198948
199307
199358
199640
199723
202533
202737
202906
204160
206870
207102
208018
209550
209694
210156
210290
210433
211298
211349
211662
211838
213930
214260
214309
214459
215083
215369
217054
217608
218272
218361
218402
218476
218901
219077
219916
220640
222654
225233
225376
225495
225773
226125
226210
226787
226887
227954
228011
228170
228309
228617
228787
229147
229334
229449
230506
230542
230652
230963
231534
231707
232017
232161
232325
233620
235126
235287
235552
235745
236024
236287
236305
236451
236829
236868
236929
237889
238258
238821
239030
239508
239644
240877
240965
241043
241297
241446
241466
241684
242503
242656
243523
245764
246745
247204
247366
248153
248289
250534
250579
252093
252318
252400
252684
253112
253140
253460
253703
253989
254013
254177
254342
254682
254708
255143
255478
256509
256665
257220
259181
259354
259547
259588
259694
260389
261383
261988
262141
262316
262734
263518
263618
264265
264351
264950
265303
265339
265648
266132
267135
270005
270026
270748
271307
271728
272916
274646
275085
275123
276232
276964
277049
277487
277692
277754
278136
278716
279193
279711
280747
280896
281451
282146
282770
284508
284808
285495
285822
286495
287164
287537
289543
290324
291594
292047
292713
293077
293083
293276
293652
294565
294989
295635
295660
296148
296152
296726
297152
297206
297223
297465
297808
298298
298548
300825
301297
302186
303796
303991
304271
305226
305408
305957
305962
306077
306812
307670
307784
307920
309053
309310
309413
309629
310753
313429
314569
314924
315582
315891
316009
317624
317925
318045
318050
318535
319149
319164
319706
319986
320062
322239
322482
322817
322989
323308
323376
323465
324238
324453
324582
325653
325964
326553
326963
327197
327669
329169
329654
329970
330576
330658
330837
331284
331406
331422
331974
332950
336262
337449
338508
338951
339442
339789
340153
340808
341217
341832
342004
342565
342608
342865
343685
343889
344504
344874
345350
345398
346528
347287
347599
347984
348502
349106
349466
349554
350219
351306
354237
355133
355610
356103
356823
356962
358217
358357
358777
359412
359475
359576
359687
359850
360116
360316
360538
360664
360692
362146
362745
362984
363437
364979
366054
366082
366220
366477
366654
367130
367295
367387
367914
368805
369890
370304
370546
370593
372528
373017
373651
374676
375045
375219
375582
377140
377605
377735
377801
378008
378246
378504
378606
378991
379237
379465
379778
380261
381736
381777
381893
383752
384485
385027
385771
387185
387762
387920
387934
388015
388355
388631
389007
389088
389145
389472
389729
391441
392051
392678
393557
393766
394121
394443
395366
396142
398112
398595
398797
399321
400101
400259
400759
401833
401848
402039
402230
403231
403638
404820
405025
406027
406318
406671
406930
409858
410000
410602
411315
412034
412410
413819
418117
418737
419195
420803
420847
420984
421235
421239
421358
421441
421532
422007
422070
422331
422736
423111
423460
423954
424549
424595
425367
425451
425646
425956
426234
427062
427584
427754
428084
428323
428328
428581
429030
429149
429278
429360
429436
431742
431934
431938
432376
432710
432978
433206
433492
433551
433613
433976
434976
435142
435412
435532
436261
436514
437299
439155
440073
440343
440641
440688
442236
442394
443143
443156
443470
444592
444744
445235
445542
445592
447066
447550
447574
447923
448507
448964
449759
449828
452107
452354
452649
453138
453910
454280
454549
455716
455934
456241
456850
458271
458712
458888
459118
459184
459332
460375
461188
461341
462051
462108
462440
462604
462718
462784
462842
463188
463569
464274
465058
465193
465352
465945
466640
467016
467604
468105
468122
468239
468265
470136
470309
470527
472130
472158
474170
476447
476551
476639
476711
477589
477604
477807
478572
479133
479613
481209
481550
481665
481752
482022
482550
482594
483619
483656
483679
484358
484499
486656
486773
486787
486847
487111
487153
487566
487962
488086
488356
489949
491176
491955
492771
494162
494674
495164
495639
495805
496219
496525
496589
497110
497947
498029
498560
499942