306
654
885
1904
2193
3457
3661
3965
4339
4819
5271
5352
6014
6171
6295
6348
6633
6798
6830
6913
7276
7852
8967
9212
9780
10768
10802
11468
11807
11944
11951
12601
12730
13003
13047
13678
14413
15098
15192
15919
16279
16874
19027
19270
19386
20455
21059
21081
21319
21546
21705
21894
21974
22252
22358
23391
23506
23756
24304
24605
24764
25162
26662
27028
27553
27828
28852
29227
30222
30638
30811
31010
31257
31321
31514
31659
31725
33385
34422
35161
35178
35536
35694
35917
36645
36920
37385
37469
39962
40176
40597
40672
41424
41699
41704
42076
42652
42683
43504
43991
44169
44534
44663
45922
47227
47428
47610
47848
48161
48185
48588
48843
50499
50838
51052
53381
53624
53793
53854
54217
54339
54436
54596
54671
55954
56939
57691
57707
57982
58119
58407
59592
60511
60717
60941
61732
62237
62323
63034
63420
63863
64234
65208
65784
67022
67120
67210
67575
69906
70356
70892
70912
71252
71979
72435
73465
73934
74159
75233
75413
75758
76542
76957
77556
78034
78038
78317
78645
79085
80333
80480
81521
82612
83121
83640
84468
84891
85594
86680
86971
87375
87617
87868
90413
91072
91498
93261
94504
94753
95023
95171
95761
96528
96672
97355
97945
99298
100004
100713
101196
101933
101971
102073
102542
103468
104021
104025
104041
104876
105195
105425
107070
107153
108195
108388
109952
110086
110371
110979
111124
111648
113843
113936
114107
114600
115103
115374
116143
116202
116434
116508
116630
117848
118967
119247
119339
119569
119877
119879
119901
120049
120281
120371
120402
121009
121194
121631
122345
122948
123924
125704
128109
129795
130206
131068
131833
132200
132278
134543
134638
134976
135168
135185
135460
136407
136816
137379
138099
138820
139240
139810
139958
140139
140599
140850
141086
142299
142655
142771
143121
144903
145150
145395
145632
146134
146629
147052
147071
147462
147875
147918
148206
148226
148600
149584
150666
151559
151696
151771
152883
153771
154406
155410
155494
155969
156759
156793
156798
157668
157794
158796
158955
161273
161640
161676
162407
162672
162810
164530
164622
165724
166227
166469
166804
167134
167433
167715
169246
169347
169782
170148
170445
170726
171193
171831
172387
172396
172576
172705
172829
173293
173341
173377
174037
175242
177378
177833
178178
178482
179101
179180
179952
180036
180780
181142
181201
181680
182012
182217
182449
183700
183975
184217
184559
184618
184890
186274
186301
187385
188112
188460
188556
189001
189501
190006
191133
191701
192001
192408
193549
193911
195114
195578
195729
196509
196897
197133
198164
198262
199559
200271
200504
201069
201992
202212
202372
202428
203179
204687
204946
205277
206475
206595
207157
207578
207763
208074
208075
208480
208509
209134
210176
210347
210813
210851
211080
211494
211566
211887
212122
212184
212240
214514
214780
215530
215788
216346
216532
216859
217269
217506
217559
217576
218556
218733
219450
220361
220503
220532
220727
220899
221372
221518
221572
221669
222894
223074
224446
225019
225021
225356
225735
225741
225841
225872
225992
227289
227352
227729
227778
228494
228554
229067
230779
232120
232640
233636
233690
233739
233848
234452
235440
235634
236472
236610
237273
237565
237582
237811
238533
238904
238975
239237
239271
240189
240612
241385
241416
241630
241646
242687
243355
243671
243717
244446
244885
245157
246078
246497
246615
246620
246678
246708
246838
247346
247384
248064
248416
248566
249036
249175
249542
249636
250419
250800
250850
250959
251479
251869
252475
252691
253239
253347
253351
253450
253521
254240
255289
256240
256798
256810
256924
257975
258045
259338
259878
260220
260290
260810
261012
262625
262694
262789
265187
265497
265574
266088
267090
268120
268280
268565
269605
269689
269772
271118
272722
272973
273215
274081
274765
275421
275455
275941
275980
276614
277208
277623
278166
278685
279123
279499
280724
281934
282404
282404
282441
282794
283208
284118
284305
284946
285307
285908
286734
286889
287853
289991
290802
291233
291234
291406
292685
294404
294685
294935
295964
296078
296407
296484
297052
297105
298342
299711
301173
301674
301707
302183
302206
302353
303695
304452
304513
305266
306038
307101
307123
307515
308397
309253
309799
309870
309909
309980
310573
310672
310765
310779
311304
311689
311816
312861
313696
314054
314229
314470
314831
315062
315071
315588
315753
316061
316070
316876
317623
319273
321820
323538
323748
324304
324358
324460
324604
324897
326498
327907
328164
329741
329994
330095
330304
330543
331103
331716
331924
332152
332740
333173
333943
334607
334814
335026
336892
336917
338468
338552
341007
341909
341974
342155
343038
343066
343804
345344
345989
346244
346866
349321
349824
350481
351491
351840
352187
352771
353681
354489
355131
355176
355485
355534
355641
356356
356666
357748
357765
357851
357987
359030
359129
359284
359468
359844
360046
361146
361307
361507
361678
362425
363615
363735
364629
365158
365161
366000
366383
366961
367963
368212
368338
368439
368647
368853
369053
369602
370536
371078
371184
372074
372167
372915
373994
374169
375054
375359
375718
375719
375721
376563
376826
378359
378393
378597
378666
379259
380574
380644
380691
381896
382118
382283
382946
383609
383696
384930
384972
385143
386168
386526
386788
386908
387790
388178
388923
388983
388984
389119
389360
389505
390254
391390
391507
392270
392920
393127
394600
395828
396135
397568
398306
400054
400474
400553
402593
403182
404051
404241
404572
405965
405977
406702
406702
407353
407602
408188
408764
409867
409893
410641
410716
411122
412154
412191
412989
414136
414464
414501
415120
415240
415296
415428
415781
415876
416327
417491
417640
417721
417996
418204
419023
419914
421060
421212
421551
421829
421846
422346
422964
423200
423313
423776
424442
424700
425154
426401
426407
426483
426632
426868
427476
428310
428609
429281
429515
429548
429770
429779
429833
430849
431884
432102
433150
433177
433417
433849
433869
434148
434824
435020
435128
435177
435472
436205
437151
437155
437592
437723
439617
440894
441505
441806
441807
442369
443337
443481
444495
444670
445505
446202
447136
448807
449043
449160
449636
450205
450216
450936
451446
451704
451820
452734
453322
453633
453985
454834
455197
455279
455932
457222
457430
457966
457974
458221
460013
461077
461105
461407
461795
463069
464461
464476
464825
465437
465685
466443
467795
467836
467960
468293
468745
468807
468853
468863
469155
469772
469905
470434
470588
471107
471735
472807
473087
473137
473331
473508
474147
474759
475080
475117
475163
475492
476665
477671
477696
477821
478939
478941
479434
480352
480588
480700
481006
481989
482490
482509
482940
483397
484466
484574
486167
487336
487795
487799
487897
487950
488023
488067
488931
489068
489149
489448
490708
490778
490980
491258
491386
491672
491978
491992
493137
493234
493826
495116
495665
496938
496996
497147
497318
497471
499141
499238
499339