278
999
1145
1242
1429
1797
3137
3242
4232
5021
6114
6825
6950
7339
8439
9090
9175
9667
9733
10759
11046
11148
11607
12030
12082
12185
12724
14453
14771
15003
15172
15223
15294
15308
15412
15467
16270
17019
17106
17666
17830
17936
17957
17993
18046
18209
19563
20625
20780
21341
21472
21784
22080
22528
22915
23371
24545
24585
25299
27013
27570
27976
27990
28057
28686
28929
29098
29391
29563
29784
29813
29966
30173
30350
30694
30870
32806
33063
33169
33890
34085
34697
35925
36339
36887
37306
38061
38382
38537
38777
38954
40248
40256
40288
41624
41920
42272
42434
42725
44214
44770
45109
45122
45481
46737
47435
48632
51114
51166
51916
53220
54251
55248
55365
56775
56904
56971
57067
59111
59200
59227
60427
61125
61438
62234
62302
62411
65413
67878
68906
69108
69144
70141
70272
70591
70788
71834
72233
72453
72808
73370
74200
74470
74808
74838
75312
75948
76048
76461
76624
76812
77518
78481
78795
79044
79610
79792
80631
80852
81245
83690
83790
84435
84916
85089
85738
85903
87277
88801
89154
89437
90607
90745
90982
91850
92379
92718
92825
93401
93470
93837
94714
94765
95002
95949
96384
96504
96738
97078
97997
98066
98720
98804
99152
99158
100518
101159
101328
101527
101639
102337
103235
103276
104111
104468
104616
105289
105479
106400
107286
108897
110356
111659
111844
112775
113105
113276
113562
113953
113990
114520
114712
116131
116283
116464
116507
116876
117234
117651
117864
118888
118895
119140
119875
121498
122319
122528
122577
122744
123759
123843
124018
127013
127103
128345
128401
129058
129295
129330
129449
129906
129929
130228
130507
130770
130938
131719
133426
133909
134273
134594
135403
135517
135975
136005
136661
137147
137159
138027
138800
139396
140024
140520
140600
140850
141467
141620
142231
142968
143554
144490
145017
145461
145792
146381
147364
147431
147946
148280
148389
148659
149052
149337
150138
150889
150896
151339
151925
152390
152436
152757
153076
153926
154033
154061
154068
154477
154580
154827
154957
155007
155849
157488
157500
157532
157926
158398
158516
158746
158984
159526
159790
160135
160743
161091
161503
162191
163148
163329
163462
163978
164604
165170
165597
165892
165953
166504
167616
168908
168992
169343
170917
172315
172976
173320
173349
173606
174080
174454
174463
174856
174897
176477
176535
177475
177803
177910
178106
178974
179415
180058
181551
181786
182123
184623
185204
185698
186543
186813
188039
188476
188762
189090
189348
191424
191742
191884
193515
193532
194255
194684
195307
195380
195580
196285
196433
198871
199696
199795
199869
200041
201365
201391
201661
202031
202061
202102
202750
202752
203215
203359
203444
203962
204699
205114
205851
207646
208200
209839
210062
210127
210848
211021
212265
213303
214048
214297
214573
215981
216135
216889
217573
217645
217830
218336
218707
219063
219929
220016
223129
223251
224370
224663
225150
225277
225530
225540
226075
228243
228652
229626
230211
231005
231160
231347
231434
232734
232962
233218
233245
234208
235094
235909
237094
237394
237419
237441
238184
238240
238447
239171
239204
240221
240384
240435
240699
240877
240941
240996
241693
243003
243841
244357
244395
245086
246001
246509
246806
246962
247655
247908
247976
250052
250978
251197
252164
252195
252280
253859
254248
254675
254732
255387
255409
255637
255879
256136
256927
258228
258887
260094
260338
260480
260790
261430
261455
261856
262206
262309
262577
265106
265630
266796
269625
270159
270517
271465
271482
271537
271650
272531
272585
272890
273301
273782
274147
274358
274389
275617
277010
277117
277245
277586
277658
277672
278864
279551
279619
280037
280476
280897
280977
281724
282466
283252
284741
285039
285158
285660
285729
286038
286494
286671
286876
286895
287233
287240
287456
287863
287943
288315
288689
288698
289530
290141
290547
291195
291211
292587
292597
294250
294457
294626
294741
294951
295090
296486
296747
296787
296997
297173
297655
297923
297926
298623
300784
301026
302062
302122
303502
304154
304304
304798
305337
305849
306003
306089
306139
306246
306932
307360
308059
308124
308225
308562
308879
309650
310338
310488
310920
311306
311487
312169
312977
313094
313737
313878
314403
315871
315928
315960
316651
317588
318394
318495
318769
319239
319633
320632
321041
322266
322780
323343
323379
324107
324113
325828
327530
328165
328326
328439
328611
328863
329136
329204
329497
330053
330637
330864
331008
331122
331132
331280
331376
331765
331787
332017
332748
332794
332992
333548
333837
333925
334363
335029
335497
335884
337372
337759
337986
338606
338953
339007
339086
339123
339321
339808
339893
340216
340313
340481
340608
340689
340816
340966
341116
342151
343230
343548
344504
345443
347047
347053
347401
347706
348511
348615
349289
349467
349768
349886
349988
350127
350534
350644
351262
351287
351337
352329
352654
352958
353706
353740
354143
354453
354903
355299
356740
357308
358001
358027
358387
358719
358858
358863
358979
359146
359682
360048
360144
360605
360975
361008
361401
361973
362033
362722
363554
363778
364074
364320
364699
365180
365414
365489
365746
365923
366220
366613
368678
368794
368827
372686
372734
373837
373862
373936
374429
375355
375711
376569
376813
377086
377331
377461
378669
378863
378883
379479
379554
380273
380410
380641
381394
381984
382374
383388
383503
383776
385360
386625
387014
388033
388255
388304
388309
388648
389847
390690
390734
390810
390817
393291
394833
395172
395195
395344
395366
397095
397153
397937
398402
398653
398966
398967
399338
399723
400023
400610
400966
401926
401940
402724
402809
403681
404610
405267
405293
405798
406404
406649
407011
407065
407331
407807
407944
408102
408560
409889
410004
410423
410786
412086
412821
412880
413136
413266
413755
414165
414681
415288
416099
416748
417162
417271
417698
418442
419560
420533
421024
421196
421414
421516
421651
422747
422935
423640
423741
423859
424059
424384
424441
424726
425034
425307
425440
426373
427431
428430
428466
428725
428924
430370
430500
431279
432299
432975
432997
433020
434083
434678
434833
436291
437121
437504
437719
438765
440074
440119
441261
441322
441520
441905
442680
443876
444147
444824
446151
447075
448374
449075
450421
450451
450563
450566
451410
451654
451739
452077
452591
453180
453939
454026
454110
454481
454616
455143
456255
457324
458022
459594
460368
460586
461941
462147
462178
462756
464291
464847
465026
466732
467159
467665
467799
468025
468823
469162
469190
470353
470481
470533
471103
471487
471539
472068
472499
472607
472937
473669
473804
474641
474705
474967
475495
475800
476128
476244
476635
476857
477106
477637
480822
481360
481976
483241
483496
483593
483783
483785
484331
484780
486237
486257
486301
486829
487932
488448
489277
489349
489415
489782
490462
491053
491971
492143
492205
492513
492605
493338
493645
494829
495595
495834
495964
496347
496879
497199
498008
499238
499881