688
972
1097
1477
1622
2448
2811
3070
3639
3691
4406
4592
4903
4926
7261
7284
7897
8172
8505
9694
10022
10054
10144
10384
10970
11400
12282
12522
13182
14197
14820
15305
15308
15729
16762
17358
17635
17761
17966
17979
18267
18565
18703
19135
19416
20173
20932
21839
22824
23879
24208
24341
24667
25415
25443
25630
27082
27478
27864
28010
28298
28683
29049
29239
30228
30416
31810
31981
32302
32470
32868
33271
33687
33872
34313
34339
34979
36418
36598
36790
38224
38475
39164
39444
39576
39647
39815
39913
40674
40714
41019
42958
42959
43561
44453
44817
45344
46108
46357
46778
47871
48703
49180
49369
49832
50010
50557
51099
51497
52392
52624
53179
53555
53697
54157
54524
55041
55970
56010
56352
56413
56739
58313
59059
59406
59604
60007
60971
61165
61634
63365
64985
65285
65349
65994
66112
66138
66209
66325
66440
67808
68683
68878
68889
69146
71543
72250
72264
72331
72438
72896
73032
73079
73849
73961
74170
74302
74558
74777
75367
75371
75619
76053
76946
77020
77405
78024
78293
79045
79301
79425
79697
79942
80215
80720
81164
81239
81681
82191
82313
82770
83085
83505
84549
84570
85854
85886
86129
86191
86810
88568
88712
90165
90616
91075
91181
91316
92020
92623
92732
92982
93689
93787
93830
93972
94104
94131
94474
94793
94872
94898
95009
95412
95690
95698
96028
96072
96543
97217
97278
98040
98366
99071
99098
99128
100824
101188
101568
101727
101820
102463
102525
102678
103317
104836
105146
105814
105917
106864
106865
108107
109018
109209
109211
109765
110215
111268
111271
113362
114832
114849
115535
115907
116210
116264
116700
117054
117497
118618
119517
119535
120057
120181
120668
120751
120894
121146
121186
121260
121951
122148
122630
123510
123939
125392
126479
127258
127322
128245
128718
128741
129108
129569
130244
130275
130709
130761
130802
131360
131696
132105
133567
133571
133723
134030
135830
135854
136772
137166
137324
137858
137979
138044
138426
139637
139688
140284
141132
141465
141625
141841
142518
142654
143219
144262
145086
145127
145961
146274
146503
146536
147607
147762
148000
148951
149051
149449
149522
149743
150558
150723
151047
151294
152067
152289
152298
152642
153264
153843
154429
154473
154509
154698
154949
155354
156577
156960
157398
157765
157838
157888
157923
160805
162350
162958
163386
163508
164721
165196
165373
165550
166325
166920
166952
167309
168445
168692
169783
169860
169990
170668
170967
171358
172181
172729
173075
173663
173845
174225
174457
174774
174853
175865
175916
176448
176906
177269
177707
177968
178651
179866
180187
181312
181501
182028
182661
182868
182948
183710
183807
184251
184965
185167
185548
185887
185943
185955
187147
187589
188474
190062
190321
190910
191089
191483
191494
191634
191899
192542
192967
193163
194123
194288
194325
194428
195916
197340
198320
199255
199844
200593
200754
201323
201656
202457
202821
205404
206443
206475
206676
207436
207875
208343
208916
209231
209804
210383
211718
211719
211720
212259
212965
213240
213529
213655
213655
215364
215407
216185
216439
216613
218128
219658
219793
220401
222740
223599
223880
224034
224043
224160
224815
225441
225972
226624
227149
228039
229052
230547
231058
231494
232493
232504
232698
232957
233118
233567
233854
234042
234594
235111
235278
235508
235561
235635
235903
236036
236524
236619
236667
237396
237679
237804
238866
239225
239740
241238
241856
242255
242888
243712
245050
245433
245585
245935
246725
247030
247651
248167
248590
249288
250184
251052
251348
252069
253015
253361
255244
255379
255412
255424
255679
256094
256138
256303
258189
258832
259894
260172
261162
261253
262512
262976
263058
263065
264850
265632
265633
266274
267181
267670
268337
268819
268846
269252
269410
271160
271681
273551
274310
274354
274430
274719
274984
275247
275253
275494
275968
276786
276800
277125
277139
277778
279077
280194
280760
281297
282055
283636
283996
284256
284534
284652
285105
285591
287185
287845
289083
289196
289732
290361
290502
290788
291314
291419
291471
291913
291950
291959
292102
292439
293012
293374
293800
294189
294448
294980
295195
296031
296112
296240
296968
297276
297478
297719
297999
298291
299246
299313
299928
300343
300693
300955
302002
302888
303784
304477
304502
304616
305224
305277
305662
307307
307947
308475
308965
309076
309721
309933
309983
310660
310667
310779
310953
311061
312313
313038
313344
313508
313786
314081
314599
315561
315615
316249
316401
316954
317841
318073
319559
319746
320389
321550
321662
321735
321978
322212
322323
322532
322548
322719
322860
322901
323056
323969
323972
324113
325011
326048
326333
326468
326903
327148
328869
329226
329541
329672
329856
329954
330290
331040
331558
332382
332471
333668
333999
334719
335273
336216
336429
336872
336885
338947
339158
339644
340085
341071
341349
342364
342501
342992
343998
345230
345250
345515
345711
345957
348948
349237
349801
349830
350410
351732
352745
352857
354524
354890
354945
355018
355505
356274
356408
357864
358093
358478
359053
359931
360205
361175
361188
361652
361675
361777
362245
362586
362665
362776
362954
363626
363842
364003
364711
365770
366195
366349
366419
366609
368096
369224
369870
369967
370310
370824
371698
373282
373431
373713
375564
375703
375711
377909
378401
379921
380251
380836
381518
382104
383247
383404
384482
384538
385528
385839
386390
386502
386506
387273
387328
387603
388578
389003
389526
389575
389594
389886
390482
391523
391731
391890
391945
392105
392786
392798
392895
393778
394118
395253
395995
396092
396788
396993
397503
397924
399290
399389
399458
400149
400193
400883
401712
402743
402850
403904
403909
404446
405064
405205
405359
406115
406366
407130
407199
407594
409418
409537
410474
410991
411057
412028
412189
412466
412994
413310
413514
414525
415503
415835
415872
415962
416313
418116
418304
418713
419489
421592
422254
423147
424274
425955
426068
426111
426627
428011
428990
429513
429629
429664
430781
431422
431798
432539
432855
433429
434012
434346
434609
435546
435982
436458
436802
437314
437540
437689
438255
438704
440516
440551
440743
441155
441314
441835
441946
442139
442165
442339
442707
442845
443302
444428
445409
446745
448230
448448
449112
449885
450219
450621
450803
451321
451444
451706
452223
452634
452665
452978
453233
454226
454364
455168
455539
455732
455814
455941
456161
456342
456566
457754
457984
459198
459322
459614
459864
459908
460216
460337
460953
461086
461667
461816
462180
462228
462352
462396
462981
464547
464978
465096
465630
466078
466841
467043
467202
467354
468779
469012
469844
470303
472152
472188
472371
472660
474279
476660
478917
479434
480187
480599
480691
480716
482034
482146
482404
482731
483282
484820
485128
485489
486111
487301
487951
488547
488719
490319
491236
491602
491965
494450
494758
494804
496128
496963
497146
497531
497676
497776
498765
498829
499595
499722
499830