670
885
1068
1120
1167
2114
2831
3511
4319
4438
4659
4747
5050
5061
5588
7293
7789
8033
8868
8952
9063
9115
9402
9672
9723
10237
10439
10698
11265
11801
11907
12475
12719
13062
13714
14428
15171
15227
15364
16236
16680
16921
16953
17036
17246
17356
19174
19413
19649
19942
20068
20914
21565
23897
24369
24609
24625
25188
25777
26474
26565
26567
27987
28098
28111
28358
29059
30677
31070
32296
32595
34199
35115
35720
35744
37424
37743
38138
38201
38263
38535
38882
39189
39595
40173
40306
41565
44752
45432
45503
45864
46025
46483
47209
47928
48614
48885
49459
49460
49671
50448
50568
50866
51036
51394
52045
52741
53009
53245
53816
53936
54008
54321
54362
55020
55529
55882
55888
57237
57517
57541
57936
58398
58398
58515
58664
59092
59541
59560
59639
59689
60966
61156
61226
61342
61543
62542
62689
62956
63082
63892
63912
64352
64569
64767
64884
64940
66617
67246
67800
67921
67982
68705
69101
70213
70683
72656
72657
72806
72948
73315
73409
74847
74962
74987
75522
75754
75761
77626
77710
78969
79345
79414
80333
81144
81259
81686
81885
82179
82787
83123
83519
84897
85283
85513
85608
85731
85927
86195
86699
87185
87899
90199
90435
90520
91078
91185
91245
91747
91757
92940
93076
93404
93565
93856
96071
96265
96278
96323
96453
96556
97025
97087
97344
97545
99131
99215
99435
99583
99667
99842
99908
99918
100545
100638
102208
102409
102636
103286
103652
104730
104876
105388
105598
107091
107527
107569
107607
107780
109818
109848
110586
112615
112624
113333
113598
114007
114707
114747
114769
116501
117394
117516
118067
118723
118854
119005
119917
121338
122560
124921
124975
127418
128101
129094
130032
130963
131281
131396
132056
132073
133071
133457
134014
134361
135142
136238
136425
137448
138277
138362
138595
138620
139622
140061
140137
141206
141225
141408
141492
142179
142360
143318
144984
145211
145868
146694
147399
147834
148169
149224
149623
150024
150678
151300
152556
152823
152902
154107
154177
155110
155113
155239
155987
157277
157660
157837
157940
158119
158941
158961
159054
159974
160107
160270
160696
160701
160905
161553
162159
162329
163861
163878
164633
164797
164889
164949
164978
165433
165830
167029
167796
168163
168444
168606
169769
169950
169996
170698
170896
171058
171292
171901
171958
172083
172175
173409
173540
174530
175500
176925
177377
179912
179955
180653
180861
181244
181931
181970
182616
182994
183375
183572
183725
183976
184094
185583
186769
186887
187169
188025
188610
189994
190139
190364
190539
190894
191669
192464
192794
192853
192948
195568
196091
196215
197572
197598
197915
198155
198420
199143
201104
202392
202557
203134
203735
203762
205206
205744
206666
206880
207954
209058
209506
209916
212378
213773
213996
214769
214925
215819
216284
216483
217784
218099
218757
218905
219529
219741
221841
222229
222375
222439
222902
223197
223720
224133
224325
224739
224945
225134
225363
227230
228154
228501
228707
229322
229737
230186
230855
231230
231945
232151
233055
233969
234387
235391
235747
235994
236110
236484
236696
236885
237138
237726
238468
239825
239952
240476
240907
241271
241414
241902
242782
242885
243116
243746
244008
244082
245123
245781
245984
246006
247337
247375
247677
248003
249104
249135
249260
250837
251158
252229
252314
253163
253463
253842
256091
256236
257265
257456
257858
258409
258625
260010
261467
261715
262031
262232
263366
263382
263813
264396
264586
264770
264782
265993
266146
266259
266358
266575
266778
267176
267190
267923
268147
270048
270236
270401
270660
270823
271265
271380
272563
273741
273773
273821
275259
275807
275895
277007
277412
278203
278216
278920
279633
279857
280652
280894
281253
281357
281608
281875
281883
282033
283431
283529
283761
284449
284746
285254
285440
286145
286781
286827
287884
288907
289052
289238
289268
289520
289714
289815
289883
290056
290187
290669
290758
291558
292707
293102
293821
295239
295514
295652
295943
296616
297017
297347
297866
299811
300736
300778
301698
302292
303355
303503
303534
305891
306167
306215
306298
306452
307068
307130
308256
308304
309078
310800
310989
311114
312000
312062
312507
313113
314898
315130
315364
315611
316377
316436
317446
317700
318113
318642
318931
319323
319689
320047
320276
320670
320789
321874
322242
323144
323338
323462
323561
324420
324946
325082
326958
326971
327134
327808
328262
328315
328435
328486
328762
329304
329482
330566
331518
331829
332177
332464
333623
334397
334752
335862
335950
336084
336347
337226
337562
338147
338951
339458
340191
340236
340475
341216
341688
341762
342106
342616
342732
343037
343135
343239
343351
343399
343728
343759
343877
344549
344610
345170
345463
346032
346083
346208
346212
346648
347121
347408
347602
347678
347850
347863
347960
348198
348382
348453
348736
348884
349507
349955
350248
350347
350648
350654
351075
351131
351170
351222
351472
351693
352119
352209
352242
352931
354058
354474
354642
354814
355006
355158
355355
355986
357517
357676
359711
360680
361178
361290
361608
361732
361812
362506
364279
364288
364298
364934
365062
365181
366305
366626
366846
367843
368039
368874
369078
369563
369664
369801
370364
370493
370841
371702
371798
372485
372542
372917
373175
373202
374166
374237
374525
375423
375605
375628
376172
376174
376987
378174
378406
378556
378681
378747
379522
379889
380767
380863
381030
381344
382029
382191
382715
383897
384613
385002
385486
385919
387490
388449
392355
392429
392448
392570
393020
393875
394048
396230
396792
397104
397210
398008
400669
402007
402230
402633
402699
403032
403042
403177
403337
404218
404472
404493
405075
405093
405226
405674
407151
407587
409863
410149
410358
412004
412272
414008
414348
414675
414736
415484
415753
417587
418266
418426
419763
419881
420467
422604
423277
423769
424569
424582
426488
426894
426895
427231
427376
427429
428151
428888
429184
430029
430796
431793
433988
434007
434804
435402
437083
437493
437599
437722
438009
438017
438113
438462
440212
440536
440752
441288
443225
443734
444030
445290
445668
446196
447875
448087
448622
449339
449412
449863
451941
452139
452765
452852
453171
453184
453209
454340
455302
456191
456270
456333
456886
457428
457682
457954
458958
459391
459481
461147
461210
461383
462179
462209
462447
463012
465612
466255
466369
466714
466885
467013
467095
467234
467297
467766
467837
467928
467957
468014
468212
468411
468417
468772
469088
469921
471043
471280
471930
471940
472023
472059
472191
472587
473802
474472
475278
475644
476388
476883
477738
479282
479763
481432
481542
481837
481903
482112
482203
482684
483046
483095
483531
484036
484421
484668
484996
486414
486545
487213
487218
487499
487705
487713
487809
488147
488377
489809
489931
490431
490637
490804
491836
493385
493735
495060
496011
496069
496453
496829
496857
498428
498786
498951
499216
499335
499421
499461
499568
499601
499792