97
1078
1224
1627
2537
3263
3973
4234
5920
6138
6178
6548
6684
9514
9735
10912
11382
12802
13091
13207
13291
15218
15220
15614
16057
16065
16531
16621
16847
18063
18991
19094
19624
20165
20331
20335
21315
21463
21869
21919
23229
23448
24171
25761
26069
26613
26796
27003
29351
29905
30081
30120
30427
31264
31894
31926
31960
32658
33374
33732
33775
34040
34462
35881
36660
37115
37729
38235
38264
38267
38408
38988
39264
39710
40229
40475
40523
40741
40783
40835
41275
41432
41917
42954
43243
43289
43306
43733
43773
44387
45622
45919
46959
47994
48010
48441
48833
49525
50199
50396
50469
51157
51899
52557
52680
52902
54095
54606
55656
56390
56406
57499
57888
58074
58156
58300
59134
59590
59769
60862
61259
62048
62309
62501
62838
62974
63253
63602
63983
64619
65693
65774
66011
66652
66964
67830
68072
68455
68676
69209
69315
69954
69983
70089
70101
70416
70988
71187
71620
72426
72939
73588
75369
76012
76346
76386
76647
77489
77526
78972
79209
79367
79395
80481
80742
80899
81057
81645
83041
83388
83700
84034
84428
84558
84810
85002
85105
85553
86037
86288
86300
86904
87951
88047
88161
89997
90120
90320
90375
90427
93810
94625
94796
95204
95232
95481
95638
96564
96742
97260
97738
99874
100034
100222
100583
101238
102131
102135
102262
103067
103219
104742
105362
105663
105710
106498
106721
106939
107337
108276
108549
108819
109462
109655
109831
109854
110052
110751
112066
112109
113690
113894
114214
114320
114576
115891
116983
116986
117470
117785
117970
118473
118547
118663
119469
120130
120200
120217
120376
121246
121607
121880
123137
123202
123809
124343
124533
124695
126213
126276
126561
127047
127119
127262
128360
130037
130102
130345
130527
130695
131332
132725
133328
133659
134257
134396
134821
135155
136211
136327
137278
137703
138272
138273
138860
139009
139675
140208
140419
140603
141453
141926
142444
142862
143305
143937
144081
145321
146032
146763
146919
147376
147580
148017
148659
148846
149447
149937
150806
150930
151338
151417
151721
151793
152306
152359
152769
153618
154005
155144
156930
157159
157182
157530
157594
158190
158395
158668
158853
159508
160502
161422
161476
162347
163264
163441
164038
164980
165275
166274
167397
167749
168585
168923
168923
169822
171055
171577
172091
172151
173600
174102
174408
175148
175260
175331
175415
175641
175838
176472
176695
177458
177650
177791
177835
178502
179258
179476
179663
180096
180845
182021
182684
182929
184760
184778
184849
184893
184985
185367
185757
185948
186048
186425
186878
187000
187495
188633
188700
188975
189019
189319
189483
190051
190061
191100
191378
191504
192676
193340
194188
196545
196712
197075
197180
197389
197827
199370
199756
199796
200114
200464
200549
200872
201586
201681
202111
202828
202976
203425
204387
204507
205097
207363
207378
207641
208335
208718
208971
209299
209474
209612
209949
210080
210504
210719
210846
211634
212950
213231
213725
213797
213909
214082
216230
217054
217178
217202
217805
218151
218532
219158
220005
221463
222064
222066
223182
223446
223622
224263
224881
225824
226274
226357
228653
229859
230624
231088
231378
231403
232177
233391
234307
234653
234734
235304
235383
235571
235601
235718
235778
236100
236175
236187
236625
237628
237682
239291
239502
240309
240420
241262
242547
242608
242887
243404
243675
244160
244493
244662
245693
246819
246823
246993
247014
247235
247505
247509
247685
247823
247983
248318
248636
248651
248935
249360
249796
251020
251599
251725
251880
251932
252857
252921
252950
253203
253565
253707
254528
254543
254791
255646
255885
256275
256461
256835
257270
257272
257955
257986
258123
259141
259182
259291
259908
259963
260134
260406
261101
261730
262498
263350
263794
264235
264670
265794
266110
266815
267530
267574
267582
268014
268316
269236
269544
269989
270292
270322
271393
272349
272386
272809
272886
273623
273736
275703
275822
278403
278500
280183
281925
282609
283394
284338
285224
287790
288429
289548
289990
290318
290408
291280
291777
291890
291963
292261
292410
293580
293756
293973
294435
294523
294733
294744
295100
296264
296579
297025
297412
298079
298412
298935
298985
300034
300318
300605
301308
301323
302591
303680
304159
304439
304660
305813
307519
307808
309533
310052
310214
310453
311572
311783
312392
312960
313155
314593
314622
316126
316231
316584
316630
317251
317500
317579
318038
318057
319050
319690
319876
320157
321602
321759
321939
322441
322561
323747
324276
324294
324621
324970
325043
325279
325785
325972
327172
328892
329514
329599
330121
330387
331499
331775
333388
333596
334822
335182
335577
337293
338318
338539
338704
338922
339867
340104
340630
341343
342053
342415
342597
342664
342831
344104
344132
344968
346207
346712
346994
347590
347917
348205
348542
348714
348818
349039
349134
349150
349563
349780
350469
350579
351344
352497
352914
354070
354703
355737
356738
356951
356954
357028
357119
359161
359273
359826
359836
360366
360378
360527
360571
360647
360869
360876
361628
362061
362628
362777
362988
364960
365446
365488
365526
366378
367019
368771
368895
369259
369519
369706
371088
371089
371145
372003
372414
373134
373945
374152
374976
375783
375955
376698
376949
377178
377895
378309
378892
378903
379183
379867
379965
380444
380488
380939
382800
383097
383843
384167
384228
385687
386821
387058
387461
387568
387841
387983
389287
391177
391758
392640
392798
392819
393043
393264
394122
395482
395536
396104
396683
396870
397037
397182
397643
397678
397810
398048
398753
399210
400268
400465
400598
400868
402938
403370
403758
404066
404416
405048
405706
406231
407295
408269
409155
409489
409701
410073
410410
411967
412612
412644
414591
414683
415247
416068
417704
418738
418805
418927
420332
420665
421671
421705
423095
423240
423247
423945
424458
425349
425702
426880
427354
427393
427478
427793
428098
428680
429502
429779
430492
432099
432614
432738
432883
433010
433222
433677
433777
434743
434754
435181
435694
436714
438534
438815
439135
439578
440261
440507
440641
442564
443864
444042
444057
444283
445038
445194
445358
445751
446072
446256
446692
446693
446959
447111
448002
449063
449365
449728
451129
451475
452174
453066
453172
453324
453486
454248
454813
454899
455052
455254
455553
455900
455917
455968
456407
456802
456896
456911
457025
457585
458188
458303
458316
459096
459387
459436
459875
460267
460450
460521
460741
460928
461592
461620
462047
462368
462621
462767
462856
463013
463691
463692
464040
464666
466837
467092
467186
467224
467408
467567
468246
468673
469316
469799
470555
471213
471448
471486
471551
472464
474003
474066
474109
474142
475305
475394
478755
478856
479492
480792
481004
482041
483158
483275
483295
483328
483732
484313
484953
485229
485319
485387
486046
487087
487896
488248
489798
490229
490303
490631
490952
491010
491854
492194
492549
492813
493100
496525
496955
497064
497206
498797