224
348
1181
2016
2377
5738
6976
7838
8089
8353
8411
8825
9415
9623
9665
10222
11507
12886
13365
14171
14542
16021
16051
17418
17910
18034
18190
18700
19336
20383
20811
21331
22133
22908
23129
23355
23534
24038
24464
24808
25842
26334
26455
26805
27074
27172
27310
27851
27939
28122
29714
30038
30362
30637
30752
31273
31415
31541
31869
32096
32838
32912
33549
33554
33833
35024
35900
36432
36485
36790
37270
37415
37745
37790
39218
39406
39748
39987
40082
40454
40595
40914
41370
42458
42816
44654
45774
46785
46987
47950
48136
48391
50222
50739
51104
51978
52053
52701
54016
54212
54538
55291
55812
56607
57516
57903
57905
58103
59051
59113
59216
59941
60698
60726
61707
63948
63959
64792
64956
65173
65622
66184
66485
66554
67593
67905
68037
68313
68408
68805
69023
69258
70168
70936
70950
71137
71266
71688
72364
72899
73163
73350
74357
74580
75010
76721
77616
77656
78408
78447
78856
80437
80457
81519
82092
82321
82449
82525
83459
84231
84706
84930
84943
85448
85488
85750
85963
86041
86873
87960
88505
89179
89523
89731
89772
90278
90399
91674
91699
92562
93197
94069
94980
95103
95246
95367
95601
96074
96500
96586
96805
97055
97510
97870
98218
98820
99157
100418
100722
100767
101094
101588
102238
102475
102864
103233
103420
103807
105450
105650
106043
106494
106547
106671
106846
107373
107397
107823
108566
108632
108957
109293
109651
109709
109806
109936
110237
111402
111712
112351
112753
112839
113596
115726
116139
116585
116607
116665
117088
117724
117794
118088
118985
119133
119315
119864
120243
120377
121550
122287
122468
122647
123678
124139
124510
124811
125746
126286
126491
127507
128935
129338
130788
131130
131211
132038
132434
132475
133300
133319
133911
134804
134947
135614
135978
136355
136597
136726
137174
138436
138464
138562
138746
140123
141417
141423
142141
142180
142264
143039
143285
143534
144560
144561
144654
144824
145509
145540
145759
145819
146006
146012
147323
147759
148226
148640
149446
149478
149724
149837
150767
151186
152061
152899
154516
155059
155061
157882
158481
158848
159781
160159
161530
162420
163029
163399
163595
163688
163962
165885
166309
166540
166905
167076
167768
168025
169111
169304
169670
169755
169999
170266
170775
171959
173531
173848
174321
174973
177036
177053
177425
177543
177659
177962
178261
178582
178682
178810
179519
179806
181120
181608
182775
183065
183297
183300
185576
185596
185629
185807
185839
187281
187884
189533
189756
189851
189909
189932
190478
190642
191184
193343
193345
194463
195190
195771
195806
196270
196447
196484
197712
198302
198582
199509
199742
199915
200428
201009
201100
201631
201923
202607
203453
204592
204678
204865
204884
205168
205352
205472
205758
205862
206278
206376
207250
207936
208077
209043
209430
209566
210327
211180
211713
212253
212459
212778
212984
213045
213406
213640
213691
214251
214789
215554
216196
216230
217525
217984
219226
219522
219757
219972
220499
220634
220734
221032
221415
222247
222409
223585
224837
224913
225333
226388
226538
226943
227253
227481
228684
229431
230204
230567
231564
231924
232532
232558
232881
233094
234335
235095
235175
236503
236752
237036
237139
237803
238300
238380
238544
238968
239061
240434
240688
240698
240748
241267
241398
241593
242660
242680
243522
244481
246222
246613
246944
247104
248255
248257
249955
250053
250216
250731
251164
252076
253140
254158
254870
255203
255513
255770
256083
256113
256263
256437
256698
256966
257011
257581
257978
258220
258722
259061
259929
259954
260765
261369
261982
262394
262666
263335
263453
263643
263724
265835
266332
266461
267052
267429
267659
267878
267897
268111
268607
269904
270356
270551
271622
273611
274069
274092
274693
274868
276407
277620
279700
279902
280083
280323
281283
281597
282164
282798
283538
284416
284839
284994
285044
285194
286207
286673
287902
287947
288030
289137
289558
289653
292312
293352
294280
294873
294916
295347
295488
295624
297012
297153
297560
297893
298611
298768
298852
299663
299909
300620
300772
300971
301954
302408
302503
302739
302971
304571
304709
304829
304845
305009
306767
307544
309261
309457
309546
309874
310356
310433
310567
310767
311148
311204
311480
311582
311841
312066
312155
312443
312713
313564
313607
313929
313960
314212
314218
314896
315651
315935
317903
318155
318184
318333
318910
319674
319865
320085
321206
321729
321789
321821
322506
322737
322809
324326
324367
324672
324778
324870
325010
326076
326328
326487
326649
327500
327834
328245
328464
328761
329121
329304
329594
330575
330927
331497
332584
334130
334337
335794
336124
337253
337417
337706
338673
339945
340206
340832
341375
341814
342887
343071
343559
344644
345724
346246
346555
347437
348340
348616
349063
349552
349642
349799
352302
353385
353441
353686
353865
354082
354302
354320
356192
357501
358093
359436
359527
359656
360071
360674
360923
361653
362477
362675
362744
363365
363605
363808
364135
364499
365661
365921
366312
367096
367314
367322
367367
368393
368433
368465
368547
368939
370575
371220
371799
372418
373212
373437
373636
375904
377636
377801
378095
378266
379216
380015
380204
380230
381889
382409
383539
383729
384026
385355
386213
386695
387076
387510
387645
387803
387807
387921
388117
388413
389380
389695
390107
391381
392130
392722
392956
394361
396070
396070
396946
397088
397203
397485
397494
398044
398489
398543
400290
400453
400903
400928
401185
402171
402299
402815
403445
403521
403875
404579
404953
405928
406264
406599
406908
407144
409511
409747
409913
410669
410839
411850
412042
412122
412330
413015
413143
413742
413969
415079
416018
416784
416921
417826
418160
418419
419718
419723
420024
421063
421182
421222
421517
422349
422495
422518
425703
426197
426639
426753
427939
428438
429139
429218
429794
431675
432816
433335
435311
435819
436884
437714
438036
438979
439322
439332
439390
439646
439658
439815
440136
440478
440543
441455
441555
441817
442971
443397
443609
443892
444059
444325
444520
444881
445484
445963
446582
447091
448514
449219
449300
449313
450085
450738
451361
451532
451846
452941
453141
453457
453672
456773
457232
458054
459025
459595
459727
459801
460013
460113
460874
461769
462172
462446
462923
463027
463356
463496
463512
464022
465596
465600
465829
466089
466458
466738
467131
467155
467261
467901
468576
468971
469335
470244
470321
470958
471335
471829
471947
472097
472498
472860
473411
473461
474566
474990
475284
475605
475846
475879
475999
477613
477733
478188
478304
478558
479089
479267
479378
479571
480265
480295
480726
481116
481253
481406
481475
481758
483273
483776
483932
484274
484538
484903
485173
485746
486292
486302
486582
487290
487347
487745
488319
489944
490079
490271
490398
490594
490969
491108
491224
491990
492380
492460
492564
492908
493598
493631
493820
494550
495060
495657
495842
495904
496265
497487
497628
497649
497764
497869
498468
499230