610
749
1474
1526
1996
2375
2808
2982
3113
3892
4135
4958
5686
5984
6012
6110
6612
6759
7018
7189
7646
8069
8764
10080
14470
14961
15148
15886
16032
16419
16443
16583
16809
17027
17642
18365
19619
19656
19823
20128
20629
23301
23318
23566
23791
24870
24981
25203
25634
25708
27006
27190
27345
27483
28233
28241
28648
28911
29032
29080
29173
29593
29781
29889
32106
33388
33432
34372
37062
37080
37744
38141
38905
39125
39427
40213
40601
41446
41733
42605
42716
43470
44215
44292
45062
45520
46028
46559
47669
47841
47910
48383
49004
49822
50790
50791
50804
51526
51875
52835
52999
53710
54381
54679
54809
55481
55697
55808
57435
57772
57776
58157
58837
59323
59810
60629
60745
61447
61480
61730
62023
62359
62780
62881
64166
64852
65069
65333
66568
66854
67018
67572
69752
70724
70896
71571
71965
73147
73571
73984
74434
74605
74905
75165
75508
75684
75703
76504
76888
77151
77310
77860
78025
79022
79824
79993
80291
80326
82326
84027
84115
84194
85450
85463
85949
86257
86485
87436
87599
89056
89518
89551
89754
90113
90521
90812
91787
91876
92405
92469
92477
92718
92892
92984
93181
94730
95253
96455
97144
97266
98409
98433
99134
99347
99716
100604
100764
100917
101737
101776
102272
102564
102712
103598
103823
104164
104297
105137
105245
105246
105957
107038
107398
108213
108389
108535
109599
110115
110220
110295
110897
111001
111270
112647
113543
113551
114245
114288
114473
116299
116764
117053
117334
118042
118754
118966
119341
119402
120246
121266
121470
121663
121997
122199
122220
122399
122605
122700
123032
123085
123414
124416
125569
126851
127200
127245
129300
129775
130382
130520
130645
130667
131771
132218
132896
133130
133338
133379
133529
133829
134105
134551
134748
135162
135592
135928
136052
136179
136304
136485
136832
137211
137356
137393
137580
138657
139112
139145
140498
140650
140776
140925
140951
141871
142340
142658
143617
143641
144333
144535
145582
146692
146864
147771
147917
147920
148153
148617
149431
150052
150207
150557
150791
151395
151417
151965
152662
152684
153247
153369
154547
155023
155123
157344
157596
157766
157859
158324
158679
159233
159975
160145
161207
161758
162316
163254
163567
163879
164100
164195
164995
165067
165735
166676
167718
167817
168884
169005
169057
169470
169486
170205
170571
170852
171279
171329
174007
174733
174744
176281
176910
177010
177507
179419
179858
180408
180828
181462
181526
181534
181555
181790
181869
182149
182363
183254
186050
187093
187522
188405
189387
189681
190189
190309
190335
190922
190966
191202
193353
193867
194105
194440
195036
195063
196010
196245
196344
196471
197466
198087
198863
201271
201475
201624
202033
202114
202190
202224
203597
204231
204288
204975
205430
205889
205926
206668
207740
207830
207973
207996
208330
209441
209871
210012
210101
210734
211058
211073
211524
212545
212564
212749
212785
215322
215893
215979
217638
218019
218085
219274
220067
220598
220619
221073
221132
221186
221649
221746
222471
223534
223594
223597
224887
224888
226251
226263
226594
227529
227705
227995
228061
228734
228850
229205
229501
230663
231470
232648
233288
234343
236253
236559
236592
236743
236771
237085
237127
237381
237430
238221
238392
239587
239812
239889
240504
241360
242376
242528
242678
242807
242994
243535
244004
244664
244989
245505
245789
246024
246126
246829
247206
247800
248669
248737
248965
249340
250198
250413
251232
251455
251953
253626
254092
255366
255645
256544
256657
257065
257133
257183
259198
259346
259509
260940
261295
262709
262965
263561
263919
264556
265087
265152
266016
266964
267001
268644
268928
269783
271133
271729
272074
272272
272478
272820
273633
273916
274143
274156
274868
274961
275255
275792
276325
276924
277423
277434
278205
278539
279300
280539
280618
280661
282050
282358
283091
283613
284116
284175
284940
284941
285245
287675
287979
289849
289909
291022
291472
291724
292104
292532
292770
292835
293172
293505
294159
294374
294927
295148
295863
296392
296952
298896
298959
300438
301144
301649
302014
302571
302673
303365
303804
303904
304204
304907
308879
309034
309598
311278
311669
313252
313566
314363
314734
315193
315991
317164
317415
318209
318615
319143
319198
320133
320961
321494
321885
322914
324491
324684
325224
325775
326294
326527
326674
326973
326987
327017
327277
328675
328978
330000
330627
330714
332494
333518
334761
336431
337084
337189
337358
339668
339719
340049
340143
341000
341290
341358
341711
343830
343915
344722
345523
346432
346660
346671
347501
348209
348783
349456
349484
349632
349672
349829
350067
351116
351198
351751
351758
351939
352779
353079
353685
354416
354676
355328
356024
356290
356489
357106
357326
357553
358539
359253
359897
360156
360236
360650
360867
361101
363236
363293
363958
364028
364158
365730
365782
365997
366069
366730
367350
367951
368258
368389
368474
368496
368721
369633
370290
371510
371878
372817
373592
374015
374111
374583
375459
375948
376177
376514
376638
376802
376907
376961
378175
379495
379836
380638
380854
381093
381111
381684
382781
383140
383923
384580
384976
385356
385517
385618
387656
387721
387793
387989
388472
388538
388785
388958
389289
390160
390411
390670
390973
390990
391041
391853
393090
393696
393950
395510
396294
397327
397747
398065
398747
398928
399135
399346
399389
400699
401038
401510
401577
402383
402817
403091
403198
403206
403565
403919
403972
404170
404489
405374
405565
406025
406490
406538
407719
408248
408376
408640
408863
409147
409779
409855
410156
411802
412737
413341
413694
414095
414697
415055
415154
415393
416108
416125
418765
419642
419722
420040
420663
421219
422468
423026
423241
423306
423527
423547
423906
424400
424730
425010
425588
425871
425873
426583
427384
427954
429057
429390
429633
430031
430563
430789
430797
431045
431193
431326
431780
431952
432371
432438
432748
434075
434374
434535
435015
435481
435628
435708
436360
436942
437527
437801
439048
439247
439473
439801
439823
439963
440329
440603
440818
441539
442194
442423
442675
442860
443843
444194
446008
446348
446512
446798
447163
448161
449826
450822
451340
451567
451618
452287
452295
452401
453028
453232
453295
454165
455249
455685
456638
456770
456793
457141
457198
457856
459185
459256
459705
459894
460309
460886
461487
461615
461734
462081
463613
463673
463688
465004
465794
466014
466070
466459
466469
466470
466538
466882
468823
468825
468941
468969
469170
469984
470471
471047
471262
472265
472524
473089
473562
473673
473756
474085
474602
474731
475092
475189
475415
475864
476189
476540
477004
477243
478172
478661
479107
479440
479975
479999
480945
481017
482951
483428
484982
485379
486840
487556
487560
487734
488261
489266
489430
489605
489852
490106
490185
490832
491380
491691
491781
491917
492006
492685
493116
493226
495050
495110
495203
495697
497437
497613
498962
499235
499244
499524
499554
499748
499760
499776