492
1539
1631
2002
2816
3440
3826
4095
4548
4763
4843
6311
6796
7411
8185
9667
10576
11054
11268
12274
13749
13895
14117
14495
14865
15545
16167
16265
16476
16576
17000
17501
17765
18229
18699
18708
19214
19589
19618
20911
21014
21016
21942
22813
22906
23046
23385
24476
24975
25629
26781
27579
27806
28106
28214
29942
29946
30905
32629
32779
33095
33488
33783
34210
34377
34407
35246
35624
35630
36240
36494
36828
37351
37888
38384
39115
40730
41380
42032
42530
43254
43724
43739
43810
44509
44697
45098
45128
45633
45687
46652
46768
47055
47433
47912
50007
50483
50854
50900
51681
52413
55770
56779
57730
58445
58495
58921
59505
61025
61511
61796
61970
62145
62383
62609
62611
62705
62919
64062
64174
64231
65324
65470
65696
66631
66924
67652
67916
68649
69049
69288
69471
69825
70139
70144
70654
71433
71882
72786
72841
73055
73705
74187
74554
74627
75053
75620
76189
76373
76424
77628
77744
77967
78710
78820
79945
81815
82742
83675
85217
85974
86581
87905
88417
89412
89599
89860
90137
90180
90460
92061
92340
92344
92526
92630
93311
94419
95953
96007
96284
96501
96716
97201
97773
97777
97939
98509
98596
99386
99908
100350
100448
101267
101998
102517
102777
104251
104629
105617
106406
107322
107484
107786
107835
108354
108396
108421
110207
110656
110833
112130
112857
113321
113470
113487
113499
113545
113546
113635
114051
114912
116095
117295
117550
117868
117952
118092
118737
119711
119891
120122
120614
120675
122943
123300
123359
123738
123918
123974
124372
124668
124879
126148
126589
127163
127210
128246
128782
128796
129283
129339
129491
129600
130067
130199
130721
131324
131331
132270
133059
133162
133468
133763
133784
133829
133845
133858
134100
134661
135544
136367
138168
138865
139042
139192
139320
139583
139868
140020
141645
142912
143692
144047
144992
145356
145627
146300
146791
146831
147801
148392
148565
148825
148829
149857
150313
150464
151013
151894
152515
152637
152704
152719
152799
153551
154155
154187
154380
155101
156365
156742
157577
157695
157794
158416
160353
160798
161883
162550
164944
165755
166184
167433
167566
167782
168881
169491
169734
169763
170271
170676
170741
170996
171211
171634
172787
173387
173773
173833
174506
174930
176032
176574
176621
177050
177793
178317
178396
178618
178862
179526
180232
181086
181206
181231
182045
182128
182162
182675
182869
183863
184156
185067
185193
185294
185759
186002
186172
186546
186868
187540
188766
188971
188989
189017
189060
189153
189272
191483
192090
192241
192604
193320
194160
194375
194880
195006
195897
196137
196481
196719
197006
197443
197782
198106
198289
198826
199414
199516
199960
200497
200982
201335
204077
204179
204416
204556
204869
205450
206903
207280
207707
209490
210731
210764
210995
211458
211916
212658
212708
215593
215719
216244
216589
217132
217334
217363
217511
217706
217707
217783
218928
219913
220042
220493
220702
220707
220759
221224
221727
221856
222529
223367
223557
223632
223724
223748
224892
224953
225385
225585
225619
226151
226499
226547
226794
227690
228069
229110
229410
229591
229983
230543
230659
231039
231273
231341
231648
231924
234186
234635
235138
235452
235601
235670
235806
236505
236620
236720
236913
237030
237288
237291
237938
238358
238721
239149
239759
240018
240620
240903
241464
241502
241838
242254
243059
243482
245068
245141
245788
245911
246073
248351
248462
248467
248523
249147
249327
249403
249727
250044
250264
250385
250900
252952
253438
253852
256913
257019
257222
257490
258463
258785
259044
259083
259117
259632
259665
259726
259763
259807
259825
260364
261074
261542
261563
262683
263236
263464
264124
264555
265113
265620
266010
266097
266200
266418
266490
266583
267890
268648
268849
269430
269549
269661
269766
270394
270504
272328
272345
272564
272756
273134
274431
274802
275160
276292
276308
277227
278239
279659
279702
279771
279816
280073
280430
281804
282547
282916
283594
283675
284034
284158
284442
284836
285133
286011
286062
286628
286849
288209
288291
288772
288908
289351
290523
291472
291596
293432
293508
293608
294389
294979
295809
296487
297692
297800
299840
299935
300629
300803
302324
302402
302651
303500
303595
303637
303785
303943
304026
304566
304628
304787
304928
305608
305660
305746
305923
305956
306048
306189
306368
307122
307126
307455
307827
307855
308614
308707
311228
311321
311425
313146
313157
313498
316722
316940
317000
317162
317354
317577
318779
320154
320699
321311
322174
322972
323552
324717
325669
326143
327221
327385
327469
327646
327693
328040
329024
329464
329689
331680
332290
332461
332468
332731
333815
334284
334322
334504
334655
335766
336113
336437
336925
337578
337894
337971
337994
338981
338985
339296
340457
340645
341247
341904
342591
343244
343486
343817
344049
344051
345015
345233
345656
346702
347118
348511
348611
348758
349685
349709
349748
350050
350797
350996
351268
352927
353820
354058
354912
355308
355417
355990
356736
356954
357459
357779
358055
358378
358453
358938
359224
359712
361054
362021
363363
363459
364425
364617
364964
365085
365322
365652
365809
366515
367690
367705
368096
368675
369315
369377
370772
370865
371027
371321
371629
372083
372101
372294
372444
372449
372554
373216
373557
374969
375538
375853
375879
377169
378690
378768
379565
379926
379965
381342
381902
382869
384802
385286
386378
387463
387584
387818
388791
389132
389418
389484
390716
390924
391208
392453
392645
394225
394851
396274
396670
397137
398085
398396
398420
399020
399572
400453
401392
401548
401649
402026
402060
402259
402457
403814
404364
404869
405362
406655
406782
407320
408598
408996
409872
410234
410488
410883
412359
412415
412429
412503
413125
413441
413874
414596
415398
415993
416049
416205
416573
416986
418296
420054
421322
422118
422538
423266
423331
423425
424017
424437
424882
425588
425798
427924
428180
428470
429984
430997
431001
431426
431944
432550
432793
434143
434656
435106
435501
435572
435593
435691
435784
435807
436187
436210
436555
438079
438429
439940
440622
443452
443824
444120
444280
444386
445941
447519
447698
448524
448741
448888
450097
450485
450806
451333
451599
451887
453153
453192
453213
453862
453980
454581
454865
454913
456593
456907
457609
457621
457812
457961
458041
460036
460817
461487
461657
461709
462615
462656
463428
464139
464851
465106
465645
465992
466063
466165
466542
466659
467605
468236
468966
469452
469558
470252
470349
471698
472283
473109
473470
473874
474546
475102
476503
476825
477556
477717
477780
477848
477900
478272
478426
478597
478785
479126
479287
479638
480184
480908
481223
481270
481855
481908
481966
482295
482978
483037
483283
483711
484533
484839
485232
485414
486139
486287
486472
487026
487680
487928
488337
488890
489104
489156
489402
489609
490230
490476
490594
491586
491977
492369
492777
492871
494151
494269
496217
496301
497244
497767
497800
498022
498693
499223
499240