368
409
507
1178
1341
1385
1700
1898
2141
3244
3490
3708
3771
4268
4284
4800
4929
6113
6836
7024
7081
8377
8586
9261
9762
10266
10325
11624
12398
12906
13051
13235
15587
16431
17556
17601
19282
19307
19619
20125
20868
20940
21334
22755
22902
23451
24231
24415
25179
25657
27951
28159
28294
28594
28600
30747
32403
32622
33418
35118
35342
35637
35715
36442
36445
37452
37585
37827
38466
38486
38718
38992
40790
41012
41186
41602
42662
42704
42825
43013
43178
43303
43601
44579
44980
47661
48140
48281
49328
49641
50019
50212
50800
51085
52306
52318
52627
52917
54786
55742
55827
56849
56984
57806
59145
59262
60111
60282
60710
60744
61017
62495
62602
62638
62760
62873
63126
63452
63569
64268
64666
64835
65579
65583
65955
66006
66383
68074
69259
69317
70186
70325
70524
71057
71778
72119
72701
73128
73187
73316
73605
74084
74106
74229
74375
75473
76675
76801
77449
78322
78366
78491
78570
78636
78895
79198
80340
80706
80780
80965
80974
80977
81061
81252
81299
81810
82265
82331
82538
82654
82729
84487
85299
85310
85316
85668
87121
87193
87909
89165
89260
90277
90706
91305
91309
92043
92126
93306
94006
94069
96274
98040
98126
98294
98744
99231
100328
100540
100635
100860
101027
102483
102633
103061
104531
105454
106036
106189
106541
107954
108752
108862
109923
110617
112009
112024
112135
112242
113605
114311
114791
115093
115631
116298
117022
117473
117696
119163
119420
119474
119784
119889
120506
120560
120969
121367
121567
122149
123247
124036
125151
126998
127394
127852
127939
129410
129600
129808
129845
129913
130857
130891
131221
131523
131957
131973
132557
133279
133832
134083
134812
134862
135685
136005
137612
137861
138428
138599
139394
139612
139723
139766
140586
142148
142293
142436
142910
143435
143700
143988
144152
144361
144519
145008
145176
145465
145979
146191
146573
146587
147545
148232
148716
148980
149203
149263
149431
149903
150305
150355
150547
151079
151109
152708
153468
153520
153584
153672
153726
154871
156321
156357
157631
158436
158468
158756
159088
159369
159600
159851
160059
160078
161220
162565
163198
163745
164877
166029
166063
166417
166783
167085
167930
169527
169569
169592
169780
170805
172237
172324
172333
173265
174470
175311
176174
176621
177312
177667
178391
178468
178469
178474
178737
179702
179962
180999
181156
181641
183509
183584
183766
183953
184020
184190
184487
184567
184816
185759
186013
186163
186757
186918
186993
187429
187972
188235
188520
189337
189364
189782
190120
190341
190346
191210
191245
191292
191533
192767
193077
193258
193807
194379
194458
194496
194962
196318
196356
196544
197296
197848
198318
198816
199180
199753
200051
200218
200405
200480
201750
202058
202261
202475
202986
203096
203221
203500
205013
205078
205905
206165
206237
207387
207438
207603
208626
209193
209736
210136
210252
210345
210434
211323
211822
213009
213938
214017
215382
215549
215956
216384
216762
216886
217693
218086
219466
219991
222011
223431
223446
223818
224617
225835
227776
228276
228471
228645
228649
229445
229459
230196
232393
232918
233060
233883
234301
234361
234431
234436
234556
234746
235525
235835
236523
237844
238785
239089
239339
239745
240114
240514
240529
240906
241049
241238
241563
242122
242203
242684
243079
245158
245286
245527
245627
245769
246080
246702
247276
247572
247574
247678
247958
249234
249888
250116
251355
251541
252166
252311
252642
253079
253623
253857
254096
254152
255445
255586
256250
256436
256511
256601
256689
256917
258164
258450
259040
259054
259127
259230
259563
259597
260070
260144
260185
260428
260756
261056
261416
261970
262144
262599
263172
263298
263384
263590
263833
263852
264171
264337
264467
264658
265335
265742
267202
267313
267651
269185
270786
271300
272004
272232
272264
272857
273110
273905
274442
274639
274643
274822
274965
275320
276915
277258
277327
278356
278756
280622
281544
281801
282961
283449
284462
285094
285364
286261
286923
287200
287244
287346
288570
288978
289444
290007
290259
290693
290857
291388
291666
291693
293162
293425
295007
295018
296008
296148
296403
296860
297000
297052
297056
297587
298499
299281
299712
299749
299986
300623
301136
301794
302210
302879
303057
303293
304369
304855
305975
306525
306625
307884
307945
308313
308438
308550
309144
309188
309412
309500
311081
312031
312068
313033
313131
313364
313753
314291
315681
316021
316109
316473
317129
317367
318388
318667
318753
320452
320515
320740
320748
321221
321643
322706
323232
323302
323308
324450
324471
324744
324942
325417
325483
325814
326238
326697
326872
327598
328375
328764
329809
330500
330808
332721
332814
332979
333010
333056
333108
333389
333626
334083
334213
334641
334930
335296
335974
336052
336182
336256
336823
337111
337204
337280
338161
338890
339322
339355
339628
340392
340419
341122
341166
341479
341526
342691
342732
342797
342971
343007
343454
343510
343521
343573
344168
345308
345360
345390
345601
345826
345923
346429
347422
347438
347569
348108
349157
350177
351612
351827
352246
352349
352908
353497
353775
355058
355479
355883
356470
357157
357783
359488
359661
361277
361280
361529
361658
366231
368158
369734
369806
369916
370835
371249
372295
372369
372959
373610
373686
373701
374013
374491
375019
375234
375994
376592
377961
378887
379509
380620
380881
381412
383470
383827
384069
384184
384797
385222
385640
386392
386538
387572
387853
388695
388794
388816
391292
391973
394506
394594
395129
395426
395929
396242
396560
397556
398119
399703
399857
400486
400592
400780
401231
402663
403559
404263
405178
405335
405491
405757
405838
405948
406465
406785
407126
407209
407265
407939
408781
408890
409511
409922
410235
410739
411299
412667
413081
413126
413892
413974
414435
414663
415033
415233
415850
416088
417355
418199
418492
419023
419304
419738
419852
420144
421231
421400
422760
422850
423136
423241
424132
424545
425022
425772
426303
426599
427247
427705
428034
428960
429053
429903
430049
430254
430504
430628
431198
431444
432211
432782
432915
432933
433158
435416
435517
435752
435976
436017
438110
438659
439866
441226
441331
442247
442897
443898
445164
447747
448107
449976
450191
450563
452026
452787
452951
452965
454928
455026
455151
455620
455741
455923
457035
457292
458271
458664
458876
458945
459043
459394
459760
459899
460152
461349
461548
462759
463472
464372
464377
465679
465910
466094
467460
467517
467707
467832
467869
467885
468322
468648
469337
469823
470250
471535
472951
474065
474139
474145
474884
475407
475885
475990
476164
476545
476595
478836
478869
480088
480707
480980
481344
481509
481678
481805
482779
483379
483495
485272
485306
486167
486284
486941
487282
487390
487483
488186
488585
489039
489676
489820
489969
490413
490915
493669
493680
494695
494714
495129
495982
496011
496121
496581
496623
496731
496793
497150
497358
497519
497541
498178
498410
498623
498808
499428