243
1399
1423
3530
4205
5040
5323
6495
8362
8657
9350
10105
10241
11419
11454
11564
11594
11636
12419
12582
14595
16617
17521
18063
18360
18926
18928
19131
19415
19794
19897
19980
20703
20827
21648
21661
21665
21947
23785
25261
25471
25726
26402
26419
26997
27246
27299
27325
27540
27816
28072
28180
28257
28342
29011
29722
30206
30387
30709
31596
33652
34312
34467
34560
34600
35194
35588
36627
36893
36899
38170
38718
39101
39330
39380
39527
40629
40645
41236
41903
41951
43302
43533
43542
44195
44580
45327
45410
45564
46240
46441
46988
47171
47216
47523
47532
47747
48711
49337
49653
49783
49830
51195
51313
53050
53486
53601
54155
54776
54864
55248
55652
56179
58716
58950
59064
59378
59407
62329
62792
63110
63365
63402
64512
64741
64807
65275
65386
66721
66819
67442
67583
67825
68526
69388
69443
69716
69951
69966
69974
70294
70359
70412
71478
71742
71831
72543
73941
74450
74736
74923
74955
75614
76143
76521
77054
77131
77189
79020
79511
79522
79556
79655
80134
82034
82278
82601
82803
82838
84050
84280
84337
84413
85396
86176
86902
87260
89551
90026
90199
91007
91128
91311
92125
92413
92965
93088
94109
94808
94885
95333
95576
95624
96313
96729
97675
97903
98813
99002
99371
99963
100480
100708
100838
101907
103026
103228
103462
104057
104779
105354
105788
106567
107451
107674
108239
109549
109565
110007
110036
110387
110564
110998
111122
112116
114337
115563
115596
115797
116058
116134
116671
116837
116869
117424
117432
117962
118094
118754
118755
119056
119217
119473
119479
121024
121555
122548
122648
123095
123261
123552
123629
124390
124436
124580
124824
124933
125007
125289
125407
125774
126174
126659
126682
127474
127854
128746
129584
130239
130607
130858
131402
131810
131913
132288
132322
132607
132861
133360
133675
133906
134016
134404
134885
135137
135889
136392
136652
139574
140133
140185
140729
141414
141480
142239
142245
142659
142852
143339
143756
143905
144314
144484
144774
144809
144949
145153
145956
146785
147107
147690
148419
148497
148753
149453
154553
155013
155141
155432
155863
157957
158016
158132
158162
158246
158246
158785
159602
160033
160464
160739
160965
161357
161391
161637
162283
162304
163074
164931
165715
165741
165936
166123
166172
166541
166722
166894
167465
168029
168355
168367
168405
169793
170199
170276
173403
173412
173854
174035
174957
175439
175650
176353
177325
177532
178920
179055
179491
179824
179967
180553
180614
180664
181141
181715
181827
182044
182616
182625
182736
182749
183063
183404
183690
183849
185432
185473
185630
185779
186233
186332
186546
187611
187622
188279
188425
188446
188707
190893
190992
191673
191722
194141
194382
194612
194664
195800
196417
196860
197044
197299
198068
198587
199120
199675
200198
201695
201864
201910
202109
202649
202802
202975
203446
204450
205088
207234
207496
208861
209737
210397
210538
211129
211514
213187
215073
216168
217027
217502
217512
219745
219965
220369
220619
221481
221488
221536
222182
223050
223840
224886
225760
226171
227146
227358
228467
228477
229199
229928
229975
230907
231530
232432
232455
232725
232804
233049
233404
234204
234738
235283
235599
235909
235949
236027
239331
239425
239430
240030
240468
241195
241540
241618
241955
243418
243680
243893
243939
244668
245097
245558
245625
245765
246339
246424
247133
247303
248319
248932
250520
250749
250942
251476
252435
254040
254382
255018
255830
256262
257099
257167
258013
258196
258889
260120
260193
260691
260973
261021
261340
261520
261585
261941
262612
263313
263343
264277
264848
265108
265554
266600
266759
267318
267486
267644
268106
269101
269585
270001
270652
271480
271536
272006
272223
272980
273826
273894
273942
274576
274725
274826
275276
275292
275728
276031
276755
278073
279120
279308
279959
280826
281806
281848
281990
282201
282557
282900
284350
284803
285397
285821
286100
286332
286386
287031
287216
288826
288999
289877
289953
291202
292190
293390
294255
294365
294481
294583
294653
294790
295917
295918
296029
297044
297048
297677
298579
298726
298909
299420
300331
300644
300745
301031
301040
301054
301175
301387
302440
302971
303590
303641
304114
304121
304775
305128
305848
307073
307109
307728
307794
308396
308941
309190
309451
309572
310026
310198
311343
312292
313364
313376
314742
314751
314830
315234
316385
316856
316888
317015
318591
318747
319265
319388
320031
320365
320387
321108
323257
323314
323409
324020
324065
324113
324580
325234
325887
327042
328004
329626
329690
330140
330851
330997
332626
332728
333348
333452
334015
334280
334759
334962
335959
336330
336682
338022
338646
338981
340197
340579
340681
340839
341088
341586
341899
342255
342357
342529
343142
344177
344206
344316
344397
345585
346996
347188
347943
349964
350840
351378
351413
353776
354028
355050
355166
355453
355643
355787
356348
356411
359453
360632
360742
360757
361111
361201
361478
361821
361838
361902
362519
362595
364156
364306
364767
365123
366027
368387
368960
369804
370085
370368
370615
370927
371238
372231
372750
372892
374093
374608
375781
376150
376978
377002
377110
377355
377433
377709
377771
377786
378698
378756
379188
379412
380370
380867
381919
382015
382658
383048
383106
384654
384688
384847
384924
385545
385843
385936
386616
387022
387686
388320
389471
389614
389631
389973
390262
391320
391952
392234
392658
392701
392722
392908
393019
394440
394781
394989
395142
395661
395810
396271
396611
396662
396932
397777
398050
398165
398690
398861
398952
399806
399888
400445
400704
402358
402375
402896
403066
403501
403826
403979
404739
405306
406431
406671
407043
407326
407338
407467
408950
410139
411081
412964
413122
413445
413653
413915
414003
414270
415477
416172
416608
417161
417423
417863
418415
418930
420011
420730
421205
421238
421275
424329
425802
426318
426439
427213
427647
428108
428957
429384
429860
430255
432204
433627
433690
433763
434042
434332
434340
434908
435032
435513
435967
436084
436536
437543
437558
439624
440313
440492
440512
440562
441019
441860
442811
443247
443279
443309
443939
444690
444866
445208
445723
446499
446596
446613
447061
448803
449409
450045
450097
450646
451337
451370
451531
451648
451693
451857
451860
452096
452351
452477
452496
452718
453774
454524
454649
454843
455252
455464
456247
457721
457763
457831
458115
458119
458714
459465
459507
459849
460280
460312
460478
460955
461940
462439
463498
464647
464905
466476
466587
466817
468253
468605
468714
469487
469607
470318
471383
471492
472793
473673
474901
475885
476327
476541
476731
477646
478074
478435
478893
479026
479103
479584
480168
480705
480720
480977
481301
481698
482137
482300
482810
482850
483151
483228
483264
483408
484180
484435
485035
486282
488125
488350
488662
488945
488976
488979
489111
489843
490090
490653
491081
491368
492868
493443
494394
494690
495848
495918
495959
496075
497638
498222
498395
498678
498855
499056
499188