107
509
1491
2032
2147
2346
2559
2839
3078
6056
7304
7806
8075
8108
8931
10425
10673
10878
10931
11475
11698
12446
12826
12922
13645
13745
14354
15087
15851
16042
17548
17696
18290
18967
20007
20089
20188
20643
20970
21255
21910
22594
22753
23558
23561
24901
25750
25879
25907
26162
26683
26893
26905
27333
28042
28896
28954
29132
29428
29671
30186
30352
31308
33351
33664
33699
33806
34379
34411
34484
35037
35039
36104
36417
36649
37957
38114
38671
38787
39125
39149
39202
39374
39544
39817
40053
42307
42854
43188
43249
43788
43948
44563
44953
45097
45883
46315
47928
48010
48390
50388
50410
50630
50688
51395
52012
52652
53130
53380
54230
55425
56206
57800
58196
59136
60061
61005
62371
63410
63432
64301
65513
66018
66728
66941
67259
67591
67621
67813
68244
68415
69161
70375
71022
71218
71844
71897
73520
73640
73878
73988
74381
74419
74480
74480
75177
76987
77090
77131
77575
77772
79577
79658
81489
82304
83235
83636
83827
83912
85249
85681
85775
85952
85998
86061
86405
86946
87469
87658
88378
88747
88870
88961
89057
89120
89125
89342
89677
90051
90195
90903
91193
91329
92545
92613
92650
93661
93718
93777
96027
98873
99521
100160
100221
100939
101736
102148
102833
103196
104093
104306
104644
105031
105619
107445
107959
108460
108866
109541
109824
110371
110544
110701
110749
111610
111721
112762
112914
113076
113117
113381
113731
113774
114383
114624
114918
116308
117339
117414
118376
118849
119755
120080
120094
120141
120266
120993
121034
122920
122998
123458
123474
123829
124400
124516
124590
124603
124738
124860
126960
127468
128230
129930
130097
130642
131049
131626
132254
132458
132555
134118
134897
134991
135129
135301
135379
135790
136206
137306
137407
137585
137929
138249
139857
139961
140229
140453
140714
141186
141363
141530
141891
142006
142822
143279
143391
144076
144463
144510
144691
145052
145326
145824
146073
146317
146469
147084
147094
147656
147667
147908
147955
148147
148491
148749
149109
149118
149170
153345
153532
154125
154605
155467
156044
156081
156170
156363
157691
157718
157764
158694
158716
158794
158815
158922
159409
159425
160492
160568
160573
160657
160728
161427
161673
162758
163307
163546
163649
163784
164093
164163
164559
165196
165329
167174
167353
167699
168105
168480
168508
168718
169120
169298
169348
169374
169500
169538
169970
170293
170729
171422
171628
172027
172037
173412
173563
174430
175534
175902
176615
177392
178187
179257
179384
179460
179572
179810
180255
180340
180814
181192
181641
182037
182110
182858
183576
183817
183954
184041
184438
184938
185068
185241
185406
185466
185609
185621
186390
186798
187016
187086
187176
187405
188239
188319
188723
190233
190500
190641
191035
192373
192679
192688
192791
194194
194556
194569
195263
195442
195593
197317
197916
197957
198552
199697
200442
201770
202682
202940
203724
204944
205560
206454
207620
207634
207732
208851
209072
209879
210868
211520
211960
214597
214634
214814
215408
215514
216069
216315
216481
216961
217220
217556
218915
220093
220471
220928
221399
221712
222384
222816
223112
223395
224199
224780
225776
226160
226181
227231
228033
229851
230278
231050
231846
232671
232924
234466
234466
234857
235693
236302
236627
240713
242200
242330
243071
243266
243494
243504
244157
244643
244786
245955
246396
247040
247638
248260
248292
248695
248865
250161
250473
250856
251792
254252
254927
255890
256060
256285
256518
256992
257076
257809
257857
258046
258750
258832
258946
259592
259937
262311
262882
263456
263786
264192
264698
265181
265782
266122
267878
268007
268818
269321
269332
270162
270595
271208
271356
271931
272440
273103
273173
273683
274055
274628
276127
276186
276666
277752
278258
278459
280021
280143
280174
280201
280490
281178
281875
282268
283469
284093
284182
284254
284487
285278
285396
285445
285473
285494
285947
286003
286125
286262
286278
287466
287610
287992
288041
289897
291087
291322
291724
291859
292793
294570
294812
294852
295208
296172
297382
297748
297996
298290
298507
299388
299676
300082
300636
301446
301548
302987
303104
303105
303759
304280
304780
305317
305415
305645
305756
306220
306567
306711
306739
307011
307098
307823
308836
309380
309555
309650
310114
310489
310752
311059
311406
312545
312557
312651
312985
314394
314842
315380
315754
315816
315946
315957
316749
316803
317214
317301
317522
317687
317767
317807
317968
318724
319984
320107
320651
320697
320715
321316
321375
321585
323535
324058
324261
324474
324596
324765
325079
325084
325106
325495
325621
325911
325983
327109
327292
327619
327792
327971
327997
328102
328258
328406
328731
329041
329196
329490
330547
331147
331864
332228
332376
334822
335451
335485
335614
335652
335670
335722
336051
336512
336584
336857
337379
337942
339220
339524
340309
340780
341007
341107
341114
341513
341623
342153
342270
342345
342638
343630
344077
344535
345214
345253
345650
345652
345858
346462
346722
347451
347543
348153
348501
350052
350073
350390
351608
352284
352406
352876
353951
354251
355391
356208
356211
356307
356506
356537
356747
357110
357200
357367
357409
357813
358924
359059
359085
359135
359286
360239
360604
361069
361582
362455
362632
363173
363431
363709
364358
365254
365660
365746
365815
366058
367944
368362
368423
368525
368762
368851
370222
370615
371279
372255
372262
373093
374305
375540
375578
375988
376602
376909
376948
377163
377366
377737
377861
378536
379673
379747
380372
380756
382663
382923
385690
387040
387434
387855
389026
390172
390254
390457
391365
391514
391732
392910
393055
393434
393701
394036
394297
395394
397504
398875
399214
399786
399797
400163
401145
404534
405507
405568
406050
406326
406427
406956
407131
407457
408260
408313
408558
409115
409657
411127
411344
411742
412105
412425
412885
413284
413709
414034
414535
414817
415117
416150
416172
416446
417397
417436
417930
418057
418267
418821
419162
420418
420704
420913
421704
421979
422110
422182
422804
423109
425107
425286
425635
426076
426979
427003
427357
428354
428864
429155
430040
430394
430629
432885
433371
433441
433451
434426
434530
434582
434615
435426
435431
435509
435807
436688
436937
437785
437907
438291
438535
439208
439439
439900
440044
440249
441912
441941
441981
444094
444150
444267
444513
444523
446561
446716
446862
447376
447443
447516
448949
449401
450349
451056
451525
452640
452645
454146
454478
455114
455960
457739
457934
459176
459657
460074
460736
461664
462861
463482
463525
464556
464661
466591
466995
468401
469336
469647
469876
469902
471746
471878
473268
473282
473376
473597
474537
475143
476372
476532
477130
477338
477597
477910
477972
479049
479608
479629
479679
479986
480427
480477
480532
480943
481732
483366
483883
484527
484946
485574
485729
485743
486003
486118
488840
489168
490069
491868
492076
492230
492535
493055
494355
495032
495294
495957
496311
496437
496983
497205
497885
498082
499253