110
1171
2039
3007
3186
3308
3452
3505
3780
5324
5539
6043
6296
6530
7171
8283
9089
10592
11573
11783
13083
13132
13693
14022
15286
15303
15394
16046
16100
16349
16668
16871
17570
17796
17956
20158
20691
20817
21458
22008
22357
23522
24140
24619
24848
24912
25833
26038
26041
26261
26600
26611
26645
27149
27346
27523
27805
27821
27876
28142
28408
29428
29576
30021
31111
31783
32108
32227
32424
33136
34342
34699
35385
35424
35572
35593
36204
36238
36769
37238
37778
37920
38121
38129
38536
38875
38909
39349
40243
40972
41077
42469
44043
44827
45446
45494
45713
46022
48147
48161
48819
49106
49490
50615
50620
50815
51083
51152
51674
52357
52618
52650
52868
53014
53213
53718
54004
55241
55664
55724
55732
55774
55954
56008
56187
57353
57512
57704
57807
58504
59096
59163
59548
60323
60550
60911
61118
61199
61379
62020
62325
63069
64227
64875
65094
67150
67482
67924
68214
69252
69354
69653
71068
71323
71844
72223
72806
73037
73042
73079
73735
73849
77039
77346
77560
78806
79699
80014
80112
80563
81874
82081
82176
82740
82800
83741
84014
84055
84777
85176
85438
85649
85708
86905
87712
87943
88583
88688
88728
89007
89174
89466
89722
89787
90562
91198
91702
93382
93680
93794
94953
95792
95891
97506
97594
98353
99285
99494
100307
102611
102920
103566
103855
106257
108445
108866
109147
109196
109516
110164
110390
110914
111394
111406
111537
111693
113012
116583
117275
117366
118457
118507
119101
119341
119870
119982
120170
121370
121816
122401
122933
123041
123255
123405
123902
125744
125823
125837
125917
127101
127330
127967
129924
130074
130144
130205
130366
130873
130989
131332
131679
131825
131874
132010
132264
135639
136149
136289
136409
138764
139092
141482
141537
142116
142153
142245
142352
142683
142891
143139
144111
144121
144329
144511
144778
144810
145185
145664
145666
147860
148096
148316
148385
149341
150487
150674
151217
151345
151674
152055
152178
152238
153399
153517
155214
155566
155846
156640
157299
157946
158095
158985
159295
159525
160019
160375
160937
160962
160963
161087
161533
161663
162653
162701
163121
163389
164732
164773
166522
166675
166911
167488
167745
167829
168650
168813
169387
169428
170172
171082
171534
171870
172475
172484
172895
172930
173255
173603
173902
174582
175628
176023
176758
177197
177432
177742
178034
178459
178825
179319
179942
180737
180804
180960
181896
182053
182142
182436
182437
182608
183868
184046
185033
186176
186354
186651
186690
187436
189009
189030
189573
191194
191394
191928
192399
192407
193561
193725
195669
195884
197573
197981
199883
200242
200792
201376
201879
202895
204484
204503
204946
205357
205712
206548
207492
207935
208225
208410
209363
210047
210458
210483
210732
210861
211021
212171
213100
214119
214805
215246
215255
216121
216582
216724
216920
217587
218259
218513
218621
218695
218901
219295
219350
219772
222468
224281
224658
224821
225330
225467
225515
227519
228843
229027
229686
229987
232489
233050
233398
233925
235074
235960
236564
236994
237044
237464
238246
238363
238524
239277
239303
239415
240028
240314
240565
241079
241234
241239
241874
242050
242179
242669
242746
243284
244021
244481
244606
244831
245396
245864
246426
248027
248219
248264
248320
248376
248674
248690
249192
249887
250310
250635
251058
251468
252170
252515
252849
252883
252905
253021
253566
253772
254365
254406
254473
255761
255895
256085
256324
256607
257576
257943
258169
258509
258519
259962
260059
260095
260523
260851
263368
263411
263985
264078
264201
264528
264545
266572
266744
266811
267212
267949
267964
268105
268266
268619
269794
269884
270447
270697
270929
271199
271520
272904
274138
275308
275384
275757
276164
276561
277521
277609
277630
278051
278646
278886
278995
279075
279286
279352
279388
281680
281991
282661
283313
284121
284166
284787
285221
286128
286751
287154
287698
287890
288644
290072
292129
292279
293157
293597
293963
294237
294586
294630
295142
295388
295603
296645
297049
297659
297945
298801
299876
301137
302747
302770
303238
304096
304261
304349
304499
304658
304948
305376
306067
306151
307928
308331
308519
308705
309662
310139
311798
312059
312181
312579
313840
314480
314768
314937
315057
315519
315721
316362
316385
316759
316858
316941
317866
318024
318080
319164
319367
320464
320582
320959
321030
321073
321572
322089
323079
323473
323904
324238
325534
326262
326436
326491
327380
328533
328862
328874
331683
331931
332036
332295
333293
333408
333759
334443
337265
338968
339100
339843
340515
342922
344053
344321
345103
345370
346391
346617
346852
347219
347767
348222
348229
348582
348913
350305
350403
350927
351258
351456
351777
352227
352698
353379
353686
353758
353847
354117
354712
354715
355021
355370
356381
356459
357903
358064
358186
358199
358220
359154
359322
359493
360166
360586
360596
360797
360922
361870
363885
364657
365166
365544
365734
365920
366855
367170
367342
367471
367561
367870
367911
368063
368190
368375
369134
370141
370470
370520
372370
373845
374152
375263
375682
375787
376194
376571
376942
377412
377526
377620
377701
378039
378801
379261
379800
380404
380586
381161
381179
382041
382456
382634
383144
383359
384679
385121
385761
385826
385921
386398
386875
387032
387045
387224
387313
387453
387824
387935
388623
389784
390053
390474
390525
390770
391135
392939
393128
394067
394124
394169
394582
395210
396074
396096
396723
396948
398103
398166
398566
398597
398959
398999
399939
400873
402070
402216
402738
403853
404478
404762
405013
406038
406851
407106
408766
409154
409276
410471
412069
412457
412478
413505
413847
413956
414811
415050
417887
418073
418447
418730
419200
419297
419536
419673
420573
421227
421342
421931
422047
422306
422417
422527
422716
422954
424175
424381
424408
425049
425120
425641
426124
427154
427207
427212
427297
427397
428072
428285
428695
429271
429530
429565
429829
430099
430284
430664
431258
431357
431807
432170
433049
433051
434188
434514
434590
435673
437736
437808
438919
439458
440273
440536
441276
441357
441475
441587
441634
442222
443220
443486
443488
444220
444876
444955
446152
447921
448710
448768
449113
449783
450932
451889
452043
452675
453271
454049
454708
455389
455532
455896
456135
456642
456967
457392
458060
458455
459390
460122
460241
460768
461426
462067
462120
462890
463182
463724
464037
464404
465103
465476
465530
465586
465681
466106
466536
467007
467630
467813
468842
469039
469081
471432
471466
471709
471833
472190
472704
472913
474085
475177
475659
476042
476263
476269
476349
476683
476766
477886
478069
478620
478954
479318
479595
479688
479756
479861
480259
481128
481874
482206
482382
483731
483821
484214
484502
485319
485831
485873
485905
486025
486280
487451
488109
488379
488832
489339
489448
490104
492214
492596
492671
493084
494143
495098
495112
495328
495691
496640
496835
496857
497187
497283
498497
499055
499112
499436