126
1307
1452
2315
2489
2505
2997
3385
4010
5309
5902
6269
6722
6725
7253
8151
10697
10967
11032
11725
11975
13195
13196
14833
15491
15500
15556
15994
16048
16388
16575
16807
17048
17234
17737
17899
18109
18427
18880
19848
19987
20135
20229
21094
21313
21728
22612
23606
25551
25834
26372
26649
26821
27170
27235
30699
30846
30986
31113
32015
32745
33103
33306
35070
35284
35297
35465
36075
36186
36707
36784
37072
37089
38331
38874
39370
39961
40040
40153
40783
41621
42364
42567
42570
42730
43102
43424
43826
44306
45299
46112
46361
46551
46558
46840
47372
47579
48483
48625
49263
49440
50113
50152
50456
50473
50520
51754
51827
52204
52435
53475
56597
57381
57951
58306
58679
58717
58924
59565
59910
60315
60518
62120
62318
63424
63452
64102
64262
64341
64660
65090
65536
66716
67019
67236
67511
67869
68952
69763
71078
71442
71482
72056
73133
73260
73458
73877
74090
74326
75400
75466
75739
76451
77151
77588
77696
78057
78237
79027
79150
79516
80082
81330
81582
82194
82984
84726
84815
84884
85368
85694
86576
86699
86700
86984
87106
87217
87668
88199
88207
88775
88791
89218
89809
90539
90681
90952
91373
92546
93360
95637
96776
97472
98052
98514
98713
99108
99154
99406
99758
100242
100583
100638
101109
102260
102283
102848
103511
103823
104107
104496
104567
104573
104787
104804
105032
105337
105405
106266
107866
107890
107988
109077
109108
109214
109392
109910
110278
110620
111199
111302
112576
113274
113825
114518
114773
116231
117354
118043
118280
118819
119897
120119
120201
120423
121729
121848
121997
122367
122712
123249
123779
123954
124790
124822
124901
125398
125625
125736
125966
126104
126777
127136
127292
128527
129018
129214
129407
129517
129884
130760
131012
131726
132402
132619
133242
133840
134610
134790
134850
135396
135543
136803
137306
138191
138213
138453
138902
139020
139070
139796
140999
141050
141222
141562
141780
141805
141941
143481
143702
143714
144172
144923
144992
145223
145987
146711
146722
146813
146982
147448
147877
148278
148587
149471
149537
149662
150037
151048
151533
151544
151547
151655
152218
152748
153260
153826
156041
156447
157061
158215
158372
159168
160012
160303
160314
160919
161232
162368
162509
162701
163030
163627
164149
164553
164906
166397
166653
166903
166975
167425
167828
167896
168385
168407
168746
169182
169415
170497
171542
171578
171743
172292
172534
172882
173790
173940
175586
178147
178608
179613
179655
180127
180575
180654
180859
180913
181045
181081
181157
181423
181439
181585
181684
181922
182236
182839
183275
184347
184618
184620
184904
185398
186021
186226
187522
187793
188401
189275
189488
191549
191814
193065
193334
193943
194492
195194
197179
198775
199752
199880
200390
201746
202550
202995
204058
204717
206273
206481
207487
208739
208907
209058
209565
210778
210979
212459
212558
215153
215940
216054
216126
216212
216328
216768
217351
219067
219325
219562
220851
222495
222844
222981
223228
223915
224310
224664
225162
225835
225948
226007
226812
227527
230400
231534
231846
232241
232810
232900
234153
234609
234713
235102
235612
235956
236292
236799
236997
239205
239452
239462
240858
240900
241183
241209
241480
242639
242975
243268
243432
243935
245419
248101
248759
248904
249826
249945
250859
251006
251048
251109
251130
251713
251902
252010
253122
253869
253976
254366
254840
255635
256088
256615
257588
257769
258794
259607
262067
262096
262467
263010
263473
263654
263751
263795
263832
264765
264831
265005
265020
265191
267090
267735
268502
268544
268588
269500
269745
270028
271220
271424
271797
271898
272046
272280
272342
272597
272760
273794
274129
274165
274372
274771
275957
276529
276553
276945
276960
277030
277204
278076
279926
280665
280672
281051
281463
281795
282512
284224
284395
284977
286044
286180
286347
286353
286923
287332
287504
287648
287654
287868
288553
288821
289086
289330
289405
290028
290606
291438
291876
292963
293597
293621
294135
294718
295360
295894
296042
296416
296646
296872
296920
298343
299294
299790
300014
300724
302009
302470
302688
302906
303164
303354
303390
303453
303459
303698
303966
304371
304698
304890
304893
304997
305946
306064
306576
307089
307515
307620
308235
308579
308947
309153
309566
310757
311096
311503
312171
312444
312468
312705
312811
313084
313385
313558
315215
318465
318845
318945
319862
319882
319934
319953
320052
320164
320819
320832
320895
322362
322464
322549
323030
323236
323979
324110
324482
325240
326697
326742
326891
327002
327857
327935
328433
329003
329034
329927
330004
330347
330698
330869
331311
332541
332782
333025
333350
333764
334569
334676
334782
336080
336632
336920
337382
338012
338088
338693
338976
339306
339618
339911
340025
340438
340561
340747
340857
340889
340963
341092
341773
341773
341831
342868
342895
342942
343431
343434
343490
343497
344884
344930
345304
345724
346226
346527
347067
347309
347510
348708
348942
349076
349179
349544
349612
349717
351282
351650
351859
351863
352344
352990
353544
353883
354078
354742
355052
355171
356560
356652
356965
356970
357040
358054
358218
358475
358561
358639
359422
359715
359804
359860
359901
360206
360492
360827
361086
361115
361202
361368
361606
361976
362331
362619
362857
362862
363525
364600
364740
364932
365399
365755
366624
366806
367869
368444
368951
369153
369188
369400
370292
371371
371474
371529
371764
372785
372808
373273
373323
374091
374184
374271
375663
376225
377662
378883
379084
380109
380304
381319
382011
382637
382646
383111
383213
383915
385854
386391
386413
387122
387234
388842
389055
389191
390076
390708
390881
391047
391418
392139
393022
393318
393320
394561
394763
395547
396400
396420
397231
398613
399384
399402
399624
400086
400452
400586
400735
403422
404163
404363
405699
405967
406018
406631
406889
407941
408169
408341
409480
409770
411463
411751
412949
413090
413540
413978
414803
414844
415054
415191
415865
417252
417708
417772
417810
417815
417829
418151
418232
419570
419623
420277
420586
420890
421307
421682
422270
422695
424844
425693
425897
425934
426201
426556
426740
426761
427898
428297
430062
430315
430527
431359
431547
431578
431696
431754
431976
432585
433671
434130
434181
435212
435857
437254
437814
438448
438461
438484
438772
439028
439057
440320
440706
441705
441754
442130
442526
443589
443685
445369
445659
446415
447282
447583
448637
449722
449953
450357
450751
451235
452716
452914
454730
457107
457685
457973
458184
458543
458940
459767
460035
460240
461210
461484
463546
463892
464070
464511
464818
464967
465119
466053
467262
467473
467897
468045
468470
468562
468850
469831
470657
472519
474300
474617
474706
475810
475951
476379
478314
478491
479019
483550
484283
484918
484970
485581
485945
486075
487276
487426
487667
488082
488610
488893
490607
491282
491719
491882
494227
494590
495919
496266
497421
498290
498797
499050
499370
499574
499590
499670
499916