540
593
1077
1923
2952
3052
3281
3287
3444
3831
3995
4200
4275
4592
4756
5115
5462
5642
6262
7004
7688
8445
8504
8528
11297
12138
12459
13031
13426
13607
13807
14607
14686
14746
14792
14902
15392
15411
15682
15851
16891
17480
18205
18256
18637
20848
20988
24058
24669
26218
26647
27226
27419
28308
28612
28630
29351
29376
30878
31850
31965
32032
32507
33245
34374
34694
34912
35398
35403
36291
38376
38883
40201
40574
40724
40801
42393
42592
42754
43075
44195
44327
44480
44958
45229
46744
46806
47022
47826
49025
49053
49138
49150
50097
50409
50526
50956
51165
51373
53584
54244
56819
58570
58681
58801
58879
59105
59686
60262
60334
60361
60462
60959
61447
61682
61703
61936
63464
63729
64373
65089
65211
65404
65410
65689
66535
67087
67265
67337
68866
69165
69212
69697
69837
71866
71909
73131
74183
74237
74286
74957
75349
75544
75732
76011
76295
76340
76423
76710
77016
77668
79078
82640
83100
83270
83484
83916
84048
84293
84568
84690
85130
85937
87929
88086
88901
89339
90009
90156
92116
92451
92754
93398
93529
93783
93887
95507
95965
97815
98024
98087
98102
98289
99515
99903
100219
101370
101633
101890
102441
102481
103832
103860
104380
105140
106120
106206
106306
107075
107266
107529
108268
108517
109215
109667
110703
110900
111971
112312
112432
113932
114026
114054
114055
115069
115248
116010
116118
116514
116598
117866
118336
121163
121313
121348
121353
121472
121589
121904
122170
122532
122542
123435
124198
124206
124235
124788
125357
125911
126069
126243
127170
127425
127559
127858
128156
128389
128587
129602
129795
129863
130067
130246
130934
131159
132128
132210
132668
133265
133498
134732
135934
135971
136132
136252
137185
137555
137907
138067
138768
139380
140524
142351
142662
142684
142777
143201
144622
144632
145632
145641
145878
147150
147311
148297
149271
149491
150229
150695
152600
152745
153056
153106
153199
153222
153379
153908
153916
154259
154490
154584
154967
155198
156136
156734
157169
158265
158594
158955
159497
159955
161398
161822
161986
162124
163003
163076
164352
164498
167111
167252
167791
168960
169009
169456
170362
170553
170762
170783
171188
172353
172404
173881
173889
174271
174391
174591
175391
175885
176212
177097
177858
178187
179028
179289
181116
181537
182488
182947
184531
185309
186605
187561
188210
188729
189010
190317
190334
190966
191227
191575
191672
192156
192339
192575
195131
195648
196199
196352
196403
197387
197631
197783
198405
198497
198541
198842
199020
199077
199807
200034
200079
200167
200180
200260
203163
203567
205793
206299
206552
206781
206908
207842
208840
209221
209590
210997
211042
211142
211871
212398
212768
213447
213639
214036
214527
215029
215590
215826
215890
216761
217162
217841
218500
218546
218622
218637
218987
219064
219616
220022
220359
221135
221180
221415
221551
221599
222406
222420
222598
223091
223435
223666
224002
224575
225425
225516
227116
227569
227979
228064
228227
228772
229173
229646
229683
230314
230585
230718
231424
232502
232945
233145
233730
234418
234838
236459
236633
236901
236996
237070
237541
237543
237872
238687
238700
238975
240663
240742
241418
242071
242126
242673
243157
243372
243375
244049
244712
244855
245176
245361
245622
246147
246749
247290
247441
247518
248068
248106
248145
248277
248406
248535
249980
250091
250567
251055
251983
252044
252528
252800
252826
253437
256334
256488
257004
257537
257709
257845
258053
258436
259804
260517
261544
261715
262120
262427
262766
264761
265058
265537
267055
267136
267570
267908
269607
269929
270074
270768
271232
272233
273978
274338
274757
277462
277730
278370
278649
278723
279742
280720
280873
281390
281487
282438
282812
284798
284901
285015
285599
286423
286771
286813
286870
286896
287177
287212
287427
287527
287608
287637
288706
290088
290251
290282
290290
290610
291012
291041
291079
291310
291328
292051
293199
293385
293817
294625
294961
295445
295517
296059
298181
298610
298660
301123
301386
301771
304039
304304
304968
305671
305828
306626
307403
308399
308456
308590
308608
308609
309015
309107
309321
309410
309444
309730
311881
312351
312471
312661
314968
315032
315363
315941
316257
316547
316710
317423
317529
318499
318701
318922
319759
320575
320657
321022
321259
322080
322174
322345
322480
323638
323808
324051
324392
324741
325197
325419
326191
326507
326515
326554
327964
328201
328584
328836
330135
330500
330900
331383
331771
331909
332594
332739
332784
333350
333483
334528
334866
335144
335327
335784
335828
336089
336276
338122
339449
339563
339853
340508
340880
340906
341164
341557
341803
341892
342271
344068
344370
344557
344764
346653
347723
347908
348759
349441
351106
351402
351577
351913
352040
352662
352936
354101
354146
354205
354841
354846
355107
356209
356258
356687
358150
359989
360446
360896
361327
361334
362725
362910
364894
365373
365866
365942
366221
366439
367560
368145
368273
368402
369083
369452
370577
371390
371400
371869
373027
373378
373442
374014
374331
374513
374619
374738
375004
375170
375267
375604
375682
376841
376867
377191
378417
378888
379798
380344
381026
381620
381737
381964
382350
382447
382578
382689
384312
384326
384675
384719
384994
385177
385311
386081
386213
387142
387554
388046
388153
388433
388671
389069
389106
389603
389725
391604
392037
392290
392809
392810
393783
393916
394720
394826
395726
396042
396239
396983
400489
401674
402160
402170
403109
403826
404225
404801
405350
405984
406739
407196
408684
408858
409833
409857
410810
411289
411334
411572
412226
412687
413855
414262
414508
415293
415337
415895
416241
416950
418199
418820
419518
420163
420280
420552
420978
421174
421834
422349
422371
423147
423815
423841
423986
424480
424577
424709
425041
425412
425695
426550
427323
427662
428348
428737
428884
428923
429313
429327
429643
429654
430067
430933
431902
432172
433578
433750
433846
434634
434761
434871
435107
435766
436715
437859
437920
438740
439452
439479
440336
440430
440493
440510
440716
440873
441092
441320
441389
441857
442429
442888
443200
443667
445297
446207
446531
446632
447189
447241
447342
447383
447924
448300
449411
449674
450267
450560
450728
451095
451188
451580
451610
452984
453120
453140
453280
453658
454550
454650
454727
454969
455066
455331
455576
455790
456484
457783
458415
458815
458864
459147
459645
460164
460216
460492
461191
461540
461928
462259
462814
463471
464442
464767
466779
467088
467539
467822
467843
468013
468402
468651
468730
469012
469371
469405
469528
469848
471426
471637
471798
472065
472501
472899
473231
473244
474447
474791
474890
475235
475872
476655
476684
476786
478125
478257
479200
479365
479895
481729
482441
482731
482753
483564
483959
484134
485004
485518
486022
486344
486987
487662
488530
488634
489560
490011
490452
491895
492473
492628
492693
492896
493000
493216
493382
494113
494205
494427
496562
498564
498874
498882
498891
499079
499814