24
1142
1360
1389
1889
2148
2278
3007
3096
3400
4043
4398
4441
4480
4559
4565
4569
4943
5477
5522
6367
8014
9080
9589
9761
10044
10246
10289
10661
11457
12397
12802
13863
14059
14373
14791
16396
16512
17011
17013
17687
17800
18110
18400
18830
19112
19668
20142
20469
20654
21042
21168
21633
21954
22417
22455
22545
23008
23706
24140
24205
24504
24580
25317
26175
26688
27522
27771
28920
30240
30447
30748
31207
31331
32021
32075
32243
32281
33534
33655
33742
34099
34875
34962
36753
37465
37537
37736
39623
40082
40326
41588
41771
41802
42986
43531
43569
44265
44823
44877
45258
45501
45943
46741
47353
47661
49178
49605
50121
50202
50652
51355
51736
52339
52587
52714
53373
53545
54217
54243
54695
55329
55888
56529
56570
57142
57221
57424
57503
57841
60003
61116
61822
62235
63068
63899
63972
64192
64967
65463
66393
66903
67602
67770
68792
69114
71550
71862
72335
72817
73903
73938
74293
74889
75862
76353
76791
77002
77524
77808
77950
79606
79678
80054
80302
80717
81009
81165
81184
82018
82064
82493
83359
83640
84089
84533
86129
86786
87175
89088
89127
89478
89498
89712
89755
91899
91919
91960
92662
92730
93395
94112
94176
94884
95141
95491
95804
96154
96677
96962
97168
97717
99591
100315
100397
101246
101646
101691
101890
103823
104065
104249
104563
104596
106439
106930
106947
107182
107467
107676
107679
107758
108930
109886
110608
111024
111047
111066
111836
112449
114730
115557
115698
116155
116889
117564
117939
119394
119552
119703
119821
120126
120448
120475
121548
122429
125809
126747
127669
128246
129335
129813
130549
131009
131333
131406
133072
133486
133580
133642
133991
134000
134319
134521
134822
136022
137864
138328
138844
140070
140084
141375
141398
141562
141903
142037
143797
145646
145854
146247
146343
146773
147311
147329
148138
148736
149569
149712
149899
150954
151497
151941
153030
153241
153326
154110
155115
155389
155907
157482
158311
158584
158639
158833
158884
158884
159015
159402
159509
159660
161174
162385
162630
162733
162904
163128
163153
163441
163986
164090
164583
164720
165310
167349
167543
167573
168716
168900
169361
169887
170064
170583
171549
171811
172046
172597
173021
173354
176508
176632
177873
178261
178326
178366
178451
178514
178556
181077
181085
182565
182707
183044
184384
184936
185104
186292
187617
188166
188528
188748
189676
189884
190078
190136
190373
190663
190744
190789
192234
193649
193970
194278
195788
196269
196604
196985
197588
198081
198718
198989
199070
199631
199698
200478
202051
202224
202249
202835
203154
203165
203259
205072
205214
205283
205520
206718
206870
207000
207281
207514
208338
209711
209741
209857
209903
210046
210264
211462
211712
211929
212366
212370
212573
212680
212985
213083
213543
213687
214076
215016
217120
217966
218930
220088
220773
221557
221767
221824
221933
222367
223274
223983
223997
225633
226970
227361
228314
230439
230787
230889
231192
231468
231485
231518
231736
231790
231795
231992
232415
232896
232951
233806
234122
234290
234446
234692
235650
235993
236095
237065
237170
237343
237380
237556
238026
238230
238431
238547
239089
239215
239733
240229
241424
242178
242250
242303
243570
243704
245190
245278
246023
246076
247000
247709
248070
248631
248948
249905
252542
253060
253117
253280
253286
253290
254832
254923
255341
255398
255530
255707
256684
257894
258135
258452
258471
259018
259462
259668
259948
260600
260893
261076
261122
261339
261664
262134
262764
263845
263885
265336
265771
265771
267158
267444
267493
268878
269230
270568
270776
271018
271924
272025
272498
273733
273895
274199
274523
274601
274796
275094
275386
275915
276076
276559
276850
277254
279119
279126
279547
279657
280232
280423
280424
280692
281888
283569
284005
284132
284495
284995
285179
285687
286289
287702
287960
288128
288588
289726
290235
290447
290534
290906
292321
292415
292976
293161
293518
293950
294439
294681
295147
296410
296639
296898
297611
298495
298754
298907
299805
300022
301172
301237
301467
302248
302524
302841
304294
304607
305791
306653
307169
307373
307677
307900
308018
308596
308826
309869
311575
311818
312117
312147
313048
313416
313928
315153
315379
315601
315664
316438
317780
318476
318724
319521
319862
319985
320191
320243
320482
320817
320875
321491
321543
321625
321939
322367
322883
323966
324779
324856
325216
325418
325511
325774
326934
327503
329352
329525
329620
329843
330052
330654
331202
331327
333039
333281
333301
333438
333844
334010
335173
335619
336397
337992
338478
339094
340100
340308
340731
340793
342164
342295
342638
342976
343155
344173
344993
345194
345275
346252
346540
346918
348084
349220
350004
350184
350321
350394
350806
351769
351773
351786
352317
352908
353087
353457
355581
355771
356266
356620
356849
356890
357597
358787
359458
359923
360407
361006
361855
361994
362185
362282
362454
362886
363448
364981
365240
365971
366489
366706
367698
368191
369586
369675
370442
370980
371039
371174
371247
371452
372463
372576
372668
372759
373134
373741
374226
374893
375538
376851
377656
377987
378701
379655
380337
380421
381025
381517
381549
381607
383422
383665
383776
384457
384564
384597
384645
385110
385582
386188
386809
387039
387931
388494
389378
390076
392122
392555
393951
395215
395275
395731
395880
397774
397826
398005
398445
398686
398692
398730
398761
398808
399100
399232
399426
399850
400858
401501
402350
402726
402983
404265
404412
405515
405519
405826
406102
406175
406202
406425
406499
406648
406930
407227
408039
408364
408485
408597
409389
410139
411252
411309
411504
412046
412169
412171
412220
412810
414249
414439
415146
415574
415731
416337
416768
417116
417173
417683
417700
417979
418280
418684
419930
419955
420904
421433
421548
421801
422001
422982
423954
424627
424768
425354
425376
425496
425789
426114
426372
426525
426720
428091
428570
429042
429230
431999
432560
432833
433636
433719
436287
436874
437149
437299
437794
438120
438359
438506
438616
438930
439073
439321
439462
441479
441944
442570
442774
443449
443584
443704
445412
445433
445884
446218
446801
447111
447340
447565
447883
447916
448359
449357
449398
449924
449935
450162
450722
451655
451726
452402
452541
452612
453261
453334
453981
454208
454350
454689
454867
455209
455222
456256
457035
457151
457524
457975
458013
458019
459414
460135
460840
461207
461799
462348
463019
464038
464322
464617
466036
466086
466305
467529
467762
468665
469558
470122
470313
470626
470756
471766
472180
472828
473407
474108
474342
475360
475414
475802
476329
476520
477264
477772
477886
477975
478069
478325
479270
479742
479746
480148
480207
480482
481986
482208
482651
483074
483539
483870
484288
486657
487816
488161
489745
489872
489917
490762
490876
491146
491270
491393
492308
492519
492595
494057
494230
494373
494657
495071
495585
495930
495979
496272
496542
496728
497133
497206
497715
498427
498691
499247