766
949
1135
1243
1730
1785
3580
4185
4266
4813
6041
6855
7194
7773
8079
8134
8451
9681
9777
10231
11051
11309
11466
11614
11990
12221
12481
12873
12879
13102
13164
13187
13702
14363
14387
15288
15540
15809
17597
17895
18492
19459
20463
20663
20731
21648
21758
22376
22401
22881
23326
23687
23793
24115
24155
24474
26771
27626
27814
28425
28551
29024
29599
30229
30240
31224
31290
33198
33790
35275
35560
35911
35988
36321
36617
36671
36895
36927
37062
37522
37963
38069
38447
38891
38976
39547
40378
40461
40763
40985
41209
41691
42108
43280
43287
43346
43414
43652
43806
44012
45373
45749
47842
47913
48100
48918
49697
50019
50531
50784
50862
52236
52577
52987
54069
54080
56598
57189
58052
58463
59073
59147
59302
62038
62335
62769
62778
62844
64292
64704
64904
65367
66485
66702
66856
67243
67881
68065
68617
69740
69837
70446
70883
71351
72306
72929
74195
74807
74853
75075
76146
76255
76724
76863
77546
77965
78064
78192
78849
80178
80400
80510
80571
80700
80850
80884
81078
81514
81713
82078
83478
83821
83943
84192
85075
85262
85300
85544
85604
85790
86347
88021
88279
89300
89916
90397
90867
91140
91983
92125
93429
93771
94167
94393
95426
95936
99125
99250
99672
99686
99720
99847
100191
100792
102782
103035
103227
103373
104057
105666
106428
107224
107238
107294
107366
107706
107824
107910
107936
108333
108580
109920
110390
110633
110691
110710
111339
111502
111528
112162
112179
112266
112867
113256
113866
114149
115359
115478
116080
117428
117999
118022
118068
118845
118909
120042
120526
120719
121840
122614
122693
123295
124117
124159
124824
125554
126350
127558
129530
130106
130421
130922
131212
131251
131521
131522
132413
132845
134135
134191
134566
134910
135633
135718
136470
136742
138279
138480
138970
138973
139030
139439
139843
139894
140057
140699
140859
141033
141182
141443
142315
143002
143051
144818
145092
145349
145512
146102
146618
147017
147351
147526
147958
149326
149551
149849
150459
150791
151099
151159
151597
152998
153858
154724
155161
155786
156185
157640
157714
158170
158421
159695
160307
161742
162793
163400
163656
163968
164208
164807
166025
166843
167244
167255
167447
168702
168801
168879
169117
169157
169479
169620
170069
170205
170573
170677
170849
171082
171514
172113
172999
173360
173635
174193
175405
175726
176742
177103
177199
177217
177515
177710
178470
179837
180193
181139
181727
182543
182777
182799
182989
183173
185845
185892
185990
186183
186308
186371
186694
187277
187820
188216
188588
189854
190788
191268
191949
192487
193441
193621
194359
194453
195107
195741
197779
198696
200859
201465
201565
202318
202648
202871
202992
203917
205926
206837
207452
207613
208322
208916
209364
209487
209540
210561
210693
210709
211765
212464
212972
213175
213449
214097
214141
215500
215697
216025
216041
216497
216525
217679
218061
218214
218257
218410
218470
218990
219581
220054
220103
220940
221294
221457
221622
221957
222345
222403
222716
223158
223634
223674
224409
224697
225118
226657
226926
227369
227979
228613
228824
229856
230140
230959
233161
233949
234432
234442
234471
234481
234513
234882
235054
235344
236733
236759
236965
237772
238125
238649
238679
238796
239439
239567
239697
240921
241830
243005
243911
244556
247068
247091
247150
247314
248422
249654
251575
251901
253944
254079
254469
254808
254973
255616
256493
256731
256839
257752
258125
260374
260891
260986
262444
262464
262490
262771
262990
263662
263784
264215
264544
264622
266115
266425
266435
266818
268004
270771
272684
274377
274811
274996
275552
275984
276551
277510
277926
278996
279296
279469
279469
279563
279764
280216
280878
280905
281185
281589
282058
282820
283287
284877
285540
285554
285698
286345
287095
287505
288263
288892
289646
289910
290100
290271
290361
290518
290841
290917
290936
292053
292316
293261
293430
294111
294246
294762
295775
295935
296749
297683
298306
298368
299137
301227
301972
302619
303552
303661
303869
304220
304572
305095
305108
305280
305624
307526
307763
308553
309448
309623
309666
310125
310630
310799
310814
310994
312132
312961
313998
314565
314763
314893
314908
315061
318131
318456
319658
320136
320448
320560
320596
321363
321519
321575
322245
322890
323310
324409
325887
326541
326715
327391
327594
327854
328311
328878
330054
330826
330885
331215
332522
333298
333787
334215
334596
334995
335813
336169
337569
338007
338198
338610
338870
339765
340288
340726
340944
341288
342630
343904
344073
344105
344469
344548
345228
345624
346335
348089
349209
349302
349536
349636
349672
350273
350298
351013
351498
352152
352164
352483
353434
353449
354002
354518
355772
355843
356044
356337
356657
356800
356858
357929
358589
358715
358953
359769
360041
360626
360714
361970
362419
362754
362851
363335
363908
364979
365064
365124
365548
366512
366921
370102
370695
371546
373073
373325
373429
373439
373833
376012
376345
377256
377651
377700
377709
377888
379296
380708
380960
381064
381729
382216
382790
382988
384878
385172
385472
385751
386038
387522
387933
387952
388398
388486
388496
388602
388695
389387
390452
391738
392083
392774
393114
393765
393785
393806
394365
394427
396017
396386
396572
396795
397117
397518
397674
397906
398005
398421
398638
399687
400130
400193
402092
403466
403819
403825
404197
404677
405051
405151
405408
405491
405782
406224
406338
406424
407027
407319
407341
407413
407946
408070
408431
410451
411090
411835
412290
412386
412838
412931
413441
414043
414111
414215
414502
415442
415852
416449
416470
416479
416905
417126
417276
417371
417644
418121
418401
418934
419913
420513
421245
421509
421610
421717
422124
422780
424249
424511
425425
426851
427553
427901
428521
428630
429271
429637
429809
430971
431019
431303
431322
431396
431543
432559
433311
433985
434343
435407
436595
437026
437139
437630
437636
437879
437880
438511
438530
438967
439358
439493
439811
441390
441446
442002
442130
442706
442851
443565
444177
444266
444657
444725
444739
445922
446116
446482
446703
446888
447194
447882
447931
448265
448425
448540
448618
448723
448822
448974
449588
450210
450530
450741
450858
451102
452056
452651
452985
453049
453194
453255
454243
454278
454691
454818
454996
455197
455364
455819
456019
456898
457215
457384
457409
458816
459548
460303
461038
461047
461462
461822
462461
462589
462930
463036
463259
463399
463541
464101
464531
465355
465808
465967
465974
466655
467480
467999
468431
469868
470001
470407
471108
471697
471979
472262
472553
472871
472929
473469
473644
473733
474231
474448
475298
477849
477929
478263
479204
479377
479387
480225
480269
480641
480715
480727
480973
481128
481570
482378
482953
483369
483406
483702
484070
484653
485010
485592
485915
486132
486637
486838
486887
486975
487318
487510
487881
488408
489352
490323
490846
491472
492399
493035
495116
495708
495966
496360
497584
497778
498459
498768
499195
499269