237
791
870
1043
1546
1629
2572
3038
3407
3503
4702
4882
5596
6795
6824
8498
8629
8702
8970
9259
9817
10167
10337
10735
11637
11772
12066
12440
12929
13217
13531
13628
14130
14339
14544
14551
14575
15262
15558
15683
16610
17411
18265
18339
18387
18695
19186
19268
20008
20234
20360
20512
21417
22315
22789
22842
24272
24801
25072
25428
25451
25596
25730
26068
26183
26863
27604
27971
28139
28269
29199
29462
29609
29847
30146
30254
31112
32414
33953
34430
34723
34807
34894
35450
35744
36140
36351
37396
37612
38261
38564
38636
38742
39549
39664
39758
40733
41628
41629
42127
42228
42534
42780
42848
43161
43517
43860
44068
44122
44581
44586
44675
45315
45375
45492
46734
47814
48140
49016
49085
49105
49921
49923
50170
50180
50459
50956
51184
51766
51944
52411
52966
53789
53823
54193
56015
58041
58369
59299
59950
60036
60588
60696
61656
62178
62811
63295
63339
64507
64646
64811
64973
65112
66716
66922
66993
67463
68751
68993
69003
69292
69579
69588
70259
70927
71421
71442
71680
72499
72745
72758
74410
75239
75362
76675
76688
76944
76946
77472
78318
78781
79070
79461
79513
80412
80671
81837
82891
83028
84027
84401
84590
86025
86120
86159
86262
87354
87742
87807
89651
89835
89959
90174
90604
90858
91281
93544
94568
94958
95020
97064
97428
98134
98794
99548
99776
101012
101070
102585
102726
103022
104692
106465
107251
107535
107537
107803
107981
108088
109855
110229
110398
110509
111108
112773
112819
113506
113989
114976
115164
115267
115571
115720
117001
117845
117985
118053
118907
118929
120669
122183
122546
123006
123041
123818
123891
125664
126326
126535
126910
128436
128913
130126
130849
131330
131377
131558
131918
132641
132647
132823
133092
133534
133998
134369
134589
136341
136614
136631
137392
137793
138202
139422
139492
139821
140348
142617
144639
144969
146286
146371
146925
147092
147782
147929
149375
149935
150236
150918
151458
153800
154153
154482
156241
156550
156611
157036
157274
158997
159481
159617
159708
160026
160225
160547
161040
162162
162562
162695
162786
162973
163646
163672
164053
164252
164402
164559
164927
165077
166188
167729
168284
169999
170423
170536
170558
170842
173308
173729
174823
175009
175021
176251
176745
178602
178681
180072
180303
181043
181515
182100
182178
182459
182784
182796
182873
183366
183456
183672
184192
184945
185424
186072
187044
187057
187516
187794
189252
189292
189774
189898
189925
191184
191246
191658
192856
195104
195184
195371
195602
196121
196737
196777
197042
198198
198343
200479
200896
201056
201110
202238
203186
203281
203353
204516
204814
207228
207629
210082
211880
212829
213385
214527
214735
215496
215500
216106
217108
217329
217599
218294
218385
218689
218697
218726
218757
218964
219603
221370
221409
222089
222976
223252
224184
224187
224667
224831
225318
225390
225541
225562
225624
227174
227487
227896
228164
228537
228644
228707
229031
229234
229333
229614
229949
231478
231688
231830
231900
231952
232342
232908
233509
233612
234318
234654
236370
237790
238324
238693
238761
239020
240414
241360
242936
243060
243283
243362
243594
243732
243772
243800
243829
244974
245519
246115
246144
246364
246808
247058
247158
247593
247653
248301
248433
250394
250602
250755
251111
251199
251389
251429
251834
252938
253347
253363
253453
253824
255347
255514
255803
257938
258065
258752
260516
261516
262030
264007
264577
264620
264808
265173
265333
266729
267685
267970
269285
269306
269573
270809
272113
272231
273322
273546
273682
275177
275873
275892
276004
276236
277250
277402
278722
279678
280160
280351
280356
280932
281911
282113
282121
282426
283498
284409
284795
284855
284948
285613
285776
285835
286103
286675
286987
288261
288566
289006
289301
289522
290487
290710
291540
292281
292561
292790
293153
293426
293695
293836
294194
294223
294454
294557
295383
295388
295700
296411
296694
297118
297489
298231
298544
298863
299200
299865
300195
300436
301315
302083
302136
303147
303177
303652
303676
305309
305759
306629
306638
307284
308584
309175
309630
309754
309875
310292
310922
310982
311200
311387
312345
312700
313405
314210
314505
315051
315302
315871
315918
316471
316526
318487
318660
319375
319576
319757
321126
324976
325417
325550
326164
327014
327626
328874
329482
330566
330976
331256
332792
332966
333416
333609
334002
334192
334577
334603
334611
334614
334667
334780
335273
336064
336375
337787
337912
338315
338918
338935
338943
339321
340773
342319
343068
343727
344326
344405
344421
346105
346669
347867
348467
349078
349415
349596
350411
350533
350716
350785
351795
351967
353157
353209
353250
353614
353965
354312
354664
355464
355674
355976
356366
356398
357103
357459
357760
358425
358442
358637
360371
360515
360722
361282
361578
361949
362096
363417
363638
363766
363911
364131
364400
364989
366087
366866
367405
367521
367961
368178
368704
369508
369927
370448
370534
370988
371166
371682
372971
373121
373341
373367
374422
374520
374929
376798
376814
378600
379726
380102
380407
381096
381410
381764
381990
382053
382393
382595
382772
382995
383181
383286
383998
384782
384933
385322
385439
385869
386493
386764
387063
387268
387320
388324
388376
389007
389024
390189
390775
391723
391896
392271
392858
393775
393975
394024
394126
394234
394459
394891
395299
395326
395367
396147
396253
396462
397349
399837
399877
399923
400480
401468
401476
403318
404017
404364
405230
406141
406290
407996
409959
410133
411532
411654
412242
412392
412523
412546
412841
413119
414351
414970
415261
415610
415650
416717
418064
418947
419014
419639
419657
420664
421418
422320
422949
423587
424273
424422
424980
426653
426846
426984
427761
427801
428201
428482
428581
428661
428818
429640
430180
430204
430619
431406
433005
433137
433233
434391
434832
435976
436020
436022
436331
438081
438547
439057
440084
440472
440964
441119
441587
441952
442560
442765
443096
443126
443853
443957
444115
444514
444868
445761
447717
448153
448659
448769
449004
449323
449341
449764
449924
451176
451356
452153
452530
452933
453110
453206
453282
453848
454105
454383
454458
454965
455079
455103
455515
455934
456308
456467
456871
456973
457381
457825
458824
459420
459441
459512
459865
460646
460893
461248
461475
461558
462060
462303
462380
462383
462403
462426
463101
463513
464352
464640
464909
464989
465477
465578
465862
466803
466875
467017
467975
468063
468352
468958
469639
470153
470705
471619
471783
471847
473502
474030
474523
474970
475022
475812
476755
477369
478247
478818
479294
479399
479509
480668
481090
481359
481572
481917
482053
482266
483160
483779
483797
484497
484812
485032
485595
486088
486183
486442
487025
487488
488829
489375
490028
490067
490957
490986
491040
491549
491689
492227
492584
493393
493566
494475
494504
494614
494821
494929
495744
495837
496086
496328
496357
496856
496972
497077
497387
497418
497991
498544
499565