106
319
1069
1992
3006
3847
3983
4396
4784
4852
4976
5464
5848
6394
7477
8299
8651
9059
10893
11303
12671
12808
14054
14370
16048
16839
17281
18001
18117
18689
18970
19230
19683
19878
20370
20380
20454
20743
20841
20992
21621
22081
22805
22910
23262
24396
24423
24565
24609
24635
25450
26067
27493
27628
28221
28471
29953
30999
31285
31672
31718
32279
32635
33162
34055
34056
34133
34212
34277
35772
36342
38762
38804
38876
39244
39872
39977
39989
40141
40726
40785
40842
40890
40907
40956
41933
42076
43900
44924
45741
45953
47059
49124
50302
50343
50963
51297
51340
51763
53490
54004
55637
57139
57565
57623
57859
58086
59354
59380
59944
60247
60857
61852
62362
62392
63012
63096
63458
63832
64288
64555
65684
65817
66204
66847
68685
69028
69341
69779
70177
70540
70660
70741
71615
72637
73388
73637
73809
74002
74016
74076
75457
75726
76766
76811
76892
76955
76983
77635
78068
78240
78516
79803
80743
80824
81662
82024
82532
83355
83775
84259
86622
86683
86701
86770
87709
87822
88243
88600
88610
90047
91634
91648
92252
92607
92712
92854
93493
93494
94462
95179
95363
95421
95458
95906
95935
96514
96666
97684
98085
98406
98834
99656
99833
100217
100765
101058
101107
102456
102759
102897
102973
103146
104991
105338
105423
105766
105947
106331
106442
107988
108900
109078
109874
110554
111319
112055
112237
112344
112543
112625
113110
113200
113479
114051
114921
114943
115174
115538
115664
115831
116370
116431
117474
118274
119518
119776
120345
121098
121782
122439
122604
122925
123520
123915
124760
126200
126989
127141
127211
127345
127537
127877
128549
129177
129405
129823
130067
130144
130589
130679
131330
131528
131627
132581
132595
133836
133856
135237
135692
135912
136520
136722
137141
137152
137766
138302
138753
139045
140329
140690
140886
141372
141398
141501
141948
141958
142635
143111
143772
144579
145279
146078
146473
147978
148122
148950
149054
151033
151069
151214
151400
152802
153026
153476
154492
154582
154818
155662
155902
155970
156621
156902
158782
159248
160069
160268
160751
160898
161086
161787
162082
162505
162710
163514
164609
164640
164739
165164
165848
165943
166511
166957
167618
167817
168150
169918
170600
171400
171456
172482
172643
173095
173596
173684
173917
174894
175800
175931
177157
177869
177882
178478
179330
179331
179511
180322
181116
181408
181752
181784
182041
182887
182902
183228
184284
184424
184778
185328
187006
187086
187178
187915
189061
189117
189452
189591
191067
191694
191906
192205
192642
193134
193422
194046
194771
195663
197374
197790
197869
199095
200071
200645
200655
200832
201246
201623
202779
203189
203246
203911
204398
205147
205728
207501
207526
207916
208395
209420
210711
210777
211627
212318
212523
213374
214322
214351
214763
214822
215142
215311
215643
215803
217032
217286
217857
217912
219903
221118
222047
222077
223270
223294
223911
224161
224163
224411
225324
226033
226654
226660
227154
227737
228358
228544
228918
229103
230454
231727
232657
232821
232933
234275
236027
236213
236589
236868
237733
237792
238201
238646
238677
239105
239301
239465
240079
240155
240200
240222
240247
240372
240937
241023
241088
242013
242385
242499
242936
243127
243162
244062
245399
245959
246459
247148
247354
247507
247989
248026
248273
248684
248825
248915
249563
249602
250126
250320
250818
251280
252548
252901
252947
253271
254120
254168
256162
256621
256708
257867
257877
258081
258500
258633
259348
259367
259614
261016
261551
261692
262302
263066
263276
263488
263867
264314
264482
265945
266068
266333
266981
267791
267983
269708
269799
271071
271399
271532
271639
271876
272054
272691
273178
274265
274866
275072
275286
276741
278133
281123
281880
283718
284782
285904
285931
286327
286754
287083
287427
287731
287895
288222
288713
289044
290162
290328
290485
290506
291006
291470
291695
292162
292646
292824
293350
294103
294812
294907
297299
297502
297715
298291
298353
298488
300306
300615
301130
301322
301748
302098
302303
302723
302805
302825
303514
304371
304379
304484
305662
306040
306940
307127
307589
307985
310337
310733
310970
311454
312113
312132
312246
312309
313706
313782
313944
314561
314994
315351
316569
317513
317581
317652
318274
318384
318521
318614
318726
318864
318959
319730
320455
320534
321065
321810
321975
322420
322706
323128
323315
323533
325250
325369
325386
325793
325840
326345
326662
327430
327444
327678
327831
327903
328427
329330
329354
329449
329834
330412
331302
331519
332706
334695
335358
336030
336188
336917
336926
336930
337008
337051
338300
339129
339136
340140
340327
340370
340460
340485
341204
341324
341470
341776
342348
342990
344224
344948
344975
346056
347185
347414
347415
347673
348544
348659
349958
349972
350061
350359
350921
352422
354656
355070
355344
356080
356352
356809
357312
357555
357624
357953
359471
359755
360129
362016
362021
362756
363060
363914
364515
365454
365798
366120
366609
366801
367114
367350
368203
368506
368703
368916
369623
369684
369917
370196
370441
371272
371458
371759
371945
372347
372657
372722
372771
373077
373902
374210
374270
375080
376758
376842
378742
378867
379559
379788
379889
380768
380800
381014
381389
381482
383052
383138
383372
383769
383955
384595
386141
386386
387295
387413
389288
389994
390730
391755
392317
392342
392836
393415
393767
393786
393880
393954
394418
394893
395695
396237
396312
396571
396810
397554
397791
398294
398356
398684
399584
400010
400082
401006
401424
402272
402873
402967
403256
403341
403581
403683
405015
405343
405459
406762
406915
407037
408160
408265
408482
408707
408826
409008
409248
409556
409972
410225
410239
411054
411331
411808
411847
411863
413174
413323
413642
414453
414897
415187
415930
415945
416044
416402
417293
417914
417980
418312
418596
418733
419503
419576
419592
420747
420763
420865
421344
421988
422959
423052
423568
423795
424122
425064
425299
425886
426161
426756
427522
428834
429029
429628
429960
430443
431225
431231
432255
433024
435751
435796
437298
437486
437633
438931
439350
439356
439632
440288
440565
442038
442844
443369
444468
444812
444870
445852
446368
446430
447039
447693
447893
448987
449199
450774
450849
452285
452432
452967
453306
453551
453818
454027
455769
456957
458330
458560
458761
458920
459442
459659
460152
460499
460555
460801
460922
461145
461183
461345
461566
461732
462743
462771
462800
462888
463708
464541
464728
464817
465988
466464
466578
467937
468157
468703
468816
469103
469333
470831
470893
471021
472219
472430
472719
473498
474335
474630
475099
475577
476152
476574
476651
478377
478607
478921
478999
479163
479176
481463
481563
481728
482417
482900
483175
483779
483965
484265
484948
486607
486790
487296
487834
487960
489233
491256
491283
491423
491725
492144
493188
493919
494330
495085
495223
495391
495624
496075
496164
496419
497081
497114
497342
497493
497654
497886
498320
498730
499725