217
763
909
2480
2809
3489
3596
3689
4729
5144
5289
5974
6027
6131
6223
6769
6794
7444
7457
7560
8791
8829
9294
10009
11105
11445
11867
12462
12497
13346
16111
16968
17458
18117
18638
18804
19868
19982
20962
21172
21954
22733
22851
22910
23664
23904
24083
24351
24647
25192
25279
25706
26058
26652
26977
28242
28507
29389
30270
30404
31304
31653
32703
34802
35154
35438
36862
37191
37290
37605
37895
38335
39590
40595
40789
41454
41817
42258
42899
42963
43292
43531
43705
43994
44015
45319
45334
45528
45721
45730
45741
46209
46307
47001
47257
47454
47500
47590
47664
47769
48964
49624
51083
51215
53181
53500
54069
54123
54700
54786
54794
55322
55526
55638
55684
56858
58516
58954
59197
59739
59869
61640
61730
61854
62932
63549
63710
64991
66659
67613
67823
68526
68718
69152
69198
69578
69827
70207
70774
70852
71713
72032
72168
72321
72343
73561
74096
74761
74853
75400
75683
75802
76061
77140
77849
77975
77989
79520
80592
80827
81841
82036
82201
82273
82471
83383
83516
84574
85262
85319
86379
87037
87233
88052
88143
88744
89160
89226
89565
89611
89654
89949
89956
91561
91610
91742
92631
93162
93230
93743
94012
94132
95522
95887
95913
96035
96134
96189
96566
96629
96632
97183
97620
97845
98276
98415
99006
99299
99567
99892
99955
101372
101514
102083
102395
102792
103268
103450
103507
103826
104270
104533
104831
104930
105667
105750
105899
106080
106122
106528
107491
109016
109550
110919
111385
111545
111748
112086
112423
112942
113143
114057
114115
114215
114870
114968
115025
116301
117750
117908
118833
119423
119926
121223
121378
121715
123801
124116
124517
125695
125788
126262
126447
126835
128341
128957
129034
129067
129361
129524
130042
130211
131280
131452
132203
132331
132528
133304
133746
133889
134574
136227
136254
136351
136549
136555
136755
136949
138094
138695
138710
138971
140750
140808
142056
142225
145523
145854
146364
146387
147063
148082
148491
148499
149007
149575
150813
150936
153293
153472
154124
154149
154299
155018
156251
156496
156825
157592
158357
158582
158924
159170
159886
160249
160380
161840
163213
164576
165037
165361
165403
165725
165943
165970
166525
167091
167288
167538
168043
168746
168950
169854
170083
170152
171219
172060
172585
172794
174057
174618
175218
175406
175598
175849
176151
176349
176351
177735
177862
178226
179079
179904
179910
180025
181067
181368
181873
182095
182693
182823
182862
183131
183654
184352
184695
184790
185509
185881
186146
187182
188182
188503
188646
190492
190528
191035
191310
192160
192543
192601
192851
193082
194052
195851
196662
197302
197352
197575
197628
197819
197913
198772
199031
200176
201874
202926
203128
203240
203385
204210
204448
204640
204993
205276
206430
207529
207615
207694
207707
207783
208102
208159
208493
209906
210532
211650
212299
212657
213635
213853
214300
214503
214721
215082
216209
216764
216990
217680
218421
220343
220392
221411
222346
222346
222633
222901
224040
224184
224758
224990
225288
225778
226494
228635
230160
230230
231051
231069
231795
232061
232615
232978
234246
234575
234874
235390
236020
236369
237131
237136
237236
237796
237853
238090
239830
240182
241202
241302
241365
241436
241516
241761
241827
242320
243528
244328
244837
245632
245668
245745
246376
248587
248817
249048
249423
249548
249622
250476
250489
251318
251374
251541
252060
252116
252795
253537
253635
255302
256659
256663
259236
259522
260325
260380
260422
260666
260955
261398
261648
262289
262515
262863
263386
263738
263917
264086
264267
264711
265046
265263
265775
266478
266671
267992
268320
268794
269598
269768
270193
270391
271352
271412
271531
271713
272365
273774
273987
274319
274745
274908
275962
276260
276601
277740
277964
278019
278768
279352
279422
280625
281155
281201
281926
283004
283289
284590
284883
284906
284943
285661
285861
285903
285966
286373
287548
287699
288335
288800
289884
290197
290323
290418
290494
290824
291068
291192
291240
292259
292653
292872
294319
294561
295011
295096
295532
295707
295746
295862
296125
296225
296507
296565
296761
296910
297084
297387
297514
299067
299541
299648
299913
300085
300162
300168
300337
300938
301010
301186
301506
303097
303189
303980
304369
304719
305288
306141
306175
307113
307361
307764
307786
310461
310722
310856
311215
311626
313072
315237
315414
315978
316370
316989
318282
318408
318954
319115
319190
319608
319994
321392
322985
323852
324934
325175
325347
325622
326414
326595
326768
327502
327737
327894
328951
329053
329728
330517
330542
331403
332461
332816
333869
335168
335326
335688
335916
336224
336540
336825
336834
337267
337970
338126
338135
338266
338364
338905
339204
339317
341444
341485
341861
342046
342239
342534
342767
342832
342874
343285
343886
343972
344565
344802
345166
345969
346213
346954
347404
347567
347960
348808
349451
350128
350265
350378
350708
351187
351246
351302
352334
352516
356749
357184
357215
357404
357586
358901
358923
359063
359115
359185
359582
359784
360507
361908
362065
363444
364168
365438
368026
368786
369523
371053
371392
373384
373601
373989
373990
374471
374867
375003
375246
375268
375520
376742
377059
377395
377626
378219
379031
379227
379560
379567
380736
380835
381388
381750
381805
381983
382319
382709
382821
383047
383563
384951
385197
385210
385335
385493
385524
386005
386064
386590
386994
387773
387923
388277
388318
388709
389483
390777
391029
392178
392203
392548
394814
395518
395676
396339
397469
398304
398519
398649
398839
399095
399568
400797
401454
401511
401864
402286
402759
402917
402981
403241
403257
404329
404933
404994
405654
405980
406304
406760
406761
407742
408320
408614
409042
410304
410701
410716
411150
411172
411282
411305
412399
413273
413297
414146
415572
415875
416321
416802
417028
417144
420175
420682
421108
421340
421442
422029
422059
423758
424150
425058
425390
425502
427296
427384
428156
428931
429350
429830
430634
431358
431803
432304
432314
433433
433583
434550
436257
436435
437052
437111
438323
438350
439135
439174
440306
441823
441860
442648
442649
443722
443781
443784
445536
446497
447707
448240
449798
450927
451098
451146
451596
451766
452038
452414
452708
453179
453385
453841
454255
454446
454618
456295
456827
456870
458127
458264
459841
460857
460911
461044
462332
462497
462504
462889
462977
463889
464096
464222
464545
464558
464682
465369
465669
465873
466816
466927
467205
467420
467589
468750
470089
470255
471368
471995
472421
472672
472692
473060
473213
473293
473428
474094
474513
474979
474994
475313
475670
475686
476621
476686
476957
478138
478484
478624
478807
479076
479216
479506
479588
481118
481831
481840
483311
483903
484809
485286
485639
486303
486491
487448
487587
488125
490244
490759
491281
491972
492000
492285
493239
493435
494759
494940
495059
495304
496071
496169
496339
496409
496557
496941
497185
497462
497689
499290
499818
499905