957
1474
1539
1696
1942
2209
2497
2531
3078
4437
4448
4734
6219
6543
7280
7498
7700
8571
8628
9149
9346
10687
11333
11805
11902
12112
12449
12572
12741
13472
14027
14115
14442
14821
17046
17492
17544
18102
18351
18862
19312
19576
19733
19834
20219
20747
20787
21003
21690
21896
21952
22149
23155
24198
25018
25805
25934
26090
26561
27075
28346
28544
28905
28915
29006
29424
29554
29656
30253
30709
30800
30860
31275
31611
32166
32564
32611
33587
34321
34438
34490
34705
34756
35049
35143
35236
36305
36583
36793
37021
37217
37463
38969
39239
39360
40235
41578
41908
42216
42366
42931
43487
44172
44601
45374
45394
46207
46717
47373
47573
47680
47974
48020
48195
48437
49252
49342
49528
49587
50085
51087
53017
53746
54019
54501
55594
55852
56242
56439
58462
58598
58606
58713
59288
59362
59790
60453
60706
61956
61962
62774
62840
63518
63929
64440
64671
65233
65290
66285
66439
66519
67010
68085
68946
69572
69838
69863
69946
70947
71103
72790
73788
73831
74270
74668
75031
75330
75388
75493
75509
76436
76505
77433
78286
79248
80057
80157
80835
80909
81035
81055
81405
81784
82141
82973
83038
83185
83834
83902
84147
84164
84556
84568
84587
84874
85652
85669
86388
86955
87165
88157
88275
88671
89165
89289
89479
89673
89867
91215
91306
91627
93468
94332
94889
94977
95875
96277
96421
97139
97943
98078
98213
98583
99812
100303
100378
100654
101135
102480
103497
103501
103790
103949
104530
105065
105412
105952
106126
106405
106583
106857
107387
107561
107859
108476
108728
108901
108910
108979
109157
109196
109404
109448
110371
110492
110796
110822
111641
112119
112164
112227
112902
113471
113674
114115
114628
114816
116290
117019
119278
119622
121528
122310
123329
125283
125335
125441
125693
126548
128373
128557
128984
129532
129957
130386
130565
131175
131401
132152
133283
133402
134232
135295
135595
135671
135813
135857
136396
137035
137134
137299
137862
138136
138664
138865
139254
139539
139819
139989
141222
142604
142878
143340
143644
143881
144794
144975
145088
145129
145555
146627
146883
147223
148018
148043
148738
149921
149989
150263
150388
150536
150649
150820
150949
151173
152929
153830
153956
154151
154219
156881
156956
157090
157562
157839
158249
158630
158836
160006
160163
160469
161001
161765
162433
162494
162545
162724
163472
164246
164331
164974
165732
166270
168167
168186
168517
169454
169498
169718
169923
170891
171131
171595
172489
172788
172972
173964
174095
174525
174841
175636
175796
177196
177837
179508
180024
181434
182156
182659
182678
183056
184161
184174
184783
184990
185077
186193
186760
188341
188981
189267
189490
190025
190705
191039
192247
192355
192744
193355
194069
194265
195250
195425
196476
197572
197887
198666
198725
198843
199546
200178
200240
200775
201005
201633
201710
201905
202276
203030
203609
204217
204284
204452
205528
205658
205751
205851
206789
206909
207100
208757
209777
210219
210269
210337
210940
211079
211511
211855
211966
212282
213344
213958
215828
216776
217948
218391
218586
219095
219164
220092
220779
220878
221344
221982
223396
223587
224062
224249
224656
224724
224978
225599
226673
227051
227058
227798
228205
228494
230056
230665
230993
231311
231624
231965
232046
232184
232537
233318
233611
234284
234290
236168
237057
238096
238173
238408
238860
238966
239108
240262
240530
241265
241388
242245
242403
242413
242762
243113
243743
243804
244110
244370
245466
245576
246213
246625
246711
246882
249222
249282
249533
250221
250574
250820
251038
251265
251814
251932
252229
252888
253588
253914
257141
257667
258033
258042
258128
258739
259441
259609
260517
261977
262176
262840
262879
263539
264494
264509
264665
266101
266203
266272
266563
266951
267446
268595
268680
269233
269768
270317
270406
270622
270795
271793
272358
272756
272852
274026
274645
275106
275170
275681
276728
277366
277696
277917
278210
278339
279215
279680
280137
280363
280445
281348
281537
281757
282075
282084
283276
283603
283615
284056
285166
285873
286098
286354
286579
286582
286730
287196
287923
288196
288652
289177
289321
289791
290485
291524
291884
292072
293406
294003
294229
294417
294621
295184
295311
295348
295670
295941
296064
296081
296955
297225
298858
299006
299678
299741
300157
300662
302315
302523
303480
303708
305268
305457
308102
308944
309141
309309
309316
309484
309886
310916
311023
311168
311309
313292
313890
314155
314381
315761
315845
316383
316421
316448
316570
316717
316719
317316
317347
318339
318466
318637
319695
320715
320722
320886
322021
322046
322232
322667
322736
326012
326393
326422
326725
326816
328074
328693
329041
329517
330539
331144
331530
331774
331825
332136
332227
334286
334470
335450
335542
335746
336178
337570
337858
338603
338672
338756
339340
340252
341008
341042
342396
342692
343266
345064
345947
346326
346346
346738
347338
347643
349929
350803
351509
351893
352181
352483
352779
352907
353429
353815
354534
356561
357560
357690
357957
358247
359344
360011
362194
363001
363030
363223
363636
363723
363996
364481
364483
365358
365410
366280
367642
367929
369470
370030
370410
370560
370573
370866
371484
374856
374946
375890
376534
376947
376993
377144
377383
377608
377937
378205
378335
378564
379023
379408
380355
380364
380562
381534
381541
382200
384063
384782
385200
386698
386888
389894
390109
390770
390773
391911
392650
393337
393861
395489
395743
395907
396276
396361
396888
397432
397760
397991
398947
399102
399218
400663
400693
401101
401294
401383
401659
402342
402573
402591
402713
403571
403671
403843
403852
404653
405286
406130
406286
406643
406697
408477
409193
409537
409974
410275
410355
410602
411587
411706
412056
412424
412961
413066
413407
413613
414358
414830
414911
414979
415137
416509
416638
417160
417711
418303
418518
418640
418755
418762
420306
421632
422173
422872
423103
423892
424271
425441
425615
427036
427236
427472
427771
428231
428793
429123
429941
430270
430344
430550
430646
431129
431560
432287
432418
432770
432826
433292
433683
434267
435105
436555
436909
436974
437352
437430
437531
437817
438290
439111
439956
439960
440107
440499
440529
441484
442300
443520
443637
444237
444451
445108
445293
445505
445937
448537
449593
449670
451391
452194
452706
454965
455352
456415
456715
457124
457768
458674
458984
459137
459145
459231
459335
459467
460889
461109
461708
461848
461888
462242
463067
463072
463167
463820
463946
464317
465527
466692
466925
467950
467954
468371
468469
468543
469523
470036
470709
471948
472187
472499
472574
474878
476538
476797
477692
477939
478385
479347
479364
479837
480296
480549
480812
481121
481465
481868
482355
482909
483623
483961
484543
485232
485515
485587
485631
486384
486699
486811
487488
487555
487891
487959
488897
489287
489305
489510
489676
489751
489783
491351
491692
492207
493042
494643
494863
495664
495692
495944
496347
498970
499042