331
1286
2530
3002
4076
4162
4423
4713
5822
6534
7341
8028
8135
8742
8931
10016
10102
10932
11077
11256
12205
13821
15302
16587
16610
16769
17157
17811
19197
19230
19731
20735
21119
21797
21956
23590
24421
25186
25355
25702
25786
29106
29309
29657
29709
29721
30425
31012
31526
32365
32985
34351
34688
36452
37214
37298
37765
38034
38087
38913
39251
39660
39859
39927
39962
40581
40789
40803
40816
40907
41515
41525
41725
41841
42012
43978
44496
44964
45848
46632
46830
47020
47485
48674
49850
50506
50540
50684
51097
51820
52518
52563
52797
52956
53112
53375
54667
54704
54813
56077
56675
56981
58220
58257
58444
58726
58890
59213
59297
59344
59450
59623
59694
62351
63051
63914
64555
66216
66858
68337
69262
69948
71636
72699
73159
74314
75589
76606
77535
77820
77966
79514
79521
79974
80778
81195
81480
82650
84161
84586
84834
85514
86044
86527
87216
87241
87384
88126
88226
88848
89140
89350
89636
90006
90726
91262
91293
91450
91531
92292
92996
94302
94319
94610
94694
94726
95141
95885
96162
96661
97060
97766
97876
99123
99723
100306
101465
101683
102559
102584
102652
103612
103639
103688
104213
104875
106029
107072
108178
108774
108800
109294
109378
109674
109890
110115
110390
110536
110675
111424
112210
112583
113366
113535
114324
114459
115307
115313
115443
115937
116196
116662
117177
117383
117660
117780
118051
118296
118347
119198
119641
120179
120619
121531
121540
121618
122490
122609
122909
122969
123563
123597
123815
123906
124264
124629
125566
127337
128355
128380
128390
128799
128893
129417
129691
129711
130336
131200
131656
132761
133708
133897
134205
134328
134842
135088
136110
136189
137126
137437
137606
138812
139051
139212
139631
139959
141336
141837
143805
144081
144600
145400
145425
145501
145507
145522
145611
145910
146270
146426
146868
146933
147439
147836
148038
149452
149462
149567
150056
150090
150365
150542
151122
151945
152571
152785
153117
153239
156634
156701
158570
158897
159333
159744
160029
160084
160227
160784
160900
160965
161330
161501
162030
162404
162646
163011
163429
164288
164994
165611
165706
166571
167214
169278
169770
169967
171086
171107
171356
171388
171545
172028
172161
172285
172352
172504
172551
172697
173212
173432
173561
173813
174034
175364
175492
175902
176340
176881
177260
177755
178350
178508
179540
184535
184566
184925
185142
185313
185336
186083
186187
186582
186852
187074
187874
187909
188113
188359
189878
189966
190077
190963
191409
192009
192211
192768
192778
192860
192919
193609
195003
195034
195212
196020
196826
197068
197508
197549
197848
198269
199366
199965
200314
200513
200681
201023
201081
201773
202423
203410
203460
203712
204084
204708
205198
206221
206611
206701
207378
207756
208288
208325
208697
209612
210278
210559
211106
211634
211749
212463
212628
213654
213933
214079
214176
214511
214805
214826
214952
215230
215542
216073
217188
217869
218556
219211
219367
219711
220079
221040
221059
221311
221395
221903
222481
222936
223527
223695
223830
224081
224771
225956
226561
227477
227514
227788
227935
228728
229508
229782
230456
232852
233481
233666
233676
233868
234767
235583
237158
237187
237283
237575
237735
237949
238018
238097
238343
238533
239794
239825
239981
240698
240979
241759
242074
243333
244488
244648
244750
245365
245928
246325
246572
246610
246909
247017
248162
248302
248389
248485
248870
249305
249626
250293
250348
251100
251940
251944
251950
252761
254496
255274
255785
256065
257419
257454
257498
257852
258102
258113
260071
260422
261067
261556
261852
262774
262966
263501
264955
264970
265075
265263
265369
265791
266808
267121
267241
267260
267323
267571
267964
268364
269328
269334
269363
269618
269775
271128
271197
271502
271739
271788
272268
273037
273335
273600
274001
275142
275187
275888
276473
277393
277598
277621
277662
277695
278733
278827
278987
279075
279413
279511
279669
280097
280161
281444
283380
283523
284115
284797
285209
285556
286375
286769
287754
287918
288077
289054
290027
290127
290942
291066
292504
293002
293025
293741
293880
294377
295441
295759
295994
296611
296824
297272
297280
297483
297862
298253
299769
299877
300128
300679
301110
301356
303506
303870
304066
304445
304763
305207
305565
305950
306240
306634
307295
307487
307985
308009
308393
308447
308856
310101
310270
310475
310578
310814
311110
311230
311606
311718
311800
312090
314628
316226
316618
316882
317489
317724
317936
319051
319087
320016
320074
320246
320647
321098
321547
322827
323018
323110
323740
323840
323904
324147
324238
324268
324420
324483
324607
325392
325484
325881
327200
327348
327873
328077
328580
329144
329942
330181
330572
330727
330731
330738
331137
332672
332898
333212
333288
333962
334466
336265
337291
337715
337726
338570
338988
339662
339941
340987
341625
341683
341793
341810
342137
342423
343094
343251
344109
344345
345130
345649
345947
345984
346082
346871
347639
348168
348247
349633
349765
350082
350622
351023
351888
351898
351959
352064
352346
352991
353723
354161
354244
355475
355640
356800
357109
358533
358695
359199
359422
360325
360699
360896
361135
361147
361404
361427
362326
363499
363771
364114
364623
367231
367354
367864
368926
370823
370847
370970
371522
371897
372248
373235
373995
374516
374859
375415
375664
376444
378407
378745
378764
379282
379399
379919
380734
380913
381006
381755
383107
383908
384454
384832
385959
386060
386068
386496
387536
387566
387581
389345
390210
390223
390378
390656
390683
390845
390890
394514
394615
394791
394832
396172
396365
396888
397061
397546
398830
400177
401186
401278
402109
402185
402705
403940
404044
404155
405671
407232
408208
408211
408994
409060
409590
410505
411331
411730
411808
411984
412760
412863
413841
414727
415192
415272
415358
415689
416240
416770
417600
418398
418975
419887
420585
420799
420851
421284
422014
422248
423201
425280
425431
425757
426184
426363
426565
426591
427485
427975
428819
429012
429036
429460
429720
429830
430818
430920
431659
432098
432528
432844
433090
433308
434034
434750
434989
435298
435846
435880
436696
437121
437158
437950
439558
440272
441766
442783
442956
443702
444151
444239
444323
444420
445351
445360
446126
447873
447915
448582
449034
449435
450593
450824
451970
452809
453425
453632
454197
454579
454600
454694
455772
456108
457025
458233
458707
459921
460459
460730
460991
461227
461344
461583
462106
463028
463328
463481
463723
465627
465813
466039
466417
466890
468050
468267
469045
469092
469489
471059
471406
471843
473316
473942
474610
474983
475039
475138
476319
478793
478883
479927
479950
480206
480521
480782
481142
481246
482202
482699
483318
483400
483659
483701
484473
484585
484686
485789
486002
486400
486477
486787
486788
487297
487328
487788
489547
490401
491930
491935
491951
492056
492129
492224
493232
493782
493920
494275
494295
494377
494646
495114
495924
496062
496430
497871
497900
498514
498820
499609