1217
1527
1860
1918
2114
3934
4037
5075
5187
5300
5495
5916
6405
6593
6759
7805
8653
9071
9166
9512
10059
10721
11234
11560
11822
11865
12012
12174
14578
16231
16253
16375
16383
17224
17405
18973
19090
19696
19709
19909
20466
20696
20802
21322
21533
21565
21611
21748
21809
22703
22733
25212
26781
27193
27423
27858
28921
30209
30254
30904
31767
32008
32273
32476
33140
33451
33763
34516
34624
34687
34806
35920
36142
36143
36650
38635
39515
41039
41966
43809
43858
44528
44844
45097
45331
45896
46327
46388
46683
46709
46761
46882
47409
48422
48705
48886
49664
51110
53182
53202
53331
53535
54789
54825
54964
55297
56268
56969
57173
59000
59199
59285
59672
61046
61153
62050
62840
62861
62907
63270
63679
64964
65124
65888
66033
66236
66420
66455
66588
67219
68052
68394
68394
68649
68675
68775
68782
69493
69654
70268
70643
70709
70726
71115
71565
72818
73409
73711
73877
76347
77447
79665
80340
80908
81856
81921
83568
83956
84279
84380
84623
84888
87069
87821
88040
88552
89272
89722
90335
90866
90918
91123
91635
91638
91922
92124
92214
92433
92752
94276
94655
94966
96075
96802
97067
97187
97360
98114
98201
98896
98970
100088
100547
100820
101262
101387
101620
102045
103413
103656
103895
104470
105350
105807
105992
106869
106932
107388
108125
108825
111391
111596
112221
112602
112667
112905
112936
113725
114416
114463
115509
116003
116058
116275
116683
117342
117878
117930
118160
119207
119690
119946
120129
120360
120925
121134
121362
121556
122051
122213
122251
122354
122465
122919
124651
125938
126336
126529
127438
127705
128642
129543
129850
130508
130802
130819
130984
132164
132491
133603
133650
133996
134915
135090
135149
135455
135578
135892
136436
138708
141755
141816
141840
141892
142282
142500
144006
144080
144424
144885
145136
145961
146753
147136
147892
148131
148394
148731
149084
150143
150372
150682
151683
154572
155040
156072
157080
158276
158475
159351
159845
159851
159953
160907
161147
161310
161666
162693
162748
163209
163212
163311
164287
164308
164474
164883
166651
166845
166976
166997
167215
167263
167348
167684
167805
167830
167945
168468
169539
170069
171522
172136
172199
172577
173885
173890
174569
175363
175385
175963
176297
176759
177974
179618
180185
180425
180509
180814
183287
184224
185254
186877
189768
189770
189825
189866
190148
190447
190494
190502
191277
191675
191724
191855
191988
192343
192884
192995
193223
193246
193909
195213
195503
196358
196819
197756
199546
199721
200866
201526
201826
201989
202134
203475
204745
204804
205379
207362
207716
208004
208155
208487
208510
208942
209023
210341
210586
210857
211352
211788
212154
212334
213940
214484
214679
214881
215173
215797
216021
216626
216818
216882
217160
217270
217371
218137
218169
218629
218727
218994
219124
219870
220905
221014
222140
223297
223544
224336
224844
225256
226079
226377
226819
226894
227005
227451
228097
228190
228343
228368
228674
228935
229408
229861
230088
230255
230542
230562
230607
231531
231665
231991
232156
232253
232472
232488
232569
232964
233758
235355
235363
235984
236392
237041
237250
237457
238904
239177
240519
241163
241805
242039
243341
243491
243504
244468
244556
244624
245266
245424
245933
246921
247185
247933
247963
248355
248776
250968
252446
252494
253319
253868
253952
254132
255106
255184
256823
257036
258167
258627
258682
259025
259085
259304
259403
261953
262065
262854
263509
263669
264920
265256
265316
267073
267126
267580
268001
268008
268012
268177
268662
269190
269218
269275
270272
271511
272483
272534
273589
273781
275708
276188
276267
277076
278129
278248
278672
278841
279487
279526
279573
280078
280121
280737
281114
281653
282843
283121
283793
284701
284740
286982
287660
287819
287888
288293
288530
288671
288672
288790
289509
290381
290715
290721
290946
291886
291985
292141
292571
293505
293931
294261
295929
296346
296972
298088
298136
298758
299156
299498
299679
300267
301509
301667
301813
302055
303633
303690
303745
304690
304883
305478
305659
306288
307028
307134
307283
307749
308683
309350
309442
309829
310162
310222
310361
310816
311247
311754
312575
312651
312985
314324
315091
315484
315984
316001
316168
316301
316581
316617
316852
317638
318146
318190
318269
318456
318878
318983
319412
319463
320133
320583
320790
322857
323406
323651
324388
325343
326014
326207
326470
327340
327353
327362
327451
328688
329483
330045
330277
330416
331256
331730
332339
332837
334580
334710
335189
335399
335434
336424
336636
337276
339325
339606
340337
340906
341058
341692
341722
342249
342356
342486
342643
342990
343606
343909
344029
344210
344231
345643
346281
346492
346614
347166
347394
349548
349863
350224
351253
351455
351676
351750
352035
352428
352505
353083
353097
354328
354836
354857
356429
356543
356755
357041
357200
357258
357327
357497
358567
358904
359181
361124
361257
361424
361779
361837
362112
362568
362830
363634
363996
364306
364732
364787
365206
365766
366156
366994
367106
367318
367442
367731
367961
368775
368934
369234
369629
370596
372068
372891
373331
374644
374837
375327
375570
376497
376698
377339
377417
377827
377913
378074
378600
378882
378887
379203
379374
379432
379589
380410
381754
382199
383174
383397
385222
385844
385975
385995
386634
386712
386839
388407
388442
388814
388835
389364
389552
390558
391175
391497
391778
392608
393047
394998
395441
395606
396943
397821
397838
398452
398491
398915
398964
399060
399178
399234
399265
400687
401736
403369
403390
403538
403546
404410
404947
405232
405835
406071
406133
407020
407381
408062
408976
409180
409219
409231
409451
409927
410101
410430
410936
411606
411789
412132
412852
412935
413874
416736
417017
417129
417807
418121
418260
418749
419191
420962
421290
421410
421877
421918
422077
422252
422528
422923
423134
423176
423420
423533
424568
425117
425205
425812
426080
426459
426553
426667
426981
427034
427150
428265
428563
429191
430119
430392
430542
432081
432251
432309
432433
433297
435467
435878
435890
435904
436155
436179
437279
437294
437298
437434
437451
437530
438020
438318
438334
438614
439294
440185
440957
441102
441368
441841
441963
442248
442248
442821
443041
443388
443660
443907
444320
444357
444533
447231
447531
448880
449273
451723
451828
452084
452284
452790
453186
453886
453942
454376
454875
455216
455225
456004
456848
457800
457955
458653
460949
461671
462288
462516
462677
462972
463276
463454
465419
465661
466147
466220
466786
466929
467082
467394
467597
469167
469209
470831
471086
471786
472669
472951
473093
473650
473958
474149
474169
474884
476313
476359
476467
477887
478146
478372
478697
478955
479003
479146
479525
481346
481349
482152
482478
482904
484607
485133
485831
488825
489073
490159
491382
491418
491814
492219
492326
492402
492409
493513
493757
494184
494286
494480
494629
494710
494797
495339
495854
495885
495914
497177
498091
499786
499798
499943