309
816
2091
2293
2984
2998
3631
3866
4279
4345
4759
5197
5223
6018
7607
8079
8107
8254
8453
10974
11129
11234
12533
12925
13544
14196
14215
14307
14466
14482
14874
14884
14905
15513
16247
16577
17094
17747
17890
17931
19502
20213
20483
20941
21924
23625
23707
24490
25518
26581
26808
26842
27563
27754
27957
28023
28280
28397
28661
28762
28906
29875
30833
31297
31962
32969
33302
33558
33859
36062
36236
37252
37842
37931
38488
38795
39271
40344
40503
41627
41803
42084
44256
44407
46032
46052
46516
47300
47437
47553
47744
48846
49155
49862
49876
50185
50233
51246
51985
52218
53041
53075
53194
53662
54315
54330
54561
54638
54746
54919
56176
59216
60191
61066
61228
62408
63111
63800
64376
65527
66203
66488
66828
66967
67029
68324
68834
68998
69407
70243
70363
70499
71808
72006
72086
72211
73522
74174
74361
74869
74924
74983
75116
75678
76559
76987
77258
77367
77688
78215
78440
78626
79439
82502
82756
83021
84811
85879
86263
86488
87139
87997
88543
88624
88925
89570
89720
90015
90241
90382
90507
91912
91989
92706
92734
93023
93086
93206
95189
95428
96653
96930
97279
97639
98393
98813
99153
99223
99380
99486
99533
99964
100017
101110
102537
103351
103602
104190
104386
104835
105643
106202
106945
107798
108121
108410
108764
109810
109994
110034
110786
111122
112403
113307
114475
115049
115110
115332
116264
116476
116777
116791
117143
117186
118221
118318
118516
118540
119063
119359
119367
119743
120180
120497
120593
120735
121151
121385
121839
121966
122626
122978
123046
123759
124869
125584
126090
126124
126275
126558
126684
128031
128195
128522
128857
128931
129427
129882
132201
132426
133304
133840
133910
134986
135662
137129
137861
138727
139761
140344
140608
143179
143202
143871
143874
144256
144801
145197
145236
145481
145624
145953
145989
146547
147052
147164
148693
148705
148788
149241
149526
149870
149913
150016
150096
151535
152100
152347
152808
155099
155127
155225
155320
155731
156800
157746
158421
158743
158834
159980
160305
160525
160543
160718
160777
161079
161608
161681
162002
162828
163515
163643
163647
164519
164583
165103
165328
165736
165967
166595
167013
167360
168964
169669
170138
172184
172616
172943
173126
173448
173532
175366
175651
176554
177026
177214
177410
177730
177899
177997
178182
179736
179817
180571
180907
181727
183251
183723
184723
184793
184924
185255
185824
186035
187106
187235
188565
188883
189046
189299
189436
190556
190566
190568
191783
192756
193216
194508
194761
195137
195583
196004
196194
196489
197336
197961
198471
198705
199241
199372
199500
200530
201767
202005
202360
202467
203028
203530
203939
204220
204810
204890
205364
205556
206391
206584
206786
207831
208291
208374
209520
209864
211234
211502
211873
212109
212543
213498
214418
214547
215246
217198
217588
217975
218101
218585
219340
219586
220353
221082
221672
222353
222929
223097
223672
224303
224540
224806
225147
225539
225602
225727
226430
227023
227225
228483
228899
229311
229694
229886
230239
230768
230933
231575
231921
233035
233523
234283
234324
234672
234883
235461
235872
236221
236485
238313
238900
238905
239196
239261
242004
242300
242531
242855
243777
244033
244070
244173
244201
244272
244655
244737
246438
246662
247005
247310
247391
247962
248663
249202
249738
251651
251681
252991
253182
253345
253702
254810
254894
255004
255154
255188
255778
256111
256749
257062
257086
257720
257732
257965
258355
258593
259232
259314
259758
259969
260056
260157
260218
261129
262152
262593
262946
263503
263585
264300
265985
266571
266685
267543
267751
268100
268232
269948
270456
270493
271197
271820
272218
272281
272399
273672
274187
274242
274425
274967
275422
277199
277279
277873
278917
279499
280563
281941
282129
282235
284029
284223
284533
284664
285155
285846
286094
286350
286391
286871
287184
287384
288295
288376
288640
288902
289008
289190
289682
289698
290620
290951
291176
291403
291939
292603
292620
292791
293635
293853
293999
294356
294402
296812
297043
297274
298687
298868
298869
298876
299037
299502
299547
301004
301146
301340
302296
302319
303296
303340
303356
303508
304928
304989
305359
306095
306185
306334
306970
307213
307967
309543
309619
310370
311252
312427
313064
313246
313637
313886
314532
315403
316222
317042
317832
318528
318704
318848
319677
319750
319929
320409
321732
321812
323551
323554
323986
324002
324371
324682
324683
325190
325214
326971
327286
327467
327525
327600
328416
328559
329920
330273
330400
330609
331400
331995
333445
334015
334451
334924
335449
336602
336714
336729
336817
336955
337215
337436
337759
338623
339210
339258
339892
340539
340557
341173
342684
342871
343072
343188
343534
344494
345057
345211
345437
345439
346564
346789
347152
347332
347961
348032
348490
349056
349977
350019
351008
351348
351851
352595
353728
353785
355040
355592
355774
355777
356425
356806
356941
358576
358657
359695
359741
359773
361077
362364
362375
362415
362758
363751
363762
364655
364853
364956
365017
367056
367101
367129
367635
367729
369246
370159
371070
371246
371304
371653
371867
372023
372444
373699
374815
375708
375769
376429
376663
376870
377333
377492
377572
377637
377755
377763
377796
377864
378325
378512
378538
379266
381069
381325
381524
381774
382225
382249
383419
384046
384270
384517
384864
384941
385649
386074
386105
386550
386768
387286
388082
388216
388441
389269
389829
390644
390978
391873
392080
394088
395167
396943
397004
397433
398150
398424
398702
399486
399985
400459
401514
401783
401876
401997
402010
402712
402925
403764
404465
404783
404873
405674
406398
407616
407864
408482
408827
409111
410502
410550
412089
412430
412546
412717
413022
413131
413591
415217
416012
416564
417174
417365
417773
417860
419283
419552
419650
419827
419959
420211
420922
420928
422394
422894
423226
423949
424100
425384
426570
426969
427537
427665
428511
428817
429021
429138
429243
429300
429572
429801
429816
430046
431089
431390
432055
432086
432506
432696
432843
432885
434933
435531
436105
437317
438136
438152
438215
438366
438414
438535
439553
440010
440493
441569
442181
443299
443557
443769
443968
444314
444875
445978
446171
448878
449524
451105
451272
452124
453335
453491
453545
453818
453837
454373
454577
454970
455162
455650
455803
456283
456500
457739
458374
460350
460939
461228
462041
462151
462399
462858
462885
462898
463330
463773
464444
464636
464936
465150
466086
466552
466909
468551
468589
468746
469080
469102
469806
469809
470301
470844
471179
471491
472334
472848
473043
474113
474544
475034
475523
475705
476335
476387
476647
478133
478388
478808
479993
480079
480268
480328
480446
481010
481319
481913
482737
482759
482889
483551
483875
483949
483980
486436
486583
486761
487101
487665
487750
488465
488660
489657
490848
491124
491240
491287
492228
492269
492574
495971
496072
496081
496775
497598
497801
498703
499179
499246
499780
499821