965
1519
2022
3021
3331
3864
3921
4620
5172
5305
5317
5443
5484
5495
5705
8241
8255
9232
9245
11995
13099
13399
14480
15128
15271
15358
15450
15455
15844
16492
16855
17198
17577
17863
18720
18768
19449
20584
20603
20891
22711
25816
26226
26621
26750
27803
28098
28429
29125
29499
30561
30791
30830
30880
31807
31854
31942
32245
32400
33509
33734
34581
34899
35089
35411
35709
35776
36091
36949
37104
37179
38753
39426
39656
39845
40023
41317
41967
42471
44238
46054
46386
46645
46663
47155
47402
48225
48417
48647
49251
50138
50217
50658
50686
50893
52101
52202
52342
53667
55004
55011
55302
55682
56474
57723
57920
57962
59048
59160
59331
59561
60433
60456
60742
60897
61131
61874
62170
62176
62509
62664
62849
63286
64779
65278
65656
65762
66112
66445
66619
67059
68256
68397
68886
69247
71048
71096
71384
71632
71742
72119
72857
72973
73000
74746
75651
75856
75872
76230
77937
78404
78743
79042
81087
81586
82695
82701
84361
84732
84852
85424
87165
87528
88722
89416
90225
90934
91217
91514
91599
91879
92675
92819
93478
94388
95400
95592
97257
97660
98365
98485
98666
99564
99778
100912
101684
101764
102449
103320
103522
103990
106134
106179
106460
106740
106836
106931
107058
107115
107555
107707
108240
108623
109117
109551
110517
110660
111923
114179
115204
116030
116052
116199
116641
117205
118435
118477
118497
118675
118882
119981
120243
120350
121188
121446
122059
122235
123362
123655
123883
123985
123995
124171
124451
125462
125759
125787
125867
125932
126326
126437
126457
126619
126961
127170
127205
129162
130274
131446
131995
132066
132112
134887
135150
135627
135742
136015
136696
137817
138063
138595
138981
139419
141051
141538
141766
141992
142586
142640
143647
143978
145955
146050
146087
146372
148434
149013
149089
149849
150595
150773
151389
151414
151891
152353
152508
152509
154165
154614
155747
155851
156622
156686
156878
157259
157798
158051
159959
159983
160010
160218
160231
160932
160956
161005
161893
162863
163233
163283
163740
163924
164405
164450
164788
164869
164957
165897
166111
166165
166384
166779
166877
167481
167676
167984
168549
170087
170463
171479
171848
172048
172283
172602
172774
172794
172859
173037
174109
174171
176375
178175
179009
179909
180154
181245
181503
182292
182378
183017
183893
184091
184477
184510
185000
185769
185824
185920
186716
186726
186905
187781
188205
188670
188878
189003
189188
189480
189932
190370
191246
191821
191826
192062
192366
192911
193534
193709
194034
195458
196314
196408
196686
197792
198968
199244
200039
200358
200775
200921
201470
202236
202330
203175
203354
203750
204454
204471
204839
204983
205017
205307
205578
205666
205730
205839
206086
207353
207838
207980
208122
209593
210315
211922
212473
213279
213322
213424
213586
214210
216009
216910
217463
217928
219382
221390
221782
221833
222205
222229
222255
222443
222570
223222
223601
223646
223650
223890
224388
224823
225594
227933
228006
228265
228909
229128
229239
230166
230965
231066
231291
231657
231767
232127
232387
232587
232839
233458
234215
236366
236949
236964
237982
238029
238086
238704
239314
239908
240345
240952
241439
241791
241839
241887
243221
243256
243830
243921
244101
245077
245141
246112
246122
246280
247103
247484
247489
248923
249133
249166
249884
250271
251046
251518
251672
251846
252741
253376
253847
254229
255339
255783
255953
256340
256878
257535
258533
258894
259440
259648
260364
260500
260540
260558
260559
261922
262874
262916
263157
263358
263840
264284
264816
265168
265282
265402
266596
266965
267145
267234
268240
268686
269177
270195
270844
271213
271436
271663
272422
273154
273517
273926
273940
274808
275583
276769
277150
281150
281475
283069
283211
283327
283411
283559
283675
283811
284456
284811
286370
286513
287716
287758
288453
288714
288793
288799
288874
289421
289562
289923
291521
291564
292144
292513
292572
292638
292818
293026
293162
293533
293653
293676
294901
295640
295839
295921
296069
296507
297218
297240
298072
298270
300835
301246
301895
302191
303613
303765
305156
305783
308380
309765
310180
310182
310448
310820
311039
311817
312433
313766
313967
314856
315380
315729
316213
316393
317115
317345
317347
317464
317507
317739
318363
318490
318687
318991
319105
320369
321108
321120
321459
321823
322092
322672
322869
323092
323141
323661
323668
323994
324091
324130
324488
324516
324589
324638
325136
326488
328113
328382
328596
328793
328834
329791
330231
330884
331383
332256
332409
333099
333273
334597
335610
336077
337246
337672
338906
339087
339598
340222
340642
341608
341611
341680
341921
342005
342414
342860
343037
343212
343627
344775
345365
345659
345972
346110
346245
346882
347686
348038
348872
349086
349734
350413
350467
350810
351195
352163
352947
354055
354387
354780
354813
355545
357189
358224
358298
359635
359992
360300
360968
361000
361037
361484
361779
362136
365656
367502
367696
367851
367997
368606
368697
369095
369224
369444
369691
370576
370756
371173
371432
372207
372909
374620
374746
374921
375080
375178
375450
375828
376073
376167
376327
376494
376554
377297
377393
378329
378932
379860
381930
382011
382111
382135
382746
382774
383301
384424
384553
385851
385870
387567
387568
388163
388600
389391
389959
391253
391657
391657
391781
392132
392792
393377
395001
395871
396838
398001
398027
398041
398444
398912
398937
399470
399539
399652
400311
400519
401152
401703
402223
403005
403518
403574
404286
404630
405391
406339
406951
407105
407214
407245
407289
407881
409405
409521
409641
409883
409894
411696
413082
413190
413283
413458
413565
413736
413961
415157
415307
415766
415873
415914
416200
416988
417095
417385
418205
418378
418424
418675
419229
420050
421177
421872
422035
422088
423068
424977
425084
425549
426369
427821
428079
428911
432107
432255
432449
432630
432902
433868
434572
434661
434722
434773
435164
435689
435800
436461
436514
436539
436593
438332
439034
439035
439502
439886
440092
441605
441634
442063
442347
442621
442670
442944
443461
443747
444425
444460
445542
445623
445862
446019
446055
446419
446462
446939
447237
448429
448705
448776
449059
449467
449538
449631
450773
451492
451608
451906
451960
452084
452790
452876
453054
453108
453131
453204
453215
453808
454099
454877
456481
456558
457024
457109
457228
458390
458638
459626
459628
459793
460126
460199
462432
462799
464810
465005
465691
466334
466841
467202
467446
467790
468006
468561
468905
469095
469269
469837
470161
470268
470831
470850
472465
472861
472910
473109
473461
473603
473618
473951
474302
474615
475289
475399
475868
475974
476452
477135
477925
477998
478101
480485
481598
482703
483346
484352
485335
485420
485675
485708
486137
487720
487812
487866
487986
488356
488570
489262
489344
489623
490452
490518
491095
491750
492391
492930
493198
493287
493417
494399
494447
495018
497000
497253
497917
498144
498251
498362
498620
499131
499571