722
1465
1542
1917
2040
2366
2371
2433
2538
3551
3706
4386
4612
5706
6406
7334
8268
8310
8583
8827
8970
9558
11306
11800
11849
12453
14100
14411
14424
15200
15836
16344
16401
17454
17465
17711
18549
18733
19577
19675
21178
21282
21387
21440
22352
23180
23315
23749
24648
25133
25489
25911
26498
27700
27785
28083
28660
28679
28762
29494
30317
30514
30517
30831
31033
31090
32753
33418
33730
33910
33946
34575
34578
35264
35491
35611
36187
36259
36642
36922
36942
38312
38997
39006
40233
40977
41381
42598
42762
43335
43372
43453
43920
45087
45202
45673
45972
46113
46344
46417
46516
46854
47381
47580
47739
47863
48076
48207
48506
48570
49359
49631
50350
52274
52538
52604
52762
52820
53122
53775
54011
54024
54691
54988
56050
56500
56764
56853
58432
59571
60124
60552
60612
61079
61091
61551
61575
61598
62200
62352
62433
63561
63751
63752
64680
64723
64726
65693
66042
66448
67282
67321
68305
68481
68779
69177
70543
70879
71327
72490
73048
73226
74462
74701
76550
76822
77545
77582
77880
78163
79099
79138
80035
80422
80491
80807
80929
81736
81801
81854
82603
82786
84290
84712
84871
86565
86634
87321
87791
88050
88481
88837
88858
89550
89585
90226
90470
90717
90883
91940
92174
93599
94124
94201
95441
95527
95715
96795
96881
98049
99642
99781
100659
100737
102280
102702
102784
103562
103951
103959
105549
106344
106390
106809
107495
107993
108376
108599
109000
109853
110185
111109
111124
111221
111275
111700
112884
113276
113508
113537
114477
115083
115264
115401
115937
116156
116963
117584
118522
118799
119029
119140
119964
120400
121402
121525
121646
121649
121859
121967
122170
122634
123231
123941
124110
125822
126356
126657
126882
126983
127147
127295
127356
127810
127861
128870
129249
130157
131281
131358
132068
132688
133545
133654
134035
134543
135712
136927
137806
137881
138410
138485
138505
138853
139814
140004
140516
142109
142423
142546
142675
143767
143945
144348
144964
145631
146607
147602
148987
149686
149724
149993
151155
151200
152367
152686
152991
153790
153831
154803
155123
156266
157466
157869
158503
159263
159667
159742
160126
160621
161857
162308
162336
162516
164033
164033
164907
165022
165593
165842
166572
166848
167179
167626
167661
167843
168811
169497
169667
170015
170154
170569
171410
172062
172079
172977
173235
173980
174594
175089
175159
175208
175496
176354
176475
176823
177017
177205
177780
177991
179134
179350
180927
180936
181036
181574
181852
182652
182686
183602
183750
183981
185562
186318
187413
187620
189148
190283
190619
191567
192388
192906
192942
194703
194819
195340
195542
195931
196421
196730
196733
197113
198185
198370
198475
198806
199266
199595
201623
201753
202600
202604
202665
203117
204238
206181
206310
207138
207149
207284
207409
209700
209739
209994
210379
211211
211947
212868
213187
213586
213786
215012
215062
215853
216035
216229
216319
216549
217183
217575
217611
218614
219081
219198
219222
219657
220472
220633
220735
221130
221243
221472
222528
222611
222675
223505
223820
224148
224811
225569
226139
226167
227334
227350
227531
228108
228265
228516
229349
230722
231067
231262
231520
231890
232627
233409
233487
233906
234749
235110
235136
235171
235220
236509
236595
236850
236930
236999
237243
237922
237954
238087
239896
240767
241719
241772
242219
242513
243095
244399
245318
246451
246550
246997
247775
248042
248090
248177
249121
249144
249941
251500
252566
252730
253202
253782
253854
254094
254374
255230
255810
256003
256511
257083
257257
257824
258032
258822
258974
259682
259810
260029
260695
260718
260760
262782
263343
264006
264570
264602
266100
266153
267234
267325
267531
267767
268250
268413
268460
268761
268902
270165
271491
271533
271924
272827
273556
273588
274122
274478
274811
275059
275313
276095
276232
276802
277673
278579
279786
279894
280029
280882
281934
283329
283904
284183
284330
285148
285250
285947
286448
286991
287153
287968
287992
288044
288829
290104
290479
290537
290876
291225
291822
292050
292175
293404
293618
293891
293925
294728
294989
295725
295797
297466
297866
298155
298620
298767
299952
299965
300254
300659
300770
301810
302178
304806
305551
307595
307614
307708
307916
308119
308326
308879
309055
309788
310610
310685
310701
310811
311301
311359
311627
311674
311862
312632
312796
314259
314612
314846
315292
315567
316017
316626
317712
317730
318424
318749
318918
319392
319635
319895
320024
320134
320619
320714
321731
322280
322483
323248
323319
323513
324799
325217
325265
325369
325573
325754
325814
325921
326042
326264
326465
327643
328131
328521
328781
329597
329923
330130
330341
331200
331473
331640
332752
333213
333928
334670
335903
336413
337731
338157
338480
339357
339500
340564
340831
340872
341285
342642
342781
343023
343085
343776
343980
344556
344785
345086
345513
345798
345946
346446
346529
346728
347080
347100
347130
348396
349569
349899
352032
352226
352247
352255
352610
352740
353317
353440
353536
354265
354371
354449
354873
355135
355210
355337
355575
355607
356140
356163
356464
356728
356929
356958
357120
357287
357843
357956
358010
358063
358328
358366
358660
359741
359903
360186
360223
361294
361374
361717
362204
362453
363986
366377
366689
366792
367876
367917
369787
370479
371205
372137
373552
373748
375994
376088
376731
377038
377764
378876
379504
379741
380114
381318
381744
382990
383579
385519
385609
385715
386495
386807
387038
387595
388570
388575
388589
388958
389022
389286
389464
391355
391728
393134
393222
394240
394466
394949
395416
395802
396096
397010
397242
397435
397472
397873
398303
398928
399330
399380
399399
400232
400499
401374
401513
402066
402419
403207
404870
405024
405348
405934
406376
407016
409293
409665
410001
410042
410110
412307
412368
413472
414052
414133
416604
417098
417110
417132
417845
417991
418089
418153
418965
419668
420509
420632
421554
422523
423397
423817
424228
425115
426556
426679
426880
427487
427713
428474
432197
433471
434007
434110
434786
434985
435202
436032
436073
436552
438072
438743
438758
439277
439347
439555
440321
441332
441336
441701
442607
443032
444487
445023
446086
447380
448430
448648
449671
449975
450838
450869
451254
451443
451987
452938
453430
453854
454398
455158
455583
455606
455957
456833
457400
457572
457793
457968
457993
459053
459062
459083
459563
459814
460190
460559
460894
461113
461210
462006
462347
462892
463013
464533
464604
465464
466145
466298
466784
467030
467990
468362
468722
468727
470168
470325
470558
470917
470987
471805
472621
472895
472958
474204
474346
475622
477009
477947
478170
478271
479352
479785
480903
481828
482368
482754
483036
483748
484648
484715
484739
484914
485574
485972
487611
489223
489584
489869
490064
491408
491740
492252
492256
492614
492879
494646
494947
496077
496259
497692
497771
498130
498411
498540
499020
499235
499422
499468
499496
499673
499684
499999