488
1530
1541
1697
3550
4697
4745
5523
6570
7269
7861
8640
9270
9755
10017
10198
10984
11578
11712
11740
11852
12964
13250
13542
13883
14284
14858
15266
15475
16954
17495
17830
19394
19498
19685
19762
19950
20217
20630
20646
21313
21581
22286
22341
22636
22848
22987
23341
23863
24256
24787
25149
25931
26283
26351
26816
27109
27543
28211
28214
29150
29452
30098
30531
31186
31506
32473
33613
34935
34952
35055
35191
35313
36107
36543
37763
38346
38719
39248
42179
42924
43439
43961
45120
45263
45365
46049
48251
48331
49300
50042
51114
51227
51554
52699
53229
53410
53893
55249
55503
55772
56002
56329
56339
56396
56748
57042
57151
59182
59261
59831
59930
60182
60446
60521
60599
61725
61872
62130
62181
63345
63418
64341
65835
65954
67056
67483
67872
68104
68365
68512
69151
70363
70729
71156
71310
71653
71854
74559
74679
75190
75550
75694
76689
76934
76940
76970
77188
77673
78040
78389
78561
79091
79249
79854
81549
81826
82232
82614
82641
82815
82949
83147
83164
83559
83607
84348
84425
84872
85198
85783
85783
85851
86301
86526
86613
86833
87307
88317
88332
88821
89253
89555
90537
90579
92117
92789
94028
94960
95294
95636
95850
95887
99214
99263
99276
99461
99770
100272
100516
101317
101646
102014
103160
104930
105202
106142
106230
106395
107615
109274
109494
109809
109866
110038
110789
111243
111425
111848
113543
113748
114035
114354
114418
115548
115554
117658
117770
117934
118491
119040
119091
119431
119712
119814
120084
120109
120117
120384
121352
122470
122946
123325
126274
126460
126477
126776
127277
127811
128565
129988
130099
130676
131278
131889
133242
133455
134555
134704
135109
135343
135516
135626
135760
136014
136090
137230
137280
137372
137801
138260
138266
138850
139331
139647
139811
140064
140409
140622
140842
140884
141231
141868
142670
143506
143874
144063
144554
144705
145283
145753
145932
146041
147317
148434
149262
149416
150127
150566
151247
152860
153243
154401
154436
156365
156992
157313
157361
157635
158669
158772
159071
159248
160416
160469
161399
161767
162399
162688
162718
163380
163394
166147
166159
166640
166761
166903
167513
168092
170088
170182
170539
170721
171429
173392
174083
174651
174763
175275
175473
176133
176323
176838
177059
177401
177976
178788
178941
179637
179929
181135
184354
184805
184996
185223
185550
185743
187822
188195
188371
188879
188988
189540
190068
190178
190882
191043
191406
192330
192549
193236
194416
194724
194914
196379
196392
196769
197494
197578
197780
197805
198313
198772
198915
199585
200100
200697
200844
201063
201323
202723
202743
202807
203708
203987
205464
206133
206891
207241
208017
208528
208929
209609
211259
211697
211920
212046
212497
212954
213283
213338
214448
214881
214924
215012
215139
215157
215305
218042
219148
220859
221502
221676
221799
223604
224508
224651
225020
225034
226712
227068
227144
227499
227695
227878
228520
229057
229174
229484
229734
230703
232240
232484
232797
234392
234523
234974
235069
235096
236321
238355
238635
238726
239417
240094
240229
240617
240773
240894
241515
242285
242498
242979
243023
243087
243397
243813
243815
243840
244192
244788
245100
246401
246835
247213
247452
247956
248564
248931
248973
249076
249457
250049
251386
251735
251999
252344
252917
253119
253259
254901
254992
256220
256407
256930
257026
257883
257915
259141
259318
259393
259538
259697
260340
260350
261284
261739
262059
263376
263396
263695
263920
264062
264332
265103
265728
265788
265795
266187
266579
267039
267473
268076
268990
269497
269533
269926
270084
270371
270525
270630
270914
271885
273188
273445
274025
274095
274639
275064
275084
275209
275761
276007
276097
277066
277722
277974
278576
278867
279822
282459
282914
283287
283451
283883
284925
285443
287010
287029
287060
288010
288027
290262
290382
291111
291262
292327
293334
293386
294453
295918
296418
296683
296968
297827
298003
298170
298214
298841
298862
299073
300161
301874
301966
302601
303697
305848
306541
306761
307478
307639
307754
307791
307918
308016
308057
308198
308288
309272
309399
309675
309700
309759
311419
311869
312441
312457
312548
313200
313534
313556
314564
315241
315460
315658
315844
315991
316494
316671
318266
318634
318999
319111
319401
319580
320352
322016
322766
322777
323454
323708
327339
327700
327828
328140
328504
329598
329610
329793
329979
330121
330153
330213
332921
332994
333074
333261
334002
335019
335500
335950
336380
336953
337301
337887
338343
338445
339285
339745
340352
340526
341472
342320
342537
343108
343629
343740
344284
344963
345502
346222
346567
346576
347454
347475
347724
347757
347914
348023
348119
348397
349171
349486
349636
349641
349751
350442
350635
350965
351024
351279
352095
352254
352349
353867
354010
354132
354188
355570
355804
356067
356248
356258
357011
357028
357719
357927
358028
358621
359296
360312
360342
360351
360437
360446
360700
360955
361391
361512
361582
362009
362870
365065
365066
365192
365795
365854
365860
366408
366719
367256
368252
368905
369055
369473
369506
371175
371290
372161
372242
372249
372535
372638
373420
374087
374156
374191
374411
374778
375434
375609
376015
376181
376321
377241
378502
378713
380199
380808
381120
382251
382354
382420
382460
383038
383316
383363
383439
383810
384228
384306
385358
385372
385383
385618
386308
386925
387809
388086
388887
388910
389227
389554
389684
390256
390436
390502
390673
390918
391837
392136
392416
392491
393082
393132
393656
393666
393864
393892
394667
394703
395766
396217
396585
397057
397352
397445
397971
398536
400035
401060
401134
401825
402058
402088
402731
402900
402982
403484
403862
404102
404412
405187
407025
408466
408539
408647
408665
408731
408850
410214
411623
412183
412565
415034
415186
415228
415289
416072
416223
417273
417305
417789
419310
419764
420188
420260
420652
422367
422678
422782
422910
422955
423163
423397
423743
423781
424584
424682
425035
425392
425582
425924
426050
426306
426534
426565
427447
427841
428302
428534
429410
429530
430552
430675
430776
431452
431476
431987
432272
433463
434485
434523
435553
435611
435732
437141
437252
437518
438109
438147
438570
439248
439626
441530
442148
442299
442928
443189
443532
444084
444566
446058
446984
447183
447889
448808
448809
449777
450601
450859
451079
451383
452881
454168
455410
455491
455549
455952
456315
456551
456813
460310
460409
460883
461502
463440
465107
465598
466630
466939
468644
468785
470254
470403
471359
472100
472342
472953
473976
473979
475336
475991
476364
476819
477251
477768
478125
478582
478924
479827
480012
480047
481559
482148
482210
483269
483624
484120
484246
484957
485225
485364
485609
485869
486108
486309
486313
486581
487460
487510
487766
487837
487875
487899
489836
491059
492515
492574
492654
493006
493103
493170
493308
493426
493609
493938
494049
494065
495461
495942
496234
496503
496511
496818
497736
497914
498758
498900
499532