672
791
798
1604
5688
5930
6266
7265
7487
7500
7787
8124
9413
9537
11059
11477
11664
11690
13264
13997
15027
15046
15150
15499
15990
16231
17280
17809
19141
20239
21563
22831
23882
23893
24215
25245
25445
27181
27268
27808
27863
28144
28424
28641
29945
30160
31106
31625
32306
32768
33001
33377
34204
34410
35357
35983
36395
36521
36643
37061
37226
38127
38469
38753
39081
39348
39685
41068
41433
41699
41884
42103
42353
42927
43924
44001
44268
44828
44952
46145
46166
46186
46551
46646
48658
48853
48904
49433
50238
50701
50767
50887
51379
51600
52974
53137
53196
53275
53361
53579
54078
55838
56030
56572
58560
58580
58593
58669
58820
61117
61301
62335
62842
63432
63453
63634
63792
63904
63935
63994
64060
64221
64542
64936
64974
65013
65274
66529
66970
67263
67791
68353
68553
68977
70030
70346
70522
70614
71655
71843
73279
74724
76410
77152
77351
77702
77889
78114
78118
78277
78479
79387
80066
80117
81046
81295
82545
84064
86062
86094
86296
87713
87898
89546
91052
91415
91890
92178
92458
92737
93465
93713
94117
94629
94650
95198
95695
96143
96277
96859
97099
97122
97472
98419
98698
99618
99842
100421
100450
101214
104576
105993
106001
106244
106268
106439
106838
107695
107808
108160
108769
109986
110045
110098
110268
110632
112698
113138
113530
114358
114673
115032
115077
115223
115238
116342
116797
117464
117732
117843
118080
118188
118610
118933
119554
119974
120264
120265
120381
120623
121262
121582
121638
122776
123070
123634
124101
124203
124951
125215
125419
126648
127550
127988
128977
129736
129969
130061
130865
131493
131815
132655
133024
133590
134337
134419
134560
134821
135318
135981
136043
137210
137319
137498
138765
138807
138849
139797
140119
140287
140549
140639
140840
141221
141963
142091
142481
142598
142822
142834
142934
143282
143813
144086
144185
145309
145519
145963
146357
146570
147338
147957
148322
148806
149950
150924
151177
151780
152102
152566
152654
152810
152878
153108
153172
153749
153871
154629
154680
155600
156723
156863
156875
157484
158100
158498
158727
159130
159372
160685
160724
161643
162365
162509
162747
163382
163513
163733
163749
164632
165156
165220
165302
165655
165859
166129
166157
166474
167223
167783
168574
168651
168902
169207
169578
169646
169648
169923
170032
172623
173967
174069
174086
174706
174803
174913
175506
176421
177488
179970
180462
180486
180615
181197
183396
183484
183861
184210
184227
184637
185232
185262
185268
185854
186007
186063
186644
187456
188398
189498
189611
189855
190899
191143
191410
191886
191979
193182
193809
194173
194277
194803
194804
195263
195367
195427
195540
195831
195886
195920
196079
196948
197029
197381
197760
198096
198166
198734
198909
199607
200650
201341
201382
202362
202788
203312
203500
203557
203720
203726
204510
204918
205285
205713
206088
206558
206575
206964
207273
207983
209104
210048
210236
210594
210683
210698
211509
211749
213322
213377
213417
214378
216847
217665
217746
217811
218003
218213
218608
219515
219517
220319
221353
221567
222029
223574
223641
224175
225298
226012
226024
226224
226754
226958
227365
227580
227692
228246
230203
230228
231463
231939
232128
232423
232689
233199
234120
235575
235668
236246
236971
237521
237540
237706
238264
238676
239150
239172
239178
239869
239970
240172
240183
240199
240222
241491
242548
243555
243846
244350
244579
244622
245624
246068
246204
246377
247890
248376
249353
250638
250796
250825
252097
253071
253272
254016
254943
256010
257219
257280
257517
257544
257741
257897
257997
258007
258786
258804
259463
260632
261715
262094
263065
263134
263155
263637
263691
265579
266320
266732
266812
266989
267741
268283
268991
269305
270680
271218
271642
271671
272242
273690
274232
274537
275511
275645
275646
275736
276181
276659
276931
277232
277485
279062
279074
279195
279313
280963
281127
281465
282415
283370
283949
284275
284310
285341
285867
286328
286959
288292
288812
288906
288979
289455
290571
290889
290901
290920
291090
291412
291825
292017
292040
292305
292581
293194
293269
293593
293865
294060
295021
295671
296332
297215
298051
298069
298104
298163
299158
299904
299953
300680
300758
301455
303242
303368
303574
304324
304777
306310
306587
306639
306961
306976
308141
308350
308577
308632
308660
308746
309115
309233
309503
309625
310054
310350
310955
311093
311169
312073
312229
312692
312946
313308
313337
313417
314861
314999
315373
316019
316279
316498
316832
317353
317384
317441
317489
318838
319347
319487
319714
319725
319829
320838
321180
321358
321412
321434
321858
321878
322470
322723
322757
323160
325150
325305
325349
325726
326079
326907
326934
328020
328023
328183
329101
329285
329293
329569
330094
330339
330392
330519
330634
331203
331626
332556
332796
333035
333108
334420
334628
334703
334976
336393
336467
336543
338257
338289
339808
340074
340482
341014
341287
341717
342322
343034
343112
343286
343437
344576
344939
345575
346012
346184
346835
347201
347944
348036
349044
349078
349126
349660
349841
350772
350839
351563
351913
352927
353223
353599
354446
354649
355221
356166
356389
356433
356568
357082
357378
357967
358096
358254
358301
358306
358514
358710
358743
358755
359136
359218
359293
359371
359401
360359
360371
361533
361838
361924
362667
364709
365654
365856
367061
367079
368146
368732
368886
368936
369054
369151
369770
369864
369878
371895
372545
374030
374576
375271
375310
375670
376164
376679
377388
377728
378780
378855
378881
379474
379560
379859
380361
380647
380809
380965
381029
381736
382207
382314
383825
385560
385929
386082
386084
386737
387297
387362
388245
390032
391364
391972
392184
392845
394292
394822
395338
395620
395683
395828
397859
398351
398463
398958
399477
399615
400338
400787
401269
401570
401619
401792
402996
404505
404771
404814
405841
407413
407895
408320
409039
409216
409393
410319
413514
415140
416111
416180
417462
417554
418727
419026
419954
419968
420831
421194
421704
422132
422890
423626
423806
424949
425378
425585
425764
426415
427141
428376
428497
430285
431251
431399
433918
434192
434342
434822
435136
435413
435435
436876
437026
437488
437699
437884
438772
440189
440699
441017
441265
441605
441863
441888
442073
443053
443460
443672
443781
444426
444603
444732
445055
445584
445792
446838
447431
448079
449414
449693
449951
450268
450467
450931
451116
452314
452360
454460
454748
454816
455254
455527
455716
456595
456727
457132
457325
457904
457996
459030
459930
460102
460915
461015
461343
461841
462106
462126
462698
462931
463205
463614
463714
464228
464484
465512
467224
467714
468043
469104
469847
469884
470166
470216
470257
472970
473000
473695
473846
473916
474702
475004
475892
476772
477891
478164
478898
479036
479637
479710
480144
480670
481180
481330
483659
483908
484482
484630
486293
486844
488322
489622
490057
490233
490428
491912
493570
493760
494804
494956
495338
495440
498012
498249