977
1282
4653
5059
5189
7405
7604
8318
8480
8732
9523
9797
9846
9846
9890
10217
10277
10783
11757
12288
12765
12824
12934
13015
14058
14161
14283
14429
15327
15546
15833
16197
16471
17129
17514
17827
18267
18311
18479
18629
18775
18977
19266
19791
19930
20267
20288
20870
20895
21132
21510
21779
22224
22601
23008
23800
23828
23878
24494
25081
25281
25644
26013
26671
26959
27080
27984
28454
29666
29737
29978
30703
31093
31477
31628
31787
32742
32796
32887
33204
33879
34403
35701
36217
36270
37268
37464
37553
38200
38315
39055
39830
41467
41701
41892
42055
42274
42491
42966
44374
44396
45012
45156
45435
46045
46349
47230
47326
47525
47588
47700
47887
47893
48159
48346
48650
48761
48802
49116
49718
49986
49991
50136
50717
51703
53231
53479
54000
54003
54533
55322
56543
57858
58396
58534
58754
58788
58790
59584
59979
60222
60705
61081
61284
61987
62549
63670
65186
65293
65508
65564
66083
66611
66656
66958
67677
68007
68733
68980
69171
69469
71595
76723
77922
78026
78280
78796
78849
79759
79897
80295
80330
80424
81216
81291
81394
81405
81439
82198
82426
82517
83801
84802
84890
84943
85351
86435
86447
86498
86599
88059
88515
88524
88827
89183
89986
90107
90629
90968
91202
91275
91718
91900
91912
93083
93680
94728
95108
97041
97802
97906
99497
100118
100234
100973
101028
101036
102157
102762
103035
104391
104671
104685
104769
104792
105161
105495
105892
106831
107271
107570
107591
107760
108327
108428
108772
108847
108987
110220
111139
111663
112270
112543
112598
112864
113627
113767
114824
115174
115185
115230
115488
116044
116049
116088
116495
116824
116953
118688
120761
120979
122417
122864
122912
124705
125608
126019
126020
126047
126115
126164
127488
128108
128649
129252
129396
129685
131432
131728
132207
132632
133681
133696
133724
134242
135242
135371
135578
136378
136918
137228
137273
138128
138461
138957
138980
139133
139499
139674
139888
140219
140373
140968
141054
142965
143080
145205
145249
145429
146288
146525
146586
146632
148076
148634
148652
148817
148830
148867
149701
149786
150162
150880
150946
151521
152738
154829
155085
155351
155743
156048
156580
156703
157962
159314
160281
160590
160795
160902
160909
162154
163134
163487
163664
163679
164096
164225
164790
165148
165959
166098
166155
167604
167941
168161
169017
169167
169558
169601
169925
170527
171252
172437
172716
173896
174201
174954
174969
174995
176493
176641
176850
177224
177921
178513
178681
178784
178957
179709
179915
180174
180257
180819
181003
181075
181235
181512
181906
182950
183352
184777
184883
185243
185595
186589
186859
186861
187162
187405
188112
189047
189353
189406
190013
190523
190962
190979
191351
192271
192453
193290
194117
194338
196331
196730
196856
197372
198277
198386
198856
199062
200769
200816
200999
201386
201602
201809
202151
202891
203436
204022
204801
204952
205453
205558
206718
207292
209114
209163
209266
209400
210003
210022
210374
211528
211742
212240
212540
213083
213261
213299
213302
213315
213948
214461
214486
214633
214827
215585
216083
216250
216547
216878
216889
217880
219727
219806
220202
220330
220867
222229
223578
224414
224518
225242
226262
227441
227686
227841
229042
229064
229096
231761
231785
232021
232568
232660
233770
234122
234302
235420
235548
235829
235961
236016
236461
236907
236915
237766
237800
237955
238324
238377
238529
238617
238866
239183
239718
239746
241479
242421
242461
242725
242921
243126
243533
244687
245120
245425
245432
245858
247778
248701
249314
249877
250643
250906
251147
251161
251761
252128
252365
252522
252808
252962
253274
253313
253802
253906
254126
254150
254493
254641
254924
255767
256493
256526
256537
256557
257591
259192
260024
260255
260450
261362
262481
262510
262524
262644
262979
263169
263363
263811
264029
264100
264114
264628
264754
265533
265836
265967
266332
268504
268613
269122
269251
269628
269757
269934
270567
270604
270954
272229
272355
273339
274591
275340
276923
277130
277852
278126
278218
278375
280346
280573
280609
281043
281394
281791
281868
282128
282402
282704
282970
283817
284100
284823
285198
286030
286946
287048
287862
287874
287979
289845
289976
293008
293396
293919
294884
296914
298180
298805
299091
299965
300363
301309
301328
301549
301887
303504
303539
304620
304675
306030
306555
306592
306882
308337
309045
309315
309817
310034
310048
310148
311003
311071
311639
312738
312978
313306
313976
313979
314589
314677
314889
314961
315337
315400
315659
316344
316355
317160
318249
318823
321068
321352
322108
323981
324814
325411
325845
326895
327081
327103
327238
328173
329082
329874
330697
332152
332212
332623
333049
333878
335858
335975
337851
338307
338954
339849
339908
340286
340394
340439
341532
342455
342601
343160
344497
344639
345221
347139
347178
347254
348039
349433
350607
350891
351994
352654
353476
353775
354077
354134
354501
355248
355253
355832
356001
356580
356742
357164
358309
358514
358591
360243
360541
360708
361061
361285
361320
361537
361785
362388
362740
362975
365540
366269
366810
367080
368295
368356
369603
370328
370412
370454
371186
371476
371605
372084
372863
373121
373981
375446
375589
375912
375992
376137
376969
377573
378462
379144
380213
380868
381202
381565
383073
383191
384016
384067
384455
384912
386240
387179
388130
389144
389449
389528
389749
390588
390663
392436
395906
396456
396738
396780
396984
397509
398272
398742
400167
400568
401181
401801
401839
403039
403062
403069
403439
404364
405959
406097
407106
408633
408801
409458
409955
410532
412305
412569
412777
413285
413604
413932
414416
414453
415417
415504
415641
415787
416029
416900
417292
417963
417990
418044
418078
418096
418409
421480
421886
422800
423350
423654
423796
424736
425724
425999
426077
426429
426751
426830
427552
427596
427822
427968
428629
428917
429132
429204
429457
430046
431536
431772
432203
432220
432406
432519
433298
433844
434207
436292
436366
436668
437459
437643
438433
438451
438518
438756
438768
439357
440392
440456
441252
442320
444005
444441
444822
446409
447837
447924
448027
448141
448295
448881
449138
449370
449424
449507
450504
451002
451941
451965
452449
453065
453249
453463
454241
454301
455178
455205
455424
455750
456280
456983
457714
457821
459002
459087
460191
460349
461355
462256
462773
462811
462816
463282
463908
464725
464738
464844
465716
465976
466037
466480
467920
468423
469327
469884
470080
470305
470668
470760
471340
471627
472384
472532
472842
473142
473264
474197
474258
474280
474641
474726
475190
475223
476394
476407
476498
477015
477760
478175
478230
478918
478969
479932
480180
481170
482191
482780
483616
483716
484250
484285
485451
486324
486332
486672
486926
488242
488562
488709
489360
489456
490226
490376
491196
491408
491519
492026
492716
493490
493555
493921
494813
495108
495410
495707
496215
496632
497623
497653
497818
498235
498247
499332
499696