616
1207
1994
3363
4149
4554
4715
5061
5321
5591
5764
6051
6804
7066
7243
8002
8555
9151
9397
9734
10232
10682
10811
11610
11726
11927
12151
12234
12711
13182
13194
13214
13287
13811
13996
15304
15535
16080
17032
17085
17942
19670
20021
20435
20472
20613
20975
21589
21811
22288
22847
22981
23016
23723
24339
24688
25407
25836
25868
26064
26220
26235
27355
28467
29298
29827
29954
31031
31976
32404
33589
33690
35167
35377
35599
36547
37284
38492
38516
39234
39465
39686
40406
41907
41919
42110
43022
43122
43226
43635
43648
44286
44456
44730
45414
47584
48379
48805
48989
49620
49940
50757
51075
51648
51746
52490
53064
53919
54711
55253
55632
55738
55879
57072
57882
60014
61731
61958
62545
62637
63187
63356
63477
64102
64716
65455
66058
66186
67205
67304
67569
68335
68625
68954
68972
69393
69971
70046
70185
70223
70532
71912
71947
72271
72915
73785
74888
75178
75508
76332
76800
76915
77750
79290
79451
80225
80307
81321
81676
81809
82514
82730
82835
84446
85781
85851
86277
86367
87186
87327
88095
88377
88434
88459
89385
89537
89698
91549
92314
93019
93571
93804
94345
95056
96434
96498
97216
97276
98590
98791
99650
100262
100871
100947
101921
102324
103533
103598
103875
104145
104160
104357
105019
106441
106675
107284
107344
108776
109211
109315
109810
111010
111410
112886
113049
113070
113561
117160
117729
118725
119511
120091
120752
120870
122530
122769
122828
123210
123571
123627
123995
124110
124226
124475
125070
125089
125398
125497
125634
125766
127003
127067
127787
127816
127923
128256
128336
129410
129632
131208
131973
132196
134142
134184
134279
135141
135967
137369
137623
137713
137772
137817
138368
138409
138773
139164
139829
140108
141146
142099
142256
142567
142890
144213
144298
144564
145259
145911
146718
147310
147523
147863
148131
148145
148757
149171
149194
150921
152194
152307
152390
152782
153411
153913
154916
155085
155323
155729
156598
156688
157004
157434
157758
159083
159429
159643
159966
160084
160270
160367
160437
160465
160838
161340
161571
161780
162264
162786
164275
164521
164566
165070
165239
165463
166158
166169
166374
166444
167066
167404
167487
167762
168492
168671
170170
170423
170428
170734
170998
171188
171969
172140
172555
172841
172915
173307
173607
174318
175101
175691
175716
175755
176422
176467
176608
177558
178145
178213
179047
179226
180476
181251
181933
182151
182423
183211
183830
185447
186674
186679
186934
187144
187163
189560
189888
190321
190528
191779
192185
192447
192814
192993
193669
194400
194405
194420
195321
195674
196069
196418
197514
197868
197932
198054
198452
199101
200820
201569
202147
202752
204586
205886
206275
207601
207878
208457
208697
208699
209549
209654
209886
210345
211011
211243
211389
211833
212207
212437
212939
213391
213664
217319
217476
218176
218571
218600
218840
219009
219130
219371
219450
219453
219712
223579
223991
225459
225561
226000
226141
226176
226215
226516
226792
227472
227820
228585
229779
229788
229796
230390
231033
232345
232382
233474
233646
233740
234335
234630
235010
235138
235342
236137
236346
236426
237688
237849
238889
239217
239283
239416
239920
240710
241236
241274
241296
242144
242497
243246
244741
244997
245575
246052
246471
246761
247109
247986
248400
248431
249431
249653
249674
250427
250644
251317
252396
253069
253133
253387
253435
253721
254227
255602
256096
256642
256787
256825
257229
257919
258525
258813
259582
259748
261339
261958
263400
263468
264596
264854
265076
265138
265470
265887
267153
267656
268449
269494
270461
270716
271032
272141
272275
273378
273907
274442
274900
276728
276969
277035
277074
277173
277523
278211
278533
278591
278925
278991
279812
280741
283429
284420
284709
284908
285103
285170
285725
286182
286783
287081
288651
289051
289574
291179
291930
291966
292064
292394
293593
293758
294540
294797
294990
295035
295215
295266
295496
296657
296703
296935
298071
298432
298471
298667
299119
299608
299792
301285
301300
301330
302348
302375
304231
304281
304355
304470
305099
305883
305942
306014
306093
306513
307010
307161
307624
308373
308555
308611
309699
311750
311756
313043
313568
313618
314974
315385
315441
315573
316321
316515
316770
316836
317194
317430
319546
321010
322449
322702
323016
323222
323949
325277
325527
325864
326183
326958
327352
327525
328016
328864
329370
329471
330473
331160
331479
332002
332737
333405
333689
334153
334726
335008
335167
335174
336151
336320
336786
337293
337325
338669
338673
338793
339017
339164
339224
339909
340169
340588
340718
340861
341361
341546
342255
343793
343883
345367
345820
346502
346659
346680
346930
347034
347066
347081
347123
347161
347201
347774
348448
348743
349169
349823
350288
350722
350790
351938
352550
352697
353017
353107
353259
353715
353847
354235
354403
354584
354933
354994
356382
356856
356948
357249
358121
359199
359440
360471
360524
360627
361165
363420
363846
364393
365633
365825
366478
367718
367819
368418
369530
369625
370444
370721
371429
371572
371665
371676
371721
372041
372082
372151
372809
373043
373967
374029
375024
376756
377847
379053
379537
379960
380604
381530
381666
381851
382192
385473
385525
385985
386189
386447
387441
387490
389008
389194
389294
390083
390091
391183
391421
391975
392317
392362
392418
393024
393299
393325
393971
393984
393985
394275
394688
395104
395755
395765
395806
395876
396411
396515
396763
398772
399075
399316
400318
400382
400561
400635
400955
401102
401183
401651
402748
403352
403848
404930
405017
405103
406590
407146
407477
407924
408547
409663
410151
412829
413148
413598
413693
414157
414374
414413
414718
414897
415089
415128
415244
415398
416115
416512
416729
417100
418136
418378
418927
418965
419618
420096
420287
421256
421547
421717
422611
422735
424344
424494
424514
425556
426678
426734
426803
427287
427761
428001
428025
428229
428505
428546
428816
429468
429768
429972
430311
431921
432203
432572
433544
433668
433814
433896
433926
434544
435975
436162
436563
436706
437306
437654
437760
438085
438344
438545
439396
441061
441827
442104
443102
443351
444973
445352
445387
446204
446402
447899
448825
449536
449709
450015
450667
451197
453689
454552
454674
456090
456605
457373
457695
458724
459317
459535
460654
461256
461386
461668
461794
462323
462412
462804
463170
463244
464178
464481
464537
464592
465018
465117
465138
465741
466070
466604
466720
467532
467578
468913
469232
469259
469373
469799
470030
470383
470789
471712
471896
471978
472680
472710
472954
472963
473409
473929
474009
474305
474794
475080
475515
476217
476981
477778
477931
478015
478127
478426
478489
478748
479821
481448
482098
482858
483826
483980
484135
484219
485920
486200
486217
487382
487931
488059
488198
488322
488428
489808
490980
491007
491274
491377
491441
491485
492003
492944
493123
493418
493733
493745
494306
494444
494468
494565
495852
496156
496365
496670
498009
499921