427
685
760
1176
1297
1507
1640
1827
2086
2281
2714
3430
3562
3996
4238
4309
4413
4890
4951
6174
7470
7517
7894
8368
8594
8753
8965
9086
9164
10284
10392
11419
12572
13160
13431
13529
13998
14898
15091
15807
16252
16816
16930
17121
17214
17631
17843
18355
18504
18588
18708
19120
19453
19773
19839
20735
20898
22134
22385
22750
23000
23115
23360
23370
23384
23533
23970
24245
24270
24423
26486
26578
26669
26921
27279
28644
29418
29556
30171
30204
30474
31431
31928
33580
33890
34165
34478
35300
35978
36427
36585
37036
37174
37231
37916
38093
38297
38740
39604
39654
40522
40739
41736
41966
42235
42374
43111
43462
44081
44698
44730
45015
46049
46269
46277
46820
47066
47351
48120
48529
48843
48984
50683
50827
51090
51527
52109
52303
53365
53506
55034
55978
56038
57634
58563
59186
59357
60891
61118
62096
62784
63249
63439
63643
63825
64218
65235
66098
66546
66630
67303
67379
67806
68822
69199
69438
69808
71212
71692
71964
72199
72472
73337
73484
73524
73615
73812
74678
74882
76127
77113
78011
78031
78481
78931
79921
81666
82088
82371
83004
84120
84697
84930
84950
86494
86872
87242
87389
87841
88042
88136
88289
88372
88954
89365
89475
89634
90156
90533
92702
93710
93806
93837
94022
94146
94439
94787
96101
97518
98370
98746
99139
99465
100094
100994
102706
103561
103884
104691
105739
105757
105810
106215
106486
106651
106675
109037
109432
109517
110556
111073
111143
111350
111810
112592
112650
112762
112987
113514
114068
114271
114604
116273
117227
118089
118541
118605
120579
121316
121427
121733
122081
122107
122658
122747
123579
123636
125117
125789
127256
127718
128043
128258
128285
129077
129629
129898
129925
130324
130627
130810
130849
131793
131883
132182
132356
132473
132687
133104
133851
134625
134972
136159
136949
137055
137159
137303
137642
138537
138931
139025
140150
140201
140332
140867
141478
141612
141833
141971
142351
142505
142587
143031
143033
143303
143468
144275
144891
145107
145905
146351
146525
147103
147262
147274
148471
148731
148828
149289
149705
150502
150526
150968
151071
151378
152347
152569
154554
155592
155598
155713
155765
155855
156049
156239
156653
156866
156895
157010
157538
157856
158113
158943
159376
160188
160402
160658
160674
161003
161358
161507
161566
162160
162534
163142
164381
165660
165738
166122
167400
167604
168119
168658
169714
169888
169913
170638
172291
172603
173298
173405
173540
173650
174149
175161
177052
178458
179235
179352
179624
179998
180070
181228
182743
183082
183278
183595
186320
186507
186554
186784
186854
187501
187639
187905
188276
188278
188945
189155
191027
191232
191847
191894
192603
193212
193711
195437
197245
197434
198213
198263
199062
199321
199629
199640
200541
200655
200947
201039
203834
204295
205820
205938
206799
206992
207690
208405
208570
208732
208822
208822
210137
210316
210823
211169
211733
212109
212780
213436
213714
214395
214463
214903
215479
215797
216813
218181
218415
218676
219046
219246
220008
220057
220224
222243
222516
222665
223923
224043
224458
224870
225861
226103
227014
227183
228533
228801
229864
229967
230624
231138
231189
231983
233464
234036
234161
234393
234519
234557
235136
235398
235910
235948
237457
237945
238387
238388
238600
239589
239795
240461
241269
241420
241974
242333
244961
245770
246257
247204
247478
247669
248356
248805
249765
250638
250741
251630
251869
252130
252220
252980
253539
253623
253760
253936
254125
254251
254277
254332
254589
254719
254777
254872
255517
256719
256916
257202
257659
257815
258272
259229
260172
260417
262242
262484
262892
264076
264203
264320
264418
265221
265581
266689
267308
268363
268542
268631
268685
268699
269022
269460
270259
270568
270971
271532
271572
272881
273015
273485
273607
274169
274583
275656
275953
276266
276641
276964
277321
277421
277466
277711
278023
278033
278295
278906
278922
279471
280333
280858
281344
282225
282602
282821
284011
284416
284805
284859
285418
285576
286213
286310
287123
287284
287476
288121
288995
289237
289822
290245
290746
291245
291706
292013
292196
294471
294488
295205
295570
295679
295693
296009
297474
297563
297916
298095
299077
299082
299555
299846
300226
301347
301554
302258
303314
303906
304756
304974
305242
305889
306059
306326
306825
307032
307148
307996
308128
308222
308435
308636
308731
308858
309059
309418
311401
311888
312530
312668
312853
313174
313237
313400
313910
314236
314315
314560
314785
315294
315521
315883
315977
316559
316665
318146
318435
318479
318898
318992
319610
319823
320295
320460
322315
322369
323467
323877
324262
324771
326714
326912
328468
328783
328892
328904
329476
330027
330166
330235
330894
331062
331854
332183
332248
332470
332991
333922
334526
334992
335050
335959
336164
336334
336927
337137
337378
338287
338331
340773
340938
340973
341099
342673
342847
343432
344195
344246
344342
345602
345835
346465
347010
347102
347314
348680
349020
350011
350369
351474
351920
353327
353776
353789
355268
355896
355952
356405
356735
357100
357613
358067
358318
358574
358857
359227
360528
361018
361545
361691
361792
362007
362263
363328
363589
363754
364909
365322
367115
367798
368082
368559
369603
369659
369875
370120
370710
370732
371217
371733
372177
372835
373372
373424
373734
373783
374218
374954
375168
377237
377349
378006
378808
378973
379398
379421
382003
382192
383136
383359
384021
384682
385359
385569
385879
386653
387355
387423
387456
387920
388410
388749
389204
389328
389378
390341
390709
390862
391225
391499
391539
391945
391962
391966
392269
392796
393478
396219
396756
397566
397865
397889
397923
398019
398114
398207
398396
398644
399963
400120
400489
400771
401120
402342
402423
402629
403053
404102
404452
404613
406323
406433
407174
408263
408470
409017
409643
409769
409927
411226
411729
414344
414953
415233
415509
418003
418495
418819
418900
419042
419267
419357
421351
422509
423041
423201
423268
423405
424273
424657
424705
425940
426447
426952
427045
427223
427674
428159
429755
429805
431250
432577
432998
433024
433027
433571
433849
434320
434496
435053
436170
437358
438161
438192
438447
440079
440809
441135
441657
441701
442182
442810
443715
444448
445331
445543
445872
445915
447179
447227
447671
448511
448971
449650
449884
450456
452018
452998
453503
453822
454028
454191
454250
454650
454718
455034
455035
457217
457911
458052
458259
458393
458444
458568
459540
459690
460039
460562
460767
461369
461457
461720
462176
462346
464380
466126
466995
467196
468773
469402
469676
472420
473575
473778
475054
475328
475366
475794
476099
476191
477086
477858
479304
481054
481570
481633
481719
481780
481971
482362
482406
483478
483676
483971
485409
485420
486439
486805
488012
488527
488907
488929
488951
489669
490160
490269
491161
491895
492008
492786
493019
493158
493475
495154
495631
496324
496438
497130
497157
497959
498263
498582
499227