389
1348
3087
3213
3437
3656
3891
4297
5002
5677
5843
5963
7135
7973
8033
9169
9513
10770
10795
11737
14216
14236
14360
15163
15378
15443
16221
16744
17773
17831
18164
18179
18792
19075
19265
21703
22592
24122
24272
25418
25806
26132
27358
28502
28643
29027
29609
29636
29757
30123
30785
31419
32615
32662
32965
33151
33566
33877
34114
36691
36749
37490
37626
37793
37820
38476
39034
39143
39623
40840
41252
41411
42715
43301
43437
43781
44577
44718
44902
45191
45376
46039
46373
47252
47376
47569
47629
47976
49473
49650
50158
50290
50616
51051
51063
51381
51724
51838
52551
52928
53342
53359
54180
55287
55353
55638
56454
56905
57375
57400
57805
58110
58617
61091
62024
63399
64312
64583
64650
65002
65512
65554
65924
66300
67574
67899
68659
68872
69286
70956
70957
71291
71898
71916
71982
72296
72350
72374
72934
73080
74182
74438
74636
74748
75108
75355
76138
76212
76744
76747
76906
77445
77501
78217
79617
80110
80339
80842
80885
83197
83316
83583
83930
85180
85338
85818
86136
86260
86741
88010
88548
89356
89717
90096
90715
91862
92189
92623
92739
93141
93224
93471
94049
94229
94356
95804
95822
96069
96699
97245
98042
98827
100723
100738
101257
101293
101702
101828
103544
103654
103865
106244
106771
108460
108895
110487
110998
111356
113806
113840
113887
114429
115105
115176
115546
115929
115933
116453
116604
116810
118863
119279
119370
119566
119946
119978
120023
120075
120801
121032
121074
122109
122336
122668
123736
123755
123826
124224
124344
124806
124887
125491
125565
125789
125939
126853
128008
130137
131508
131603
131616
131951
132679
132757
133133
133235
133655
135472
135579
136129
136138
136692
136784
137396
137659
138301
139106
139218
139613
139740
139804
139971
141291
141387
141859
142283
143691
144700
145290
145623
145944
146005
146060
146101
146214
146367
147032
149177
150322
150370
150968
151275
151692
151815
151834
151997
152315
152719
153834
154355
155653
155744
156277
156715
157143
157504
158194
158869
159131
159954
160631
160647
160922
161371
161538
161970
162787
163082
163469
165000
165356
165561
166764
167588
167649
168424
168448
168676
170327
170707
171290
171503
172347
172411
172616
173583
173796
173848
174096
176121
176446
176664
176953
177871
178244
179094
179822
180425
180517
180700
180880
181148
181151
181257
181667
181887
182045
183005
183193
183740
183854
183866
186009
187967
188243
188596
188750
190035
190711
191319
191787
191814
191959
193001
193098
193698
193970
195864
198522
199608
199966
200399
200598
201094
201478
202561
203279
204814
204949
205085
205634
207510
208435
208566
208622
208840
210205
210940
210989
211400
212414
212580
212895
214672
215593
215616
215817
215831
217118
217553
218259
218693
219178
219720
219838
219850
220372
220918
221856
222095
222386
223214
223226
225066
225936
226310
228223
228425
229359
229565
229895
229907
230111
230282
230971
231045
231104
231402
231711
232092
232343
232561
232988
233122
233690
233903
234081
234816
235067
235546
236901
237285
238275
238312
238926
238969
239011
239568
239593
240098
240473
241792
242125
243180
243488
244000
245224
245724
246065
246766
247436
247724
248043
248205
248234
248538
248654
249414
249538
250188
250220
250597
251341
252295
252395
254058
254633
254736
255779
256006
256677
257199
257462
258973
259002
259371
260994
261867
261921
261947
262186
262775
263461
263619
264621
265390
265795
265974
266255
266292
266696
267044
267803
268365
268373
268625
269312
269687
269899
269904
269999
270485
270964
271030
271687
272587
273179
273243
274606
274662
276797
276900
277814
277836
278460
278762
279238
280345
280860
281625
281726
282653
282962
283072
283753
283873
284175
286134
287014
288300
288301
288582
289378
290266
290403
290463
291937
292224
292374
293059
293631
293785
294471
294534
294858
294914
295550
295617
295726
296412
296753
296906
297735
297738
298152
298270
298389
298414
298706
299368
300780
301342
303486
304756
305080
305207
305425
306239
306265
306528
306639
306775
306997
307173
307642
308048
308748
309153
309445
309582
309658
309888
309908
310522
310917
311976
312034
312371
313110
313562
316496
316563
316615
317048
317562
318506
318961
319534
319667
319936
319973
320354
321512
321535
322033
322956
323024
323277
324322
324461
324808
324838
325658
325899
325922
327274
327408
328150
328641
329528
329821
330076
330177
330294
330324
330331
330974
331232
331463
331784
332443
333835
334072
334364
337423
337725
337893
338499
339497
339590
340104
340409
340916
341071
341281
341502
341843
342586
342869
343394
343680
343800
343834
344263
344708
344937
344990
345050
345633
345735
345876
346375
347541
347739
348097
348312
349013
349092
349381
349948
349980
350904
350947
351027
351839
353399
353678
355839
356409
356512
356578
356843
356873
357003
357194
357219
357861
358399
358420
358491
361297
361666
362113
362304
362489
363167
363616
363620
364228
364282
364379
364430
364654
366473
366898
367183
367241
367302
367359
367742
368036
369200
369272
369565
370374
370513
371563
372375
372440
372657
372746
373651
374799
375225
375634
375796
376545
377627
378493
379196
379662
379738
379842
380018
380391
380405
380776
381950
383054
383360
384558
385066
385299
385375
385922
386103
387397
387464
387873
389196
390204
390470
391034
391143
391433
391990
392053
393456
393537
393645
393661
393708
394312
394396
394586
394971
394974
395359
395452
396717
397551
398713
398734
398788
399070
399174
399506
399582
399902
400940
400959
402904
403121
403911
404042
404716
404965
405965
407644
408466
410385
410431
410719
410813
411146
411198
412362
412747
412792
413484
413598
413669
414140
414285
415322
415968
416106
416156
416921
417145
417493
417522
417523
417630
418566
418871
418946
419031
419257
419278
419709
419971
420028
420230
420857
420918
421544
423593
423735
423747
423796
423994
424882
424944
425059
425653
425769
425882
426453
426524
427319
428496
429159
429586
430110
430555
430598
431031
431277
431309
431658
431899
432176
432884
433430
433660
434610
435894
435925
436586
437157
437551
438031
438272
439036
439556
441500
441697
442229
442413
442525
443402
443571
443894
444085
444913
445603
445662
445895
446213
446285
446402
446840
446931
447442
448251
448443
448751
448817
449417
450435
450766
451286
451333
452347
453611
454258
454987
456163
456393
456472
456841
456981
457685
458439
458508
458675
459386
460153
460670
464420
464604
464808
464884
465004
465465
466241
466847
466861
466969
467152
468313
468436
470200
470531
470838
471376
471458
471462
471794
472590
472718
474813
474919
475874
476121
477424
479072
479257
479685
480138
480260
480588
480612
480726
481450
481762
481818
482018
482066
482237
482701
482720
482738
483503
484459
484925
485525
485528
485623
485749
485991
486555
488339
489580
490535
490960
491884
492981
493415
493423
494331
494988
496728
496881
498397
499268
499498
499602
499972