201
336
1307
1388
1679
2037
2278
2448
2959
3728
4128
4128
6054
6765
8048
8378
8431
8604
8756
9013
9062
9507
10079
10152
10332
10917
11435
11541
11563
11694
12085
12417
13155
13214
14009
16228
16403
16749
17307
17604
17907
18128
19316
19360
19599
19768
19980
20512
20634
20653
20946
21773
21805
21845
22229
22374
22478
23631
24207
25432
26659
27735
28681
29180
29203
30584
31089
31489
31969
32135
32403
33532
33621
33779
34173
35264
35316
36047
36328
36424
36547
36572
36608
36770
37198
38856
39521
41058
42028
42744
43286
43333
44093
44924
45152
45353
45746
46273
46399
46486
46561
46933
47704
48297
49293
50080
50814
50876
51000
51425
52135
52363
52379
52767
53878
54237
56226
56787
57016
57940
59244
59251
59681
59885
59958
60111
60593
60977
61456
62581
62723
62876
63911
65257
67013
67366
67677
67762
67958
68637
69806
69989
70481
70715
71475
71712
71829
72425
73108
73391
74248
74744
75113
75340
76409
76688
77252
77325
77353
79332
79582
79652
79987
81807
82309
82831
83973
84117
84437
84609
84622
86295
87148
88027
89670
90622
91389
91464
91517
93024
93288
93769
93973
94657
95315
95503
95952
96033
96121
96249
96731
96839
97385
97804
98804
99437
99742
100246
100287
100360
101758
102161
104544
105387
105666
106959
107240
108195
109461
109611
109983
110602
111012
111064
111319
112662
112743
112848
113302
113780
113961
114971
115186
115524
116510
116542
117089
117139
117283
117616
117921
118856
118955
119392
120256
120447
120484
121905
121929
122012
122383
122879
123514
123628
124264
124485
124925
125558
126541
127148
127223
127862
128326
128524
129070
130022
130077
130180
130465
130726
131161
132733
133061
133153
133702
135411
135424
136073
136618
136887
136946
138074
138119
139053
139189
139547
140285
140300
140462
140501
141413
141819
142151
142181
142817
142845
142923
145276
146949
147045
147167
148367
148498
149075
149800
150586
151074
151602
151728
152327
152912
154168
155716
156369
156540
156583
156906
158018
159043
159990
160037
160376
160442
160702
160872
161326
162093
162197
162300
163308
163391
163643
163662
164062
164306
165241
165437
165451
166852
166986
167118
168799
169031
169870
170159
170210
170297
171183
171595
171688
172025
172673
172869
173533
174359
174373
174737
175317
175570
176891
177108
177145
177466
177526
177576
179276
179301
180355
180762
181029
181639
182496
183587
184495
184529
185257
186227
187317
188046
188073
188279
188767
188832
189361
189415
189535
189838
190225
191046
191271
191910
192045
192928
193230
194946
195695
195898
196858
197676
197846
198248
198447
199043
199485
199607
200638
201686
201718
202263
202481
204411
204512
205413
206934
207818
208210
208770
210714
210834
211390
211835
212027
212423
212886
212953
213775
214753
216095
218255
218294
218653
220577
220881
221554
221955
221985
222014
222130
222423
222494
222566
223284
224897
226531
226810
226828
226932
226941
227001
228887
229776
229952
230184
230229
230681
231583
231780
232320
232387
232423
233085
233087
233176
233195
233688
234638
234671
235075
235250
235482
236558
236890
237316
238559
238663
238741
238792
238938
239341
239839
239940
241724
242521
243864
243904
244610
244977
245582
245793
246336
247008
248243
248403
248433
248783
249207
249631
249669
250442
251182
251671
251685
252226
253480
254938
255380
255789
255924
256283
256397
256583
256666
256884
257044
257396
258977
259826
260348
260475
261303
261335
261684
262153
262330
262330
262513
263057
263090
263251
263916
264718
264977
265894
266485
266776
266837
267084
267408
267470
268481
268882
268948
269182
269330
269379
270696
271015
271742
272236
272253
272579
273197
273215
274074
274945
275864
275935
276113
276151
276328
276753
278090
278492
278551
279688
279866
280067
280970
281456
282108
282308
284171
284720
285073
285528
285760
285781
286253
287185
288382
288472
288934
289016
289050
289200
290104
290474
290900
291323
291669
291751
291783
293307
293893
294320
294446
294562
294752
294918
295056
295076
295191
295632
296218
296323
296520
297035
299101
299193
300203
300555
301162
303371
303588
303770
303937
304192
305427
305590
306438
306905
307155
308149
308349
310909
311323
311382
313199
313270
314481
315049
316412
316455
317144
318416
318444
318607
318805
319215
319794
320120
320503
320671
321370
321734
322253
322255
322868
323100
323247
323965
324674
325196
325205
325900
326407
326984
327033
328592
328874
329146
329287
329346
330584
330898
331890
332054
332496
334241
334745
335339
335603
335859
335929
337278
337683
338192
338249
338477
339653
340169
341376
343055
343527
344318
344487
344546
344861
346176
346368
347123
348392
348530
348970
349739
350062
350278
350711
350922
351122
352319
352396
352601
352839
353290
353770
353804
354567
354571
355169
355229
355697
355866
356302
356487
356733
357247
357500
357687
358238
359545
360415
361363
361501
362628
362717
362990
363194
363328
363741
363989
364247
364338
365078
365089
365712
366215
367371
367737
368840
370782
371208
372366
373319
373434
373662
374508
376068
376933
377278
378094
378790
379483
379617
380004
380021
380430
380550
380776
380945
381485
382705
382882
382890
383368
383725
383928
384625
384990
385099
385239
385275
385336
385537
385760
386611
386747
387959
388035
388059
388094
388636
389101
389493
389665
389666
390552
391087
391108
391704
391866
391991
392692
392757
395304
396387
396746
396874
396918
397001
397607
398820
399331
399494
399661
399717
400214
400305
401210
401356
401657
402221
402336
403085
403550
403819
404701
405686
405913
406651
406699
407802
408241
408869
409167
409524
409782
409820
409866
411635
412082
412104
412493
412960
413073
413738
414198
414367
415810
416284
416333
418027
418200
418410
418973
419070
419198
420953
422027
422423
422481
423187
423494
423566
423943
424405
425252
425485
425657
427615
428029
428470
429229
429583
429755
429814
430011
430462
430782
431775
432251
432992
433075
433739
434639
434782
434967
435559
435956
438051
438364
438466
438468
438774
438952
439471
440258
441421
442833
443136
443698
443911
444146
444267
444664
445396
445477
445559
446678
446936
447232
448012
448198
448215
448379
448665
448718
449646
449686
449842
450231
450311
450532
450569
450653
450660
450672
451958
451984
452842
453040
453048
453059
453456
453713
454411
454576
454993
455972
455997
456761
456952
457025
457226
458405
458524
459019
459867
460917
461486
461900
462175
462197
462483
462583
463146
464263
464372
465340
466102
466650
466793
466853
467086
468596
469176
469366
469739
469760
470030
470036
470811
471712
472261
472459
473726
473970
474121
474479
475030
475181
476043
476322
476938
478464
478813
479242
480585
481430
482176
482301
482606
483793
484102
484725
485387
485484
487785
487802
487925
488229
488719
490336
490419
491662
491782
492062
492088
492787
492796
493684
494827
495166
495196
495202
495607
497051
498682
499073
499162