320
419
1828
2083
2207
2825
3341
3937
3964
4037
4085
4519
5325
5431
6443
7422
7581
8360
8791
9254
9346
9562
9903
10338
10621
10838
11107
11657
11685
11988
12218
13031
13967
14249
14928
15033
15757
16684
17407
17500
17609
17872
18241
18270
18333
20675
20774
20839
20854
21306
21640
21998
22334
22444
22919
23266
23424
23671
23885
23955
24300
24352
25037
26188
26278
26296
26603
26933
27044
27292
27669
28075
28482
28968
29098
29365
29381
29615
30523
30741
30831
31075
31369
31592
31679
32649
33530
33602
34479
34857
35115
36132
36663
36777
36908
37179
37214
39265
39967
40063
40434
40670
40729
41016
41958
42028
42513
42888
43233
44271
44316
45504
45915
46491
47551
49104
49882
51604
52095
52526
52877
54144
54419
54856
55280
55387
55390
55653
55695
59322
59379
59593
60669
61506
61592
61615
61725
62541
62835
63181
63770
63978
63980
64113
64614
65168
66338
66821
66881
66952
67095
67106
68184
69259
70688
71470
72325
73033
73231
73250
74589
74814
75030
75288
75542
76616
76938
77044
77393
77675
78426
79361
80348
80598
80818
81024
81429
82131
82625
82773
83016
83862
84221
84409
84466
84549
84668
84784
85006
85535
86140
87284
87762
88049
88470
89480
89487
89597
89699
89879
90562
90660
91386
91688
91716
91815
92699
92722
92725
93985
94583
95609
96057
96530
96579
96950
97028
97610
98031
98360
100148
100177
100360
101265
101678
101758
102405
102635
102699
102931
104555
104821
106517
107632
108214
108239
108303
108352
108630
108903
108940
109110
109515
109923
110610
110893
110951
112352
114173
115255
115641
116018
116448
117389
117952
117963
118501
118686
119669
119698
120150
120435
120555
120903
120999
121342
121661
122800
123405
124452
124904
126013
126844
127539
127684
128030
129391
129621
130769
130891
130895
132082
132266
133559
133587
134436
135457
135742
135862
136002
136647
136655
137125
137142
137463
138745
139123
139482
139988
141618
141697
142425
144435
144688
145240
145707
145780
145856
146447
146474
148172
148836
149421
149915
150062
150133
150282
150373
150572
150720
150949
151751
151932
152145
152910
153002
153730
153825
154260
154922
155672
155921
155955
156042
156579
156817
156930
157462
157668
158659
158730
159849
159939
160572
160713
160781
162068
162354
164037
164295
164297
165703
165772
167095
167914
168746
169655
169691
170570
171090
171376
171671
171953
172625
173083
173387
174519
174712
175376
175470
175772
175781
176654
176874
177519
177837
178259
178526
178694
178824
179035
179052
179129
179188
179932
180332
181075
181119
182118
182246
182629
183127
183127
183359
183959
184286
185510
185829
185919
186016
189266
189474
189945
190260
190272
190831
190880
190884
191017
191828
192315
192640
193033
193165
193868
193914
194225
195252
195347
195451
195579
195614
197326
197721
198736
199225
199666
200692
202008
202248
202618
203096
203136
203184
203756
203849
204356
204745
205058
205073
209050
209291
209566
209985
210595
210697
210757
211146
211444
211554
211740
211744
211833
212689
216120
216458
216566
217940
218549
219410
220643
221098
221416
222694
223012
224435
225450
225946
226002
226255
226543
226934
226946
227631
228963
229383
229889
230065
230151
230659
231551
232019
232299
232358
232427
232760
232767
234168
234249
234374
234521
234754
235144
235517
236636
237140
237680
238304
239322
239631
239705
240609
240707
242254
242524
242787
243111
243596
244998
245066
245595
245878
246678
246821
246944
247383
247650
247808
248118
248667
248729
250334
251422
252080
253185
253939
254515
255082
255118
256019
256124
256133
256169
256222
257135
257175
258708
258991
259992
260135
260953
261022
261212
261361
261989
262078
262820
264457
264955
265216
265696
266104
267166
268273
269790
269901
271291
271528
271573
272070
272755
272941
274399
274799
274854
277135
277349
278409
279082
279978
281432
283080
283356
283581
283689
284318
285267
285586
286174
286473
286925
287323
287897
288323
288905
288909
289387
291237
291372
291918
292201
292522
292689
292703
292925
293500
294490
294590
294763
294994
295115
295153
295573
295874
296432
296834
297385
297412
297770
298526
300093
300371
300626
301547
301626
301943
301955
302229
302443
302805
303354
303365
304184
304503
305135
305147
305283
306588
306606
306638
306869
307149
307327
307668
307931
308103
309390
309873
309911
310731
311141
312804
312863
313142
313494
313704
316519
316647
316703
317747
318013
319231
319374
319443
319637
319832
320109
320941
321146
321765
323162
323441
323672
325186
325920
325944
326742
328024
329626
330184
330283
331286
331555
334447
335097
335465
335905
336509
337324
337400
337773
337846
338095
338297
338956
339702
340127
340171
340460
343046
343082
343396
343591
343909
344834
345272
345781
345826
345982
346380
348047
348561
348784
348956
349716
350193
350328
351094
351649
353314
353429
353794
353867
354008
355247
355339
356137
357147
357492
358142
358591
358768
358995
359781
360027
360285
360339
360495
360683
360899
361205
361240
361240
361439
362375
363635
363820
364238
364610
364833
365036
365781
365797
366270
366848
367191
367442
368100
368103
368870
369737
370252
371096
371196
371320
371761
372491
373086
373132
373186
373385
373654
374660
375697
375848
375891
376060
376467
377694
378607
379006
379159
379937
380610
381566
381971
382425
382797
383355
384058
384206
384329
384632
385269
385683
386527
387661
387818
387908
388190
388573
389027
389604
389777
390217
391687
392449
394108
394147
394332
394687
394741
395670
396173
396931
397177
397543
398694
398836
399651
399684
401326
401485
402964
403249
404377
404379
404384
405160
405300
406744
406877
407075
407334
407471
408749
409651
409952
410638
411306
411385
411953
412172
413340
413710
414173
414758
415115
415217
415465
416650
417372
417615
417759
418774
419060
419103
419578
420078
420483
420591
420703
421346
422113
424319
424480
425292
425725
426128
426602
427301
427984
428511
428799
429563
429901
430262
431514
432561
433053
433900
435284
435705
436031
436546
436569
437200
437453
438229
438589
439183
439364
439811
440061
440710
441733
442960
443478
443546
444917
444941
446668
446812
447133
448768
451429
451499
451629
452134
452482
452833
454188
454231
454378
454492
455313
456141
456372
456577
456816
456870
456991
457013
457128
457684
457810
458454
458819
458965
459138
460379
461258
461730
462336
464724
465115
466233
467566
467647
467700
468590
468926
468965
469185
469919
470080
470412
470627
470642
470739
472263
473225
473421
473530
473905
474356
474458
474703
475036
475300
475913
476179
477487
478271
478285
478287
478862
479929
480565
480666
481388
481511
483082
483188
483464
484709
485733
486020
486300
486577
486763
488235
489042
490098
490190
490647
490699
490847
491185
491296
491679
492381
492383
492787
492949
493090
493409
494162
494379
494650
494669
495620
496861
496910
497463
498174
498265
498741
499001
499911