365
580
605
1034
1035
1410
2669
2689
5048
5865
5906
6615
7321
7803
7843
8023
10355
10854
10940
12338
12929
13027
13454
13631
13937
14288
14347
15003
15057
15353
15447
16339
17401
17438
18598
19311
19723
19987
20071
20498
21181
21748
22792
23267
23403
24257
24658
24897
25273
25874
26052
26067
26436
26519
26653
26805
27350
27487
29042
29050
29059
29885
30251
30354
31203
31385
31726
32024
32033
32377
32462
32785
32937
33263
33713
34453
34601
35560
36253
36494
36920
37101
37560
37735
38232
38390
39103
39217
39328
39424
40534
40938
40958
40971
41427
41651
41922
42062
43106
43622
44123
44226
44323
44393
44759
45244
45360
45780
47027
47184
47352
47625
48279
48764
48886
49150
50068
51170
51328
51696
51838
52063
52222
52883
53355
53833
54280
55755
55965
56541
56542
56755
56895
57458
58870
59094
59916
60042
60722
61377
61408
61419
62137
62465
62525
62750
63765
64220
64302
64840
65390
66585
66703
66704
68009
68706
69152
69469
70377
70575
70981
71319
71387
71608
72721
73069
73458
73854
74768
75040
75931
76249
77479
78230
78275
78457
78922
79932
80241
80314
81255
81334
81414
81448
81540
82142
82651
82752
83192
84035
84161
84305
84574
85046
85069
85726
86488
86642
87787
87827
88592
89774
90152
90311
90346
90366
91458
91930
92695
93231
93632
93658
94679
94869
95015
95518
96184
96466
97746
97799
97814
98148
99051
99190
99583
100322
101387
101599
102968
103190
103508
103772
103995
104566
106730
106970
107307
107713
108437
108675
109202
109344
110669
111887
111895
112059
112249
112561
113352
113777
115227
115292
115647
115813
116893
117363
117624
118842
119841
120341
121545
122199
122347
123225
123308
124334
125787
126780
127153
127196
128652
128930
129193
129296
129778
130226
130770
131264
131499
131535
133647
133912
134318
135577
137442
137661
137752
137977
138830
139217
139444
139561
140449
141461
142372
143335
143771
144175
144363
144557
145372
147260
148148
148378
148979
151628
152071
152682
152827
153817
154653
155306
155336
155355
156556
156789
157491
157690
158053
158123
159257
159520
159589
160008
160480
160857
162216
163125
163139
164463
165011
165308
166059
166323
166407
166608
167128
167393
167492
168095
169266
169851
170135
170590
170852
171538
171764
172185
172783
173601
173704
173838
173967
174285
174917
174998
175124
175171
175760
175786
177058
177905
177997
179241
180045
180418
180868
180913
181547
182337
183519
183627
183921
183958
184456
184465
184525
184613
184820
185060
185378
185563
186221
186547
186663
186740
187107
187991
188411
188911
189753
189818
191113
192243
192699
193290
194075
194135
195002
195281
195832
196786
197393
197666
197751
198413
198848
200476
200581
200701
201076
201507
201529
202544
203473
203672
204532
205458
207377
208672
208794
208838
209049
209569
210761
211700
211913
212772
213753
213777
214258
214291
214412
214539
214833
215366
215600
216081
216445
216889
217097
218001
219755
220968
222169
222352
222597
222955
223940
225205
226783
226960
227043
227837
227843
227994
228019
228063
228951
230385
230706
230742
231202
231588
231826
231850
231893
233739
233821
235393
235589
236472
236804
236855
237000
237404
238117
239156
239215
239227
239814
240031
240193
242168
242233
242255
243253
243501
243975
244706
245445
245728
246736
247313
247388
247487
247774
247875
248066
248943
250053
250303
250833
251023
251176
251179
251294
251789
252454
252694
252804
253236
253734
254582
254730
255186
255256
255445
255636
256874
257130
257562
258646
258696
260335
260696
260851
260863
261060
261389
261832
262195
262221
262739
263103
263524
263550
263916
264437
264479
265179
266336
267404
267421
268409
268843
269422
269502
269948
270775
272091
272133
272320
272701
273227
273756
275528
276163
276595
276598
276900
277132
277290
277875
278018
279251
279344
280473
280787
280836
280955
280976
281137
281203
281355
282335
283150
283318
283408
283960
285158
287134
287937
288105
288381
289080
289115
290531
291311
291321
292173
292707
292940
293028
293496
293709
294355
294687
295075
295110
295203
296062
296895
297121
297495
299192
299483
299876
300002
300057
300143
300242
300816
300834
301100
301345
301625
302172
302355
303041
303493
304151
305487
306529
306703
306868
308444
308455
308817
309255
309373
310204
311031
311245
311769
312526
314012
314695
315233
315763
316450
316573
316728
317403
317697
319095
320761
320868
320920
321032
321863
322464
322837
323354
323503
323505
323735
323781
324209
324561
324732
325180
325986
326061
326742
327175
327224
327391
328615
328856
329123
329259
329527
329529
329567
330345
330364
330881
331029
331246
331571
331653
331946
332040
332943
333000
333344
334006
334381
334904
335049
336024
337637
337976
338494
338517
338587
339005
339241
339254
339928
339974
340565
341859
343264
343282
343885
344585
344591
344946
345518
345594
345612
345895
345915
346469
347402
347544
347594
348299
349847
350350
351725
352283
352337
352832
353702
354211
355646
355917
356639
357377
357441
357882
358448
358944
359402
359468
359475
359799
359812
360303
360829
361366
361657
363955
364106
364709
365074
365749
366345
366499
367035
367747
367935
368597
368907
369725
370181
370654
371175
371198
371555
371574
372079
372265
372567
373752
374442
374643
377122
377321
377595
377596
378151
378603
379908
380684
381163
381270
381739
382047
382495
382661
382984
383244
383361
383509
384561
385619
387124
387278
387513
387535
389595
389659
390191
390220
390239
390449
390536
390975
391358
391445
391657
391681
391883
392095
392345
392481
393515
393882
394243
395032
396229
398579
399647
401110
401273
401712
401824
401842
402035
402343
402987
403671
403784
403970
404202
404446
404611
405171
405244
406013
406146
406186
407658
407764
408358
408919
409662
409826
410400
411500
412023
412400
413685
414483
416669
416994
417140
419589
419934
420728
421454
422708
424281
425428
425480
425551
426038
426309
426467
427773
427939
428448
428491
429050
429228
429423
429779
429784
429929
430691
430722
431429
432361
432535
432673
432708
434566
434926
435961
437178
437674
438203
438963
438977
439448
440544
441279
442610
444375
446149
446505
446650
446847
447173
447889
448767
449606
449644
449646
449717
451235
451550
452081
452211
452559
452838
453334
453502
453568
455096
456394
457121
458886
459325
459731
459996
462241
462840
463839
464055
464172
465224
465323
465729
467738
467891
468805
470101
470150
470155
470339
470763
470973
471035
471429
471611
471613
472805
472989
474903
475611
475830
475938
476241
476527
476742
477194
478658
478690
478970
478998
479016
479226
479776
479881
480180
480314
481110
482157
482293
482481
482931
483053
483842
484713
484923
485217
485494
485781
486068
486455
486546
487464
488324
488627
489546
489744
490498
490711
491043
491599
492200
492592
493087
493466
494029
494485
495174
495366
495426
496634
496672
496695
498860
499120
499466