835
1114
1433
1676
1777
2538
2786
2880
3667
3778
4641
5634
6594
6649
7212
7684
7699
8377
8752
9211
9548
9771
9970
10823
10826
10966
11504
12053
14163
14324
14361
14552
14755
15285
15480
15607
16111
17113
17393
17393
17542
17589
17755
18561
19250
19287
19330
19891
20271
20346
20906
21377
22316
22495
23171
24346
24382
24453
24636
26170
26555
27223
27633
27640
27873
27922
28222
28270
28344
29915
30296
30616
31426
31918
32677
32902
33018
33124
33657
34094
34237
35732
36115
36554
36577
36591
36796
36870
37289
39066
40160
41621
41642
41900
41942
42282
42294
42557
42760
42816
42894
44924
45198
46094
46536
46725
47179
47201
47929
48378
48384
50065
50777
51017
51457
51624
52006
52374
53085
54617
55660
55788
55794
57365
58327
58375
59172
59591
60111
60215
60995
61459
61978
62882
62893
63254
63465
64576
65851
66037
66554
68088
68340
68507
68696
69069
70228
71848
73240
74149
74457
75377
76408
77596
77622
77725
77973
78183
80183
80249
80264
80825
81171
81299
81758
82288
82423
82534
82634
83921
86456
88221
89076
90343
90453
91086
91639
91709
94558
94816
95486
95829
97051
97842
99857
101541
101644
102675
102908
104001
104256
105733
105863
105885
106118
106596
106929
107784
108368
108911
109635
109641
109718
109842
110220
110325
110451
110995
111511
112242
112949
113158
113826
113969
114032
114343
114745
115087
116614
116636
116839
117056
117254
118041
118742
118987
119317
119601
120881
121746
121893
122529
123351
123697
123785
124034
124627
124641
125494
125542
125800
126173
126685
126783
127107
127690
127848
128448
129368
129691
130022
130288
132145
132244
132436
132527
132574
132654
133684
133803
134318
134469
135321
135622
136500
137022
137982
139335
139936
140388
140408
141248
141966
142520
142679
143171
144712
144805
145228
145482
146027
146144
147033
147180
147363
147394
147590
147592
147717
148187
148512
149232
149406
149693
150010
150040
150264
151068
152032
152848
153083
153998
154121
157056
157214
157610
157828
157877
158007
158669
159056
159207
161011
161039
162616
162815
163517
164201
165469
166424
166670
166723
167529
167970
168015
168711
168762
168921
169494
169850
170461
171250
171797
172564
172831
173053
173611
173976
174802
174875
175827
176467
177042
177373
178191
178273
178577
178597
178799
178852
180024
180240
180616
180785
181196
181287
181387
181561
181748
182145
182568
182832
182980
183451
183573
184752
184980
185031
185424
185596
185726
186165
186450
186479
186594
187012
187378
187754
188623
188982
189393
189418
190371
190636
190820
193115
193659
193702
193994
194144
195092
195472
195945
196052
196313
197227
197429
198789
199548
200490
200652
200751
201042
201511
202213
202521
202573
202715
203734
203826
204780
204892
205612
206039
206112
206291
206625
209622
210152
210301
210561
211073
211229
212191
212346
213036
213047
213733
213885
213901
214856
214917
215862
216036
216551
217409
217418
217452
217545
217684
217834
217870
218292
219690
220317
220368
221030
221194
224802
224827
224862
225367
226189
226989
227292
228407
229220
229660
231014
231124
231168
231251
231436
231463
231764
232501
233579
233985
234329
234525
235045
235194
236733
236811
237097
237858
238148
239115
239868
240064
240107
240283
240657
241172
241684
242219
242373
242700
243613
246819
247163
247821
247831
248290
248490
248577
249593
249708
250543
251731
251937
252181
252682
253167
254069
254096
254101
254327
254779
255050
255796
256040
256053
257193
257512
258112
258535
258805
259887
259985
260417
260865
260865
261311
262020
262326
262434
262468
262764
262938
263385
263438
263871
265029
265330
265485
266296
266721
267112
267433
267650
267743
267943
269386
269938
269945
270645
270988
271767
272116
272131
272462
272465
272566
272738
272960
273058
274072
274437
275343
275362
275533
275934
276265
277655
278173
279064
279205
279605
280265
280333
280391
280892
281424
281809
282060
282322
282738
282765
283350
283511
283828
284084
284159
284522
284690
284731
285434
285542
285665
285902
286106
286246
286830
286870
287068
287236
287587
288474
288618
289075
289205
289235
290836
290928
292698
292802
292958
294101
294457
294498
294581
294651
294919
295110
295265
295295
295931
297008
297404
297665
299028
299292
299779
299933
300098
300572
301015
301347
301661
302485
302589
302818
302873
303282
303883
304212
304352
304941
306145
307745
307749
308157
308645
308715
309614
310136
310359
310912
311049
311736
312003
312167
312651
313367
313529
313594
314149
314947
315627
316109
316224
316791
317548
318341
318946
319166
319460
320192
320722
321133
322022
322675
322932
323515
323620
323688
326712
326946
327058
327220
327876
328130
329556
329572
329901
330422
330428
331423
331587
332174
333484
333935
335821
335893
335896
336127
336261
336330
336479
336670
337024
337256
339521
341440
341687
341727
341817
341936
343009
343894
344500
345107
345929
345930
346122
346191
347621
347745
349290
349702
350853
351124
351355
351569
351746
353835
354273
354802
355052
355105
356287
356521
356741
356804
357079
357255
358538
359971
360499
360747
361108
361793
362058
362217
362378
362548
362574
362718
363056
363351
365266
367805
367827
368576
368886
370371
370769
372056
372722
372861
373019
374279
374604
374712
374742
375064
375083
375128
375546
376708
377915
378545
378879
378906
378919
379348
380014
381009
381086
381347
382047
382742
384710
384849
386091
386749
386972
387566
388165
388349
389720
390333
391043
391286
391451
391543
392234
392718
392933
394392
394534
394922
394960
395119
395175
395279
396240
396809
397602
397733
398342
398551
398595
398813
398816
399722
400354
402848
403000
403373
403665
404010
404732
405103
405918
405924
406226
406662
408141
409735
411675
411850
413268
413313
413314
414180
414869
415094
415827
415874
415898
416166
416958
417178
417469
418439
418644
419224
419340
419862
419949
421585
421707
421711
421722
422027
422141
423108
423252
423675
424239
424590
424874
425535
425773
425827
426206
426323
426393
426890
428407
428553
428950
429130
429179
429840
429864
429962
430048
430267
430415
430687
430925
431014
431287
431356
431571
432062
432129
432585
432894
436009
436218
436254
437016
437512
437593
437887
437966
438437
438492
438846
439083
439188
440714
440943
441292
441660
443445
443661
444426
445106
446146
446640
446731
446804
447317
447484
447853
449084
449112
449553
450022
450262
450345
450460
450631
451729
452036
452150
452248
452960
453404
453646
454344
454676
454697
454797
455395
456676
457437
457593
458288
459131
460317
460888
461745
462077
462115
462508
463119
467080
468420
468493
469029
469296
469447
470499
470647
470703
471440
472254
473533
478493
479590
480176
480594
480915
482043
482066
482292
483712
483886
483922
485984
486921
488423
488590
489840
490008
490494
490937
491745
492181
493109
493313
494192
494414
494535
494768
496031
496815
497040
497640
498064
498064
498096
498648
499855