8
985
1202
1518
1753
1976
2319
3007
3409
3559
3988
4444
5545
5807
6711
7206
7773
7906
8293
8783
10328
10829
11792
12721
13636
13850
14336
14531
14632
15519
15557
15994
17461
18138
18401
18454
18465
19924
19993
20155
22223
22296
22475
23075
24609
25132
25436
25655
25700
26368
27086
27255
29280
29810
29952
30165
30315
31036
31473
31671
32684
34175
34314
34506
36081
36671
37064
37784
38229
39032
39722
40106
40407
41062
41608
41975
42020
42390
42481
45010
45616
45945
46456
47038
47597
47683
47697
49118
50075
51260
51913
52023
52079
53180
54093
54128
54597
54766
54833
57310
57807
57883
58042
59062
60351
61085
61109
61139
61157
61382
61481
61903
64583
66534
66995
67348
67883
69138
69215
69244
70104
70123
70712
71036
71663
71930
72719
72821
73620
73808
74969
75177
75299
75434
75516
76670
76913
77738
77769
78165
79290
79307
79535
79969
80038
80632
81278
82278
82505
82831
83079
84185
84922
85141
85757
85760
86174
86208
86813
87319
87954
88956
89108
91730
92734
92917
92943
93127
95173
95492
95639
95691
95816
97544
97950
98076
98426
98907
98914
99002
99024
99592
100396
101072
101218
101233
101468
101793
102158
103026
103091
103845
103977
104038
106348
106632
107127
107554
107571
107740
108516
109287
109447
109954
110271
110717
111429
111651
111925
112020
112956
114277
114346
114515
115107
115116
115245
115793
116184
116590
117451
117973
119017
119966
120245
120565
120801
121950
122683
123093
123593
124058
125548
125555
126279
126839
128233
128638
130384
132517
132799
132949
133201
133246
134062
134748
135555
136013
136136
136540
136809
138620
138702
138711
139757
139953
140673
141279
142238
142431
142441
142517
143896
143914
146350
146416
147166
147235
147557
148031
148585
148994
149003
149030
150251
150459
151961
152078
152782
153784
153997
154521
154618
154719
156031
156073
156096
156246
157249
158637
158901
159071
159995
160012
160090
160301
160641
160864
161117
161185
161316
161966
162482
162679
163381
163454
163609
164047
165737
166106
166275
166811
167840
168411
169099
169523
169739
170248
170504
170751
171403
171459
172775
173375
174295
174421
174713
175071
176010
177010
177459
177604
178083
178304
178523
179732
179805
179834
180163
181024
181291
181526
182165
182535
182928
183157
183166
183627
184147
184199
184728
184854
185429
185615
185766
185995
186023
186304
186684
186838
187237
187654
188938
189567
189811
189846
191218
191572
191691
191836
191941
192621
192972
194833
195022
195188
195723
195785
196634
197978
198685
198927
200661
200682
200745
202515
202643
204213
205599
205949
206450
206568
207375
209103
209688
210209
210659
211228
211282
212017
212797
212803
213600
213743
214465
215030
215565
215823
216955
217054
217612
218600
218646
218913
219023
219261
219479
219607
220402
220819
220836
220893
221080
221356
222501
222610
224500
224570
225385
225463
226192
226933
227121
228106
228392
228903
228992
229259
229580
229970
230124
230651
230960
231890
232113
232924
233092
234276
234849
236095
236461
237987
238112
238684
238689
239168
239204
239818
240326
240915
240950
241392
241781
241900
241941
242625
242814
242919
243167
243434
244136
244166
245057
245380
245671
245924
246351
246461
246613
246939
247315
248729
250539
250678
250723
251040
252692
253392
254238
256281
257334
257442
257672
257691
259090
260140
260514
260797
260902
260904
261199
261682
262054
262527
262683
263967
264881
265273
265884
266587
266617
267069
268844
269526
269890
270736
272100
272331
272842
272924
273471
273919
274021
275146
275720
276227
276422
276744
276792
277032
277328
277914
278002
278108
278632
278633
278753
279134
280055
280611
281932
282191
282290
282484
282577
283154
283400
283497
283966
284177
284426
284653
284836
285150
285529
286215
287056
288383
289945
290003
291064
291486
292011
292151
292299
292498
292721
293288
294029
295631
296669
296847
297142
297578
298057
298114
298145
298461
298777
299619
299743
300627
301172
301554
301595
301693
301902
302566
303596
304527
306152
306276
306503
308172
308176
309098
309196
309270
309450
309522
310527
310587
311006
312382
312651
312739
313205
313342
313439
313593
313655
314055
314381
314437
315204
315406
315721
316476
316885
317180
317202
317228
317525
317900
320079
320092
320383
321218
321240
321736
322032
322572
322683
323056
323476
324534
326413
326451
326513
326921
327107
327880
328398
328799
329035
329578
330123
330390
330480
331095
332020
332683
332807
332828
333093
333094
333277
333531
333758
334920
335102
338110
338595
338681
338896
339150
339197
339538
339691
339781
341007
342179
342879
342975
343131
343912
345134
345170
346066
346180
346313
346625
346935
347043
347375
347548
347726
348441
348709
349103
350585
351432
351875
353938
354583
357080
357457
357564
361478
361914
362390
363046
363151
363164
363907
364040
364122
364533
365344
366339
366507
366809
367305
367812
367884
368125
368255
368302
369324
369814
369832
369907
370253
370544
371023
371799
371856
373100
373394
373742
373945
374946
375639
375717
375732
375868
376483
376781
377003
377434
379435
379565
380216
381294
381887
381944
382109
382200
382451
383765
383813
384036
385624
386146
387565
388104
388343
388593
391849
391925
392295
393793
393993
395476
396117
396518
397264
399393
399937
400057
400127
400884
401053
401468
401737
401971
402758
403098
403737
403742
403801
404378
404772
405535
405802
406856
407119
407508
408797
409579
409707
410057
410378
411778
412089
412199
412216
413079
413729
414022
414731
414770
415603
415628
416015
416443
416839
417414
418059
418538
420188
420204
422792
422889
423679
423853
425536
427307
427424
427543
427763
427943
428574
428613
429026
429139
429147
429821
429882
430967
432138
432145
432568
433047
433194
433695
434732
435344
435927
435950
436090
436183
436268
436346
436521
436543
436545
437951
437953
438206
438222
438437
438545
438941
439456
439544
439601
439847
440147
441854
442254
442767
443125
443162
443262
443379
444468
444480
444657
444661
444978
445353
445528
445644
445752
445809
446841
447687
448657
448667
448897
449827
450077
450223
450861
450950
451279
451517
452098
452213
452266
452549
453238
453792
454006
454061
454219
454262
454336
454523
454731
454851
456095
456527
456714
457333
457600
457774
458042
459667
459823
460218
460453
460736
461142
461173
461327
461746
462336
462350
464563
464966
465780
466009
466128
466822
468141
468228
468454
468565
469598
469777
469849
470091
470109
470285
471783
471817
471870
471922
472023
472465
472637
473019
473037
473508
473855
475059
475531
475539
475732
476346
476347
476415
477251
478545
478601
481884
481975
482291
482739
484473
484575
485562
486029
486446
486971
487465
487602
488332
488386
489154
489886
489919
490680
491456
492011
492132
492820
493606
493608
493845
494046
494176
494596
495329
495511
495552
495918
495945
495955
496775
497372
497406
497614
497994
498156
498201
498506
498688