95
672
703
880
1288
1688
1901
2718
3299
3438
4754
4756
5031
5259
6150
6291
6381
6579
7618
8259
8675
8695
9829
11210
11531
12449
13050
13162
13461
14246
15350
15746
15753
16261
16449
16816
16907
17134
17528
17530
17857
18028
19067
19200
20962
21300
22665
22780
23926
24327
24691
25140
25153
25285
26715
27246
28799
28848
29539
29592
30357
30915
31054
31186
31357
31375
31535
32245
32834
32942
33130
33208
34123
34382
34470
34553
34631
34641
34714
34939
35702
36178
36239
36644
36735
37249
37439
37599
37617
39250
39628
39702
40154
42216
43098
43307
43581
43649
44085
44689
44827
45554
45783
46099
46933
47482
47534
48460
48748
50558
50937
52427
52638
53428
53687
53897
54033
54127
54252
54469
54642
54795
54805
55244
55473
56404
57135
57972
58123
58153
58169
59165
59232
59410
59596
61190
61858
62394
63090
65065
65216
65408
65631
66965
67227
68577
68708
69097
69401
69624
70230
70877
71042
71057
72321
73504
73545
73601
74656
75133
75149
75357
75359
77253
77542
78203
79472
80489
80565
80592
81422
81963
82847
82886
83007
83228
83729
85443
85772
87755
87940
88006
88775
89875
89981
90421
90475
90513
90549
90810
92451
93145
93446
93607
93720
94724
94817
94863
95951
96768
97704
98254
98849
99075
99612
99672
99916
100099
100237
101091
101258
101612
101984
102533
102982
103738
104413
105075
105525
107032
107510
107968
109853
109861
110041
110464
111106
111325
112607
113134
114049
115801
116063
116463
116965
117067
117185
117526
117868
118328
119327
119453
119527
119842
120790
121441
121463
121657
122943
124058
124283
124669
124837
125988
126075
126358
127071
129031
129318
129519
130238
130730
131343
132023
133324
133827
134524
134856
134894
135539
135597
136080
136272
136681
137295
137630
137927
138484
139071
139515
139886
140065
140522
140792
140842
141024
141216
141271
141865
142366
142414
142596
143062
143315
144251
144548
145153
145267
146744
146796
146979
147330
148147
148175
148203
148221
148701
148910
148984
149085
149927
150060
150997
151174
151850
152139
152320
152772
153109
153325
153860
155238
155910
155973
156134
156187
156225
156388
157425
157664
158205
158720
159255
159643
159998
160123
160367
160956
161868
162307
162340
162991
163251
163321
163425
163748
163775
164193
164431
165674
166043
166364
166424
168045
168132
169008
169278
170303
170486
170523
170715
170889
171542
171547
173108
173124
174612
175036
175993
176516
176678
176719
176756
177182
178155
181424
182205
182672
183100
183125
183446
183614
184989
185986
186073
186142
186410
186466
186633
188549
189116
189367
189641
190500
190540
191751
191856
192770
193525
194580
194792
195665
195686
195715
195897
195903
195914
196001
196426
196632
196636
198547
200119
200997
202695
202868
203136
204373
204608
205238
205238
205242
206166
206277
206795
207830
208279
208859
209695
209884
210146
210147
210529
211260
212413
212897
213462
215291
215544
215668
215674
215895
216336
217009
217641
217843
219216
219761
219984
220373
220584
221110
221248
221648
222309
225044
226148
226199
226573
226940
227641
227677
229578
229662
229796
230125
230706
231110
231210
231222
231319
232062
232432
233704
234548
234721
234789
234861
235604
236497
236515
236856
237323
237388
237621
237720
238243
238272
238550
238658
238931
239027
239071
239904
241996
243224
243789
244022
244151
244343
244371
245576
245625
245961
246793
246801
247907
248041
249737
249856
250417
250619
250921
250996
252697
252839
253450
253559
254869
254894
255010
257438
257789
257985
258376
258911
259061
259700
260307
261434
261749
262497
262659
263750
264375
264483
264530
265749
266137
266301
267890
268955
269007
269258
269601
269671
269681
271024
272193
272238
272977
273361
273750
274159
274226
274670
274932
275013
276135
277851
278546
279583
280261
280395
280546
280805
281401
281595
281957
282044
283052
283885
284740
285083
286805
288156
288904
289237
289786
290105
290120
290481
290726
291647
291797
292175
292285
293932
294158
294432
294893
295043
295112
295142
295408
295571
295855
296270
296457
297441
298516
298525
299477
300478
301405
301464
301589
301989
302746
303110
303315
303601
304335
304441
305126
305377
306613
307185
307557
308761
310445
311486
312104
312159
312428
312716
312954
313510
314010
314026
314125
314348
315145
315259
316369
317094
317500
317534
317713
317865
317994
318194
318349
318485
319354
319379
320043
320148
321142
322047
322197
322275
322497
322771
322889
324219
324298
325010
325703
326147
326678
326904
327875
328407
328920
329266
329449
329789
330352
331675
331732
332406
332700
333169
333343
333589
334217
335495
335916
336379
336754
336778
336948
337058
337435
338159
338535
340363
340710
341776
342411
343488
344600
344706
344830
345193
345283
345334
345971
346999
347396
347999
348287
350306
350386
350814
351700
351785
352384
352902
353656
354261
354280
354354
355870
356264
356794
356831
356894
356894
358802
358983
359984
360738
361643
362106
362153
362945
363623
363910
364280
365067
365166
365798
366529
366764
366771
366796
367945
368356
368920
370171
370330
370994
371350
371879
372102
372145
372173
373966
373974
374851
375866
376022
376393
377050
377057
377951
378540
379316
379913
379994
380106
380578
380595
380736
381956
381980
382073
383572
384209
386534
387210
389264
389744
390031
390229
391567
392094
392892
393230
393757
394301
394699
395022
395884
396598
396990
397080
397272
397565
399121
399926
399961
400589
401185
402758
402782
403047
404051
404443
404995
405302
405711
405904
405932
406712
406748
407667
410416
411161
411814
412122
412399
413032
413353
413892
414538
414601
415624
416170
416982
417106
418321
418677
418721
418897
419036
419884
420094
421210
421616
421693
421881
422366
422403
422925
423680
423708
424038
424729
424875
425104
425188
425418
425506
426360
426436
427228
427566
427596
427885
429081
429267
429567
429751
429956
430006
430019
430816
431255
431382
432130
432165
433259
434359
434970
434981
435358
436676
437449
438041
439416
439571
440628
440652
440893
441960
442344
442504
442934
443105
443170
443877
444737
444755
445281
446557
447876
447982
448164
448681
448901
449321
449639
449958
451380
451488
452826
454244
454398
454867
455526
456063
456151
456309
457084
457666
458005
458063
459378
459729
460003
460230
460662
460857
460884
460933
461720
462720
464233
465140
465315
466496
466527
466552
466554
466649
466833
468033
468182
468685
469601
469830
470117
470611
471168
471626
471942
472297
472589
472740
472774
473132
473190
473233
473777
474198
474582
474755
476253
477773
480286
480677
480803
481223
481422
481501
482562
483270
483446
483518
484346
485057
485131
485279
485295
485944
486142
486172
486797
487284
487527
488084
488178
488575
488614
489046
489050
489396
490112
490431
491433
491785
492031
492355
492472
492490
492627
493332
494316
494458
496237
497790
498028
498050
498199
498322
499225
499827