381
396
933
1295
1400
2050
2182
2477
2500
2833
3703
4561
5109
5364
5670
5720
5980
6133
6725
7022
8089
8453
9082
9181
9268
9299
9492
9681
10505
10808
10968
12957
12959
13424
13499
13949
14317
14699
15167
15959
16153
16590
16611
17897
18175
18607
20450
20614
21385
21426
22192
22289
24250
24395
24937
25226
25505
25960
26527
27297
28451
29319
29576
29975
31132
31488
31755
32076
32144
32686
32769
32804
32893
33543
34595
35270
36565
36920
37412
37453
38082
38700
38726
39991
40041
40791
40892
41015
42514
43900
44612
46069
46669
47996
48336
48404
48419
48676
48762
49017
49202
49817
50400
50700
52521
53184
53234
53858
54352
54376
54389
55095
55272
55798
55891
56338
56344
56398
56918
57397
57512
57592
57658
58002
58310
58764
58964
59445
59682
59815
59925
60074
60261
60353
61586
61953
62614
63770
64043
64089
64801
65300
65425
65821
66175
66881
67203
67654
67822
67962
69077
69143
69486
69858
70937
71826
73280
73389
74141
74754
74828
74843
75100
75417
75966
76586
76928
77336
77671
77719
78058
78352
78981
79065
79579
79797
80135
80279
80574
80687
80858
82327
82712
83059
83640
84438
84558
84665
84887
84902
85993
86056
86181
86280
87617
87777
88115
89339
89451
89772
90895
92086
92106
92114
92207
92247
92462
93051
93214
93235
93355
93381
93794
94095
94142
94493
94578
95762
96227
96691
96953
97171
97504
97973
98052
98145
98475
98685
98830
98918
99361
99596
99757
101064
101343
102145
103012
103749
104486
104880
105196
105495
105575
106074
106574
106766
109534
109568
109993
110028
110305
111112
112140
114423
115146
115233
115725
116973
117444
117651
117714
118287
118920
118928
119610
120055
120649
120707
122006
122050
122333
122506
122722
124310
124777
125056
125074
125237
125726
126100
126270
126453
126711
126890
127036
127346
127610
128239
129262
129637
130408
130577
131043
131850
132122
132175
132359
132421
132429
132597
132823
133309
134520
134722
135275
136474
137028
137287
137414
138637
139340
139550
140017
140974
141590
142051
142304
142540
143290
144345
146049
146361
147195
147612
147680
148338
148459
150140
150701
151261
151323
151330
152214
152322
152579
152911
153253
153543
153935
153996
154715
154855
156933
157656
157874
158245
158912
159684
160351
160534
161193
161666
162439
162886
163158
163175
163989
164159
164853
165083
165668
165934
166132
166955
167012
167552
167752
168237
168319
169234
170436
172829
173733
173840
174095
174104
174658
174923
176070
176799
176979
177455
178208
178222
178310
178648
178653
179191
180060
180460
180883
181065
182141
183083
183299
183433
184450
184821
184905
185486
186020
186328
186352
186391
187191
188407
188859
190078
190736
190755
191505
191659
192832
193359
195100
195397
196181
196345
197335
197603
198020
198038
198360
200280
200589
200883
201162
201786
203583
203811
203876
203905
204627
205058
205352
205485
205846
206942
207012
207492
207702
207939
208441
208593
208615
208921
209395
209762
210069
211480
211709
212035
212119
212379
213778
214831
216453
216782
217349
218822
219738
219929
220242
220940
221092
221615
221746
222591
223025
224277
224561
225113
225570
226322
226608
227221
227782
227965
228173
228576
228790
229943
230686
232002
232030
232702
233580
233966
234405
234908
235380
235899
237120
238479
238565
239393
240399
241779
243146
243745
243966
244109
244638
245262
245275
245830
246328
246801
246904
247015
247821
247882
247953
248335
248564
249960
250272
250602
250751
251043
251167
251424
252027
252375
253919
255176
255621
257280
257314
257508
258201
258749
258839
259671
259797
260378
261540
262165
262735
263302
263838
265114
265424
265645
266130
266422
266457
267090
268094
268239
268394
268452
268497
269662
269943
272304
273150
273878
274518
275213
275313
275738
277788
278011
278845
279926
280194
281965
282396
283044
283131
283619
284076
284944
285138
285346
285583
285810
286684
290022
290674
290992
293566
293971
294652
296125
296275
296595
296699
297969
298374
299900
301347
302334
302865
303900
304136
304662
305975
307088
307271
307307
307860
308877
309241
309487
309616
309759
309917
310148
311457
312798
312873
313914
314100
314308
314697
314700
314857
316302
316459
317774
318487
318653
318787
319131
319253
319995
320817
321275
322010
322266
322408
322808
323032
323580
323767
324064
324175
324463
324749
325010
325512
326417
326647
327612
328058
329073
329269
329432
330201
330452
330625
330656
331413
331637
331850
332297
334676
334880
335507
335898
336742
337005
337185
338058
338134
338427
339597
340493
341115
341144
341239
341568
341713
342379
342592
343414
344024
344917
345020
345147
345633
346370
346575
346709
347588
348729
349820
351231
351312
351478
351506
351924
351925
351947
352766
352903
352998
354329
354396
354572
355862
356027
356292
356354
356641
356939
358208
358319
358402
358430
358486
359653
360131
360361
361682
361809
363347
363519
363813
365094
365534
365574
366074
366393
366795
367275
368094
368846
370090
370513
371297
371300
371792
372802
372876
374493
376351
377874
378206
378792
378828
379101
379395
379607
379811
380086
380332
380704
381038
382322
382750
383223
383448
383651
384503
385276
385525
386699
387128
387243
388831
390085
390181
392022
392151
393116
393450
393541
394282
394443
394512
394805
394852
395052
395740
396085
396179
396472
396567
396569
396644
396689
398137
398528
399513
399632
399958
400146
400306
400431
400876
400959
401223
401638
401952
402436
403265
403314
404171
404750
405135
405356
406683
406838
406868
407092
409300
409941
410060
411059
411530
411906
412459
412729
413790
414579
415119
415184
415770
415984
417754
418727
419097
419142
420146
420546
420639
421060
421093
421945
422498
422976
423147
423742
424226
425684
425882
426687
426758
427254
427333
427686
427692
428158
428740
429215
429576
429935
430041
430068
430148
430166
430194
430678
430855
431105
431460
431523
431758
432024
432263
433242
433308
433556
433663
435344
437739
437899
438589
438757
438897
439177
440386
440412
441630
441794
442036
442786
443898
446078
446235
446392
446823
449053
449167
449180
449321
449948
450887
451107
451271
451750
451977
454455
454533
455029
455548
456024
456238
457190
457328
457842
458503
459196
459302
459769
459794
459800
460153
460900
461038
463590
463681
465086
465132
465347
465777
466194
466948
467327
468172
468247
468631
469763
469783
469858
470041
470232
470768
470949
471720
471770
471817
472023
472658
473175
473259
475141
475429
475669
475801
476133
476174
477255
477269
477465
477564
478274
479136
479355
479577
479788
479807
479925
480090
480560
481311
481959
482694
483972
484395
485580
485737
485739
485832
485863
485973
486191
486255
486544
486627
486672
488158
489950
489973
491010
491174
491894
492092
492394
492925
493184
493527
493779
493951
495013
495349
495501
496102
496154
496405
496530
496832
496976
497357
497727
498122
499440