292
800
1575
2118
2287
2771
2814
3307
3403
3682
4711
5020
5352
7072
7354
8011
8263
8289
8347
9304
10028
10519
12053
12122
12126
12376
12486
13370
13699
14048
14424
14470
14572
14606
14755
16901
17113
17207
17243
17706
18374
18393
18437
19026
19140
19526
19612
19730
20006
20095
20387
20422
20516
21207
22793
23378
23578
23590
24621
27051
28013
28497
28615
28833
29224
32054
32271
32701
32757
33103
33169
33232
33442
34788
35088
35279
35579
36405
37002
37083
37364
38112
39231
39497
41271
42020
42329
42462
42688
43118
43404
43984
44187
44693
45087
45237
47655
48432
50285
50380
50859
51200
51470
51915
52286
52511
52788
53527
53881
54117
54239
55426
57374
58275
58965
59040
59082
59126
59158
59319
59921
60168
60840
60912
61251
61604
61853
61877
61967
62602
62693
62898
63182
63226
63604
64215
64517
64536
64872
65151
65530
66622
66784
66914
67075
67888
67909
68807
69974
70620
70898
72213
72331
72661
72914
73938
74008
74381
75197
75544
76856
77202
77235
77277
77468
77730
78048
78141
78387
78824
78964
79006
79671
80332
80674
81192
82638
82952
82975
84369
84584
84775
85446
85795
87036
87063
87432
87789
87982
89144
89673
89905
90059
90451
90583
91083
91552
91671
92395
92761
92923
93654
93770
94138
94869
95054
95756
96518
96780
97462
99496
100363
100564
101281
101863
102052
102075
102124
102624
102795
103528
103574
104240
104777
105001
106145
106475
106495
106696
106915
107017
107111
107738
109866
110124
111018
111835
114042
115263
115297
116156
116172
116325
117306
117896
118063
119140
119204
121904
123211
123395
125791
125947
126129
126556
128254
128332
129629
130343
130435
131402
131869
132887
132984
133146
133747
133970
134089
134437
135257
135335
135921
136082
137449
137551
137878
137908
138311
138552
138686
138900
139145
139534
140253
141313
141342
141896
142091
142283
143868
144134
144141
144379
144517
145209
145851
146152
146260
146838
147349
147606
149316
149619
149950
150211
151910
151922
152179
152300
152323
152864
153961
154302
155156
155560
155636
157436
158068
158149
158594
158601
159294
159495
160162
161425
161743
162049
162539
162670
162787
163304
163753
164558
165679
166998
167188
167408
167997
168032
168311
168552
168758
169317
169948
170886
170906
170990
171151
171490
172133
172278
172459
172663
173433
173533
173622
174833
175635
176279
176974
177401
178142
178161
178690
178876
179108
179791
180057
180103
180306
180547
180960
180994
181019
181113
181121
181249
181280
182334
182656
182848
182851
182953
183651
183744
183770
186279
186523
187200
188838
189351
189604
189656
189850
190722
190805
190911
191672
191702
191848
191962
192820
193909
194169
194438
195758
196470
196768
196906
198222
198597
199304
199526
199613
200117
200280
200456
201332
201954
202453
202788
202816
203034
203593
203679
205453
205508
206602
206805
207091
207673
207682
208143
208364
208492
209388
210465
210678
211418
211464
213916
215078
215430
215660
217916
218748
218759
218925
218931
218944
219051
219167
219341
219505
219520
220541
220836
220853
221632
221785
222197
222217
222814
223691
225734
226079
226099
226320
228834
228840
229126
230713
231073
231642
231683
232077
232207
232513
232725
232968
233022
234106
235342
235560
236380
236642
237333
237703
238141
238216
238588
241147
242133
243282
243790
243996
244527
244718
246550
246849
247371
248030
248076
248255
248716
248879
249907
250654
251264
251423
251542
252073
253014
253142
253438
254389
254441
254803
255415
255741
256790
257440
257799
258841
259252
259297
260611
261460
261472
261983
262644
263024
263445
263825
263992
265062
265123
265694
266647
266677
267825
267982
268272
269963
270296
271028
272503
273469
273793
274455
275636
275650
275689
276488
277972
278046
278153
278394
279520
279521
280040
280363
280656
280997
281786
281967
282178
283468
283866
284974
285936
286104
286391
286829
286862
286980
287034
288146
288498
288865
289067
289272
289291
290205
292301
292406
292582
293270
294756
295357
295377
295449
297580
297613
297746
297858
299922
300180
300342
300422
301336
302355
302402
302417
302763
303627
304107
304188
304401
305173
306243
306452
306595
306718
306863
306949
307597
308601
309180
309703
310611
311344
311632
312276
312856
313952
314203
314483
315906
316194
317144
317870
319266
319479
319997
320156
320310
320725
321011
321972
322074
322440
322608
322620
323512
323952
324125
324962
324963
325331
325545
325545
325939
326709
326903
327855
328812
330652
331414
332022
332136
332394
332453
332514
332599
333037
333847
333921
334022
334258
335281
335540
336404
337155
337334
337424
337469
338103
339181
339472
339960
340833
340870
340919
341354
342635
342917
343426
344072
344412
345887
346144
346281
347038
347583
348598
348723
349641
349694
349874
350789
351402
352743
353197
353328
353748
354319
354543
354580
354878
355143
355386
356223
356581
357245
357332
357896
359746
360118
360610
361057
361105
362388
362685
362779
362905
363199
363911
364517
365582
366556
367268
368148
368378
369637
369673
369822
370067
370797
371095
371224
371791
372083
372152
373119
373865
374019
374601
374900
375075
375224
376530
376913
376981
378328
379892
380040
380758
381033
382763
384566
384830
385213
385217
385765
386000
386372
386992
387352
387671
388336
388591
388614
388750
389608
390682
391201
391205
392075
392244
392457
392792
393005
394610
395127
396122
397021
397839
398146
398278
399722
400089
400089
400154
400950
401066
402495
402567
402770
405615
406547
407359
408257
408943
409680
410314
410604
410633
412078
412217
414066
414098
414468
414601
414846
416460
416969
417057
417323
417326
417847
417989
418360
419283
419638
419753
420532
420874
420906
421024
421088
421416
422020
422179
423448
424000
424220
424278
424698
425653
425709
425928
426793
427474
427851
428360
428402
428490
429704
430204
430588
430822
431520
433444
433534
435279
435397
435514
435694
436712
436751
437451
438500
438550
438740
438747
439081
439220
439464
440020
440387
441034
441481
441563
441699
442180
443072
444519
444580
444653
444993
445760
446039
446167
446752
447509
449050
450626
450657
451047
451475
452221
452297
452949
453452
453688
453796
454769
454878
455465
456293
456444
456602
456612
456879
457039
457265
458298
458440
458683
459329
460305
460833
461154
461461
461861
462709
463066
465311
465656
467033
467208
467645
467903
468036
468069
468879
469049
471476
471765
471927
472181
472268
472486
472609
474025
476035
476423
476429
477165
477692
478112
478676
478797
479006
479203
479683
480137
480432
480698
481021
482135
482139
482422
482836
482888
483236
483658
484311
484974
485249
485697
485746
485927
486138
487146
487182
487302
487446
488713
488806
489263
489529
489574
489633
490045
490465
490546
490671
491030
491254
492137
492492
492761
493037
493107
494557
495361
495425
495689
496383
496746
497583
498208
498958
498972
499101
499577
499790
499824