99
397
1935
2679
3125
3223
3258
3335
3550
3554
4505
5078
6359
6928
6975
7132
7828
8002
8369
8441
8602
11023
11309
11324
11717
12278
12451
12452
12821
14082
14182
14217
14487
14530
14542
15068
15361
15405
16424
16941
17354
17895
18792
18981
21819
21857
22682
22691
23007
23373
23511
24179
25225
25274
25762
26552
27553
27642
28059
28111
28614
28786
28985
29399
29529
29840
30208
30449
31166
31223
31448
31883
32312
32324
32562
32856
33304
36007
36879
38161
39127
39529
42198
42307
42427
42568
43277
43918
44836
45239
46176
46771
46847
47348
48101
48419
48672
48680
49207
50266
50435
50956
51257
52296
52380
53096
54148
54172
55043
55507
55920
56764
56939
57006
57262
58485
59192
60034
60688
60844
61049
61479
62057
62357
62730
63029
63988
64233
64580
64892
65632
67952
68677
68698
69241
69576
69644
69825
69904
69913
70417
70437
72425
74542
76298
76717
76996
77254
77631
78593
78737
78918
80391
81168
81705
83054
84154
84885
85008
85372
86041
86490
86594
86601
87592
87884
88289
88454
89230
89524
90237
90274
91520
92451
93855
94914
95343
95947
96226
97053
97196
97373
98077
98412
98708
99946
100172
100511
101082
101422
101559
101570
101752
102218
102580
102704
103232
104775
105071
105098
105516
105718
107083
107708
107783
108347
108399
109746
109889
110508
111104
111831
112223
112264
112490
112653
113310
113754
114077
114133
114137
115046
117633
117654
117958
118156
118255
120423
120566
121010
121043
121622
121764
122430
122875
122960
124573
124991
125117
125304
125809
126618
127142
128919
129279
129469
130613
130963
131082
131473
132604
133168
133409
133502
134365
134537
134546
134627
135157
136399
136614
136861
137536
137750
138329
138745
138885
139525
139667
139972
140065
140506
140640
140946
141029
141030
141380
143462
144495
144537
144546
146709
146861
147475
147809
148159
148730
149112
149239
150358
151066
151102
151336
151829
151922
152182
152504
152909
153647
154623
154851
155115
155394
155695
156069
156533
156792
157015
157061
157581
157882
159190
159746
159843
159973
160817
161687
161883
162275
162462
162668
163925
164584
164683
165073
165238
165395
166270
167533
167961
168224
168253
168259
168278
168449
168494
168927
168997
169000
170613
171004
171881
171956
172141
172660
173214
173293
173485
173859
174266
174609
174843
174864
175153
175651
175828
177189
177524
177950
178481
178515
179001
179104
179501
179630
179692
180626
181424
182381
182720
182993
183292
183663
184364
185114
185209
185233
185918
186233
186556
186998
187260
187332
187733
187913
188121
188680
189673
189712
190304
191194
191816
192301
193798
194810
195065
195077
195170
195174
195444
195727
196667
196836
197425
198264
199011
199195
199482
199652
200025
200370
200468
200642
200695
200805
201249
201533
202317
202351
202507
202915
203102
203179
203889
203991
205499
205579
205812
206124
206528
207011
207670
207908
208044
208289
208584
208916
208949
208977
209154
209550
209637
209758
210403
210531
210713
211680
211681
212865
213029
213556
213615
214564
215134
215157
215340
215559
215584
215946
216016
216319
216825
217118
217322
217779
219129
220441
221224
221520
223001
224246
224454
225094
225162
225385
225427
225813
226077
226425
226830
227000
227192
227289
227502
227679
227713
228368
228384
228927
229432
231905
232730
234249
234842
234893
236959
237117
237454
238910
239316
241753
242553
242934
243011
243772
244481
244884
245633
246189
246723
246790
247480
248222
248389
248624
248665
251293
251340
253098
254355
254628
256103
257151
257369
258832
258863
259277
259445
259982
260060
261424
261442
261639
262130
262549
262983
263149
263266
263348
263644
263663
264551
264777
264917
265928
265980
266073
267502
267541
267711
267930
268299
268561
268598
268695
268922
268946
269768
272892
273545
273604
273700
273951
274299
278918
279023
279138
280087
281212
281227
281648
282899
284660
285042
286290
288685
289144
291063
292616
292803
293372
294137
294311
294329
295338
295457
295753
296333
296622
297491
297564
297620
298336
298628
300123
300626
301401
302605
302672
302714
303222
303399
305483
305700
305771
306033
306793
307196
307285
308304
308750
309701
310138
310759
311397
311579
311826
311981
313121
313226
313500
313880
314220
314304
314600
315022
315991
316065
316804
317043
317148
318108
318699
319034
319063
319309
321710
321879
322177
322700
322923
323352
323587
324114
324789
325192
325389
325702
325891
326874
327085
327146
327683
327769
328276
328559
330036
330252
330273
330479
330917
331748
332299
332481
333229
334490
335075
335591
336493
336598
337349
337758
338080
338508
339081
340182
340560
340806
341122
342423
343165
343653
343862
344040
344436
345679
346713
346829
347199
347252
347652
348202
348748
350157
351314
351551
351581
351789
352336
352441
352805
352971
353516
353590
353717
354167
354950
355175
355367
356045
356943
357326
357359
358774
359039
359137
359255
360026
360893
360998
362140
362990
363281
363386
363473
363637
364997
365039
365696
366186
366417
366445
367232
368161
368193
369088
369680
370456
371480
372546
372668
372951
373132
373656
373836
373850
374593
374922
375148
375210
375898
375939
376459
377201
377454
377455
377752
377798
379041
379436
379819
379971
381184
382206
382776
382848
382862
382986
383409
383478
383736
384049
384865
385373
385890
386897
387825
389002
390383
390754
391650
391758
392506
392680
392893
392939
393078
394299
394604
395599
395665
395891
396085
396138
396718
396824
397307
397424
397634
397837
398315
399735
400210
401349
401864
402747
403513
403761
404855
405565
405918
406397
407005
407242
407774
407966
407996
408002
408045
409784
410308
410731
410764
410980
410988
412433
412651
413092
413910
414683
415603
415867
416236
416400
418576
420657
421008
421422
421510
421774
422025
422473
422941
423471
424075
424750
424799
426070
426941
428113
428444
428657
428802
429098
429221
429437
429599
429843
429948
430032
430450
430558
430687
431087
431278
431740
432068
432397
432414
432478
433266
433868
434053
435722
435806
435923
436326
437285
437519
437596
437661
437929
438324
438887
438915
439270
439594
439778
439865
440982
441014
441998
442211
442555
442938
443111
443150
443199
443441
443628
443929
444522
444531
445407
446786
447193
448010
448011
448051
449425
449592
449758
449812
450670
451142
451290
451545
451568
451629
451660
451668
452475
453265
454078
454529
454969
455842
456298
456771
457356
458753
459038
459557
460319
461122
461862
462254
463534
463564
463787
464270
465024
465599
467265
467903
468147
468310
468481
469296
471030
471554
472262
473561
473898
473982
474185
476181
477434
478461
478489
478816
479073
479404
479545
480180
480403
481540
481779
482145
483055
483056
483474
483629
483922
484068
484685
484883
485262
485375
485439
485710
486200
486296
487807
489068
489805
490167
490260
490422
490559
493310
494783
495121
495326
495679
496143
496420
498435
498991
499706