582
647
743
1272
1889
2012
4440
4601
4704
4954
4977
5198
6651
7071
7259
7532
8408
8661
8696
9032
9281
9922
10616
10793
11774
11990
12214
12317
12547
12579
12683
13231
13973
14409
14437
15138
15491
15953
16812
17696
18336
18557
18758
18792
19712
20073
20519
20919
21180
21595
21666
22568
23310
23539
23902
24009
24326
25385
26417
27130
27372
28141
28710
29386
30580
30679
32386
33176
33555
34264
34747
35636
35729
36678
37067
37453
37951
38991
39735
40476
41482
43260
43472
43502
44575
45807
46975
46975
47077
47535
47535
47553
49045
49207
49840
51628
51777
52497
54133
54932
54958
55043
56353
58068
58114
58725
58816
58998
59023
59400
59811
60026
60101
60787
61388
61549
61839
62717
62886
63162
65087
65089
65351
65453
65673
65676
65894
66409
67313
67945
68247
68602
68914
69177
69688
69848
69944
71361
72400
72524
73055
73668
73772
74039
74876
75064
76031
76059
76324
76695
78376
78630
78793
80155
80929
81538
81846
81990
82285
83097
83340
83792
83795
84094
84123
84221
84692
84698
85438
85878
86018
86147
86566
86652
87318
87322
87408
87532
88312
89427
90099
90280
91785
92282
92798
94033
94161
94823
96058
96366
96380
96582
96854
96990
97154
98646
98675
98857
100121
100752
100845
101754
102035
102096
102833
103199
103289
104487
105398
105435
105505
106032
106574
107557
108072
110163
110180
112668
113163
113371
113404
114104
115196
116512
116994
117643
117670
118147
118358
118564
119219
119243
119965
120033
120134
120140
120184
120435
121099
121367
121884
124261
124629
125734
126103
126531
126807
127741
128104
131606
132221
133279
133403
134071
134704
134937
135257
136614
137183
137716
137842
138092
138503
138626
140327
140645
140675
140767
140796
141877
142748
142823
143818
143999
144309
144311
144473
144655
144957
145354
145864
145887
146087
146145
146535
146544
147052
147260
148020
148312
149256
149687
150272
150286
150381
152732
154251
154269
155836
156381
156868
157438
157536
158298
160462
160820
160971
161554
161652
161681
162284
163620
163770
163806
164480
165490
165765
165768
165832
166019
166223
166595
168015
168552
168747
170567
170582
170686
170821
171029
171752
173364
174391
175365
175370
175964
176103
176271
176430
177199
177332
177416
177755
178156
179323
179852
181773
181843
181954
182150
183004
183089
183762
183863
183971
184298
184354
184365
184545
184856
185154
185636
185944
185963
186390
186450
186640
186727
187340
187724
189452
189596
190097
190560
190804
191621
191717
191817
192120
192133
192782
193043
193335
194713
195108
195163
196527
198517
198589
198628
198716
198717
198987
199683
200111
200173
200868
202301
202414
203281
203417
203442
204982
205082
206025
206401
206425
206464
206885
207417
207471
208608
209196
209422
209514
209881
209945
210420
210470
210498
210505
211016
211296
211635
211751
211761
212206
213452
213981
214670
216810
216882
217531
219025
219204
220308
221309
221553
222287
222532
223242
223885
224227
224762
225085
225125
225345
226576
227575
227955
227970
228015
228138
228434
229871
230013
230979
231249
232045
232064
233397
233733
234036
234230
235012
235105
235192
235477
235602
236314
236781
237848
237848
238948
239493
240024
240416
240445
240590
241544
243567
243873
243960
244029
244044
244097
244284
245791
245889
246255
246635
246727
246945
247281
247777
247974
248991
249830
249955
250125
250164
250272
250450
250654
251204
251273
252104
252808
253009
253020
253286
253609
253667
254410
255040
255502
255819
256108
256412
256594
256599
256605
256708
257143
259272
259306
259546
259934
260158
261631
261936
262934
263192
263581
263619
263756
264035
264335
264434
264992
265218
265307
265639
266032
266431
267381
268426
269385
272274
272544
272637
272664
273091
273940
274039
276218
276896
276984
277123
277181
277269
277314
278461
278963
279529
279957
281017
281350
281699
283355
283365
283880
284232
284680
285339
285390
285444
285710
286135
286569
286885
288037
288219
288274
288435
288720
288939
289459
289539
289812
290395
290400
292259
293002
293332
293517
295076
295730
296204
296295
296628
298163
299023
299199
300270
301586
301783
302078
302201
303962
303983
304092
304126
304284
304857
305379
305500
308135
308468
309538
309573
309622
309824
309882
310673
310760
311967
312652
312956
314154
314387
314677
314998
315198
315198
315248
315472
315870
316026
316077
316420
316775
317363
317768
318770
320499
320542
320628
321354
321783
322328
322502
322728
322846
323260
324250
324343
324550
324945
325131
325462
325795
326184
326542
326699
326833
326940
327096
327117
328280
328444
328699
328748
330127
330431
331954
331976
332748
333070
333166
333184
333531
333605
334263
334330
334452
335280
335847
336307
336667
336794
337403
338000
338161
339626
339790
340995
341021
341348
341411
341652
341691
342075
342104
343092
343237
343298
343981
344844
345478
346582
346803
348286
348491
349155
349250
349260
349388
350987
351108
351830
352411
352463
352796
352816
352854
353163
354122
354543
354564
354734
354872
354989
355008
356236
357493
357809
359188
359191
359763
360811
360914
361656
362349
362453
364041
364691
366054
366728
367345
367610
369151
369506
370278
370426
370836
371530
371780
372401
373852
374452
374488
375307
377676
378343
379637
379923
380481
380494
380533
381259
381824
382392
382755
384809
385068
385109
385343
385771
385819
385890
386470
386882
387002
387742
387828
387895
388140
388266
388681
388849
389655
389748
389790
390776
391819
393175
393442
394368
395124
396271
396909
396999
397608
397743
397744
398035
398526
399310
399651
400087
400398
401928
401983
402036
402179
403173
403207
403406
405323
405405
406570
406731
407363
408008
408174
408316
410359
410898
412684
413875
413890
414257
414465
414585
414721
414740
414792
416112
416263
416273
416850
416883
417033
417176
417211
418550
419270
419379
420168
420203
420528
421055
421167
421470
422799
422843
423065
423190
424140
424151
424423
425078
425275
425344
425419
427628
427947
429121
430376
430389
431560
432223
432391
432668
433989
434122
434983
435462
437408
437788
439527
439635
440023
440134
440170
440676
441640
442030
442512
442722
442727
443055
443131
443352
444073
444077
444430
444754
444780
444940
445727
447417
448121
448578
448725
449286
450668
450954
451268
451518
451620
454423
454707
456184
456378
456579
458049
458602
458910
459015
459499
459734
460367
461407
462107
462150
462723
464729
465033
465080
465236
466356
466364
467226
467300
467592
467697
468060
468285
469615
469663
469813
470451
470841
471095
473553
474113
474789
475007
475108
475120
475153
475513
476623
477603
478090
478109
480711
480852
481118
481334
481454
481499
482076
482252
483032
483107
484438
485165
485480
485717
486142
487371
488525
490414
490433
490609
490719
491623
492831
493546
494516
494995
495005
495342
495456
495937
496347
496771
496924
497234
497562
498116
498149
498337
498794
499418
499695
499725