9
64
864
1627
2325
2326
2666
3265
3418
4876
5215
6033
6474
6886
7186
7723
7867
8161
9219
9667
10074
10866
11037
11865
11880
13588
14167
14508
14610
15067
15206
15617
15805
16807
20190
20200
21422
21670
21819
22463
22518
22614
23143
23290
23704
23732
23782
24095
24314
24472
24547
24588
24597
24635
26076
26489
26817
30458
32079
32639
33046
34896
35251
35531
35689
36398
36559
36718
37766
37774
39322
40006
40157
40413
41009
41665
42015
42180
42213
43051
43884
45540
46249
46311
46407
46589
47696
48137
48185
49895
49931
50393
51058
51393
51888
53475
53722
54296
54756
54945
55387
55668
55742
56032
56438
56502
56564
57690
58111
59058
59328
59826
60065
60428
62650
62782
64000
64496
64792
64981
65118
65590
66035
66328
66954
68566
68812
69549
69924
69972
70379
70389
70419
70908
71158
71434
71615
71642
71964
72572
72601
73041
73163
73684
74287
74329
74770
75275
75324
75383
75611
75652
75846
75921
76014
76594
77348
77480
77861
78486
78626
78932
79083
79668
81162
81884
82012
82664
82770
83464
83544
83737
84230
84504
84511
84802
85048
86394
86699
88004
89565
90440
90504
90751
90803
91154
91262
91357
91930
92127
92350
93396
94150
94158
95334
95478
95752
96163
96562
96612
97556
97705
98300
98715
99255
99622
99943
100207
100406
101826
102208
102211
102371
102889
103310
103515
104009
104047
104104
105148
105221
107347
107459
108184
109176
109771
112222
112818
113062
113157
113172
113411
113611
114324
114540
114666
114979
116003
116377
116435
116923
117424
117799
118088
118338
118849
119270
119460
120116
120145
121226
121427
121450
121585
121586
121905
122436
122656
123260
123787
123835
124325
124375
125097
126147
127529
128140
128502
129240
130385
130638
130675
130743
131170
131232
131831
131974
132106
132998
133297
133437
133884
133934
134102
134295
135606
137591
137631
137947
138614
138703
139166
139741
139742
140941
142763
142886
144140
144801
145422
145971
146308
147251
147405
147504
147893
148093
149183
149299
150218
150500
152395
152946
154496
154514
154888
155457
155928
156191
156401
157175
158769
158916
159246
160916
161164
161881
162136
162166
163198
163216
163777
163894
164008
164272
164453
164651
164813
165377
166121
166901
167471
167567
167721
168745
169316
169745
170359
170380
170424
170435
170718
171792
172539
172623
172914
173097
173596
173795
174175
174272
175519
175649
175755
177189
178310
178411
178522
178688
178740
178779
178957
179259
182135
182629
183465
183842
183875
184928
186912
187199
187792
187908
188782
188889
189051
189300
189382
189403
189476
189510
189533
191211
192428
192906
192960
193000
193854
194442
195317
196268
196769
196845
197431
198226
198359
198363
198537
198590
199207
201093
202232
203383
205858
207145
207206
208238
208635
209442
210285
210719
210829
211109
211661
212700
213117
213356
215240
216107
216207
216314
216821
217634
217795
218541
218616
218698
219137
219463
219875
220213
220271
220671
220804
220892
221738
222366
222657
222770
223039
223949
226538
226967
227878
229002
229775
230106
230317
230408
230870
230904
230920
231459
231468
231809
232271
232274
232370
232831
232850
232977
233040
233326
233591
233682
234010
234041
234180
234316
234703
235728
236327
237035
238333
238496
238807
240003
240186
240866
243763
244298
244522
245414
246039
246295
246538
247595
247881
248100
249534
250979
252133
252632
252664
252842
253122
253578
253642
254349
254743
254963
255842
256344
256669
256747
256815
257490
257623
257648
259215
259311
259490
259960
261598
262263
264402
265217
265607
265724
267889
267989
269008
269145
269250
269292
269936
271409
271661
272039
272146
272368
272820
272898
274123
274126
274171
274182
275478
275540
275921
276225
276413
276927
276949
277008
277050
277658
277811
278139
278594
278601
279305
279483
279696
281710
282576
282634
284440
284561
284715
285591
285626
285974
286057
286645
287314
287559
287797
288559
288578
288860
289410
289520
289585
289810
291145
291452
291495
291891
292133
292628
292823
294170
294858
295262
295318
295469
295701
295826
295925
296315
297241
297511
298306
298847
299823
299892
300904
301633
302121
302222
302733
303991
304109
304229
304239
304267
305410
306001
307882
308332
308647
308954
309362
311020
312196
314731
315501
315885
316850
317115
317689
317790
318782
319096
319596
320803
321742
321876
321942
322651
323891
324175
324652
324975
325238
325319
325397
325469
325773
325780
326344
326359
326438
326734
327282
327806
327928
328362
328412
328452
329068
329223
330837
331228
332126
332250
332285
332300
332488
333593
333998
334032
334341
334927
335782
335856
335872
336094
338104
338635
338956
339446
339752
339978
340050
340133
340344
341097
341607
342531
342623
342847
343256
344351
345229
345304
345389
345436
346021
346510
346522
346544
346828
348158
348317
349021
349070
349265
350473
350786
351268
351615
351947
352732
353356
353434
353675
354000
354314
355748
356303
356669
357170
357877
358927
359323
359656
359784
360934
361199
361515
361665
362974
364954
366268
366959
366972
367050
367432
367678
367700
368253
368295
368412
368415
369843
370267
370344
370942
371583
373090
373226
375063
375210
375463
375995
376144
376646
376826
377002
377425
377630
378245
378529
379644
380057
381209
381338
381770
382162
383532
383658
383849
384056
384511
384553
385213
385680
387529
387539
387625
388518
388709
388960
388974
389475
389496
390678
390931
391039
391088
391222
391750
391877
392126
392315
392401
393231
393417
394336
394854
394876
395065
395740
397205
398025
399139
400459
400514
400692
400827
401751
403985
404077
404604
404610
404672
405141
405320
405881
407651
409103
410172
411090
411401
413016
413332
413712
413754
414344
414913
415250
415962
416333
416404
416543
416723
417434
417556
418566
418818
419364
419600
420861
421633
421640
421942
422481
423161
423508
423518
423804
423823
424040
424200
425110
425232
425511
425698
426215
427742
428307
429493
429596
429628
431512
431860
433553
433768
433838
434406
435273
435323
435386
435661
435682
435714
436041
436255
436759
438609
439076
439412
439451
439820
440160
440792
440832
441022
441426
441562
441789
442528
442811
443560
443900
444223
445321
445420
445745
446441
446877
447092
449194
449271
450242
450563
450770
451194
451431
451586
451646
451789
451895
452306
452475
454265
455534
455671
456325
457058
457460
457591
457841
458356
458701
458708
458913
460243
460762
462313
463315
464616
465733
466988
467648
467689
468071
468527
468546
469111
471271
471933
473146
473166
473873
474253
475064
475522
476859
477703
478148
478650
478952
479216
479224
479440
479606
480418
480544
480762
481628
481781
482499
483047
483071
483217
483488
483665
484901
485766
485796
487217
487445
488036
488182
488677
489518
489980
490469
490659
491589
491777
491990
492233
492624
492956
494608
494813
496100
496617
497462
497524
498810
499456
499553
499663
499749
499778