216
343
558
3128
4034
4114
4308
4935
5567
5631
5705
6889
7335
7831
7835
8132
8204
8672
8937
10363
10622
10697
10942
11508
12244
13786
14207
14970
16151
16342
16840
18052
18790
20099
20329
21528
21672
22135
22445
22556
22890
23033
23808
24224
24441
25388
25441
26283
26453
27174
27195
27254
27460
27680
28304
28374
28638
30121
30132
30266
31337
32411
33130
33241
34188
34392
34586
35072
36235
36367
36726
37423
37685
38882
39399
39474
40143
40849
40981
41142
41220
41228
42152
43037
43398
43693
44004
44785
46095
46479
46832
47070
47385
47517
48191
48503
48846
49043
49965
50584
51120
52096
52492
52692
53148
53191
53610
54093
54679
54957
55261
56045
56338
56406
56632
56697
56949
57343
57974
59038
59224
59477
59498
60604
62260
62656
63577
63597
64070
64258
64335
65550
65883
66030
66359
66523
66544
67239
68194
68333
69446
69503
69685
69831
70119
70504
70510
70708
71284
72014
72695
73953
74710
75438
75608
77304
77805
78823
79398
79831
80477
80693
80774
80990
81096
81118
82783
84506
84699
84952
86677
87441
87626
87755
87993
88190
89047
89657
90188
90583
90668
91339
92219
92924
95025
95558
95679
97187
97359
97744
97850
98002
98329
98409
98764
98971
99516
99852
99886
100335
100690
101315
101461
101746
101964
101966
103213
103795
104158
104501
104950
105527
105772
106263
106685
106775
107029
107159
108065
108084
108500
110115
110314
110882
111322
112114
112543
112571
113003
113256
113265
113801
115482
117052
118217
118259
119120
119482
119498
120115
120706
121317
121456
121787
122470
126151
126916
127875
129127
129868
129874
130070
130336
131138
131422
131588
131730
132779
132866
133265
133486
134571
135400
135469
135809
135828
135948
138106
139047
139272
139416
139780
140148
140763
141509
141841
142384
144283
144309
144490
144607
146155
146184
146491
147461
147777
148414
148422
149012
150261
150339
150428
151438
152641
154362
155384
155802
157285
157334
157729
158411
158602
159220
159671
159764
159893
159930
159971
160264
161169
161254
163083
163374
164236
164517
164824
166186
166506
167206
170059
170216
171529
171613
171719
172555
172999
173357
173468
174960
175914
177247
178071
178137
178701
178834
179226
179602
180055
181394
181568
182097
182255
183340
183427
183486
183749
184029
184314
184620
186780
187428
187735
187778
187980
188006
188154
189502
189834
189959
189963
190114
190218
190391
192682
193376
194213
195050
195135
196454
197113
197337
197843
198120
198829
199095
199133
199174
199214
199235
199678
200538
200973
201621
203604
205145
205204
205801
207236
207312
207554
207712
207898
208789
209128
209409
210502
210612
211131
211491
211739
213498
213604
213817
214930
215159
215496
215569
215626
217618
217683
217689
218127
218143
218332
218345
219264
219447
219500
219654
219923
220050
220070
221045
221048
221455
221780
221847
222575
222881
224521
225376
225487
225581
225885
226292
226973
228657
229264
229598
230557
231385
231485
231691
233464
233547
234655
235309
235325
235391
236125
236445
236538
236766
237509
237862
238550
238692
238740
238792
239314
239360
239781
241390
241974
242638
243710
243713
243781
243991
245427
246448
246698
246985
247164
247264
247602
247751
247976
248109
248890
248990
249095
249301
249829
250693
250976
251168
251239
251297
251638
251644
252024
252041
252103
252450
252860
253170
253717
255985
256062
257176
257400
258989
259037
259525
260082
260231
260496
260944
261411
261609
265284
265375
265572
265808
265931
266372
267225
268063
268081
268942
270904
270911
271310
271807
271959
272179
272432
272470
272948
273215
273956
274830
275192
275230
275911
276207
276242
276729
278660
279393
279612
279733
279769
280839
281939
282369
282574
282646
283093
283352
283511
283923
284528
285710
286051
286526
286827
287138
287214
287748
289247
289367
289407
289487
289696
290854
291101
291256
292192
292265
292678
292891
293378
294857
295278
295728
296135
296147
296348
297771
298618
298809
299567
300572
300609
301504
302665
302992
304552
304937
305042
305059
305213
305286
305342
306036
306162
306396
306697
306742
307394
307475
309312
309855
310664
312302
313133
313501
313510
313639
313690
314801
314907
315024
315407
315727
317069
317391
317969
318037
318050
318532
318709
319052
319498
319579
320029
321301
321664
321804
321859
322252
322563
323042
323345
323838
324084
324865
325730
325823
325959
325998
326066
326597
326773
326878
327370
327373
328590
328884
329031
329834
330011
330640
330828
331229
331799
333064
333289
333615
333749
335087
337174
337807
337840
338577
339214
339252
339342
339838
339854
340268
340454
340482
341656
341870
342258
342709
342977
344461
344629
345239
345475
347825
347866
348103
348178
348453
349161
349736
349789
350512
350818
351645
351861
351866
352022
353097
353131
353724
353749
354538
354935
355912
356145
356594
357076
357641
357687
358003
359625
359724
359752
359859
359941
360653
361959
362876
364603
364952
365595
366071
366821
366922
366945
367224
367989
368095
368394
368685
370063
370198
370957
371047
371606
371762
371842
372644
372687
373404
373919
374101
375184
375711
376198
377547
377611
378007
379120
379334
379528
379636
379760
379821
380417
381015
381391
381685
382081
382159
384335
384739
385339
385627
385876
386380
386652
386753
387422
388372
389114
389270
389398
389847
390897
391234
391407
392017
393085
394034
394241
394979
394991
395331
395781
396059
396461
396759
396862
397030
397614
399695
400734
401547
401820
402420
402517
403125
403736
404436
404479
404543
404819
405387
406585
407317
407664
407942
408089
408143
408383
408940
409102
409653
410064
412056
412632
412926
412990
413036
413570
414432
415298
415776
416183
417140
417463
417581
417906
418336
418737
419231
419515
420370
421121
421416
421762
421808
422369
422393
422783
423366
423886
424000
424150
424357
425674
426470
427870
428548
428945
429046
429085
429496
429864
430347
430430
430604
431300
431318
432153
432202
433578
434794
434934
435012
435080
435462
435855
435954
436841
436967
436974
437192
438214
438669
438673
439556
439658
440523
440680
440771
440799
440973
441113
442191
442238
443994
444975
445768
445978
445981
446026
446294
446920
448661
448804
449225
450568
450611
450918
451840
451879
452686
454025
455177
455482
455682
456594
457031
458800
459399
459406
459521
460831
460999
463146
463159
463587
464884
465772
465808
465843
466288
466870
466921
467600
467968
468798
469202
469491
469599
469790
470611
470751
470900
471246
471484
472069
472372
473176
473880
474390
474811
474825
474849
475156
475450
475648
476330
476762
476984
478048
479061
479413
480459
481048
481048
481146
481517
481544
482026
482941
483341
483379
483733
484007
484015
484313
484671
484679
485660
485964
486139
486741
487420
487621
488178
488933
489233
489892
490516
490639
491003
491943
492113
492739
492943
495363
495550
495663
495894
497545
497970
498472
498949
499709
499904
499961