5
646
1163
1719
1758
2958
3373
3687
3948
3971
5219
5270
5373
5582
6566
7100
7140
7520
9764
9946
10735
10974
11625
11753
11868
12478
12691
13782
14479
14600
14821
15183
16268
16301
16308
16341
16408
16411
16602
17030
17343
17901
17934
18184
18725
19888
20986
21426
21439
22463
22685
23070
23230
24243
24281
25248
25952
26053
26550
26803
26874
27495
27920
28775
29215
30994
31431
31472
31996
32203
32529
32935
33598
34214
34971
35215
36209
36246
36615
36782
36934
37113
38279
38328
38641
39378
40225
40269
41370
41383
43004
43013
43050
43389
43455
44240
44545
45034
45160
45651
46554
47203
47337
47422
47461
48507
48765
48933
48971
49532
49943
50444
51544
51657
52196
52207
55263
55415
55836
55879
56508
56737
58609
59246
59494
61670
62648
62939
63268
64282
64781
65559
65578
65808
66376
66494
66786
67047
67613
68200
68915
69095
69480
70068
71747
71913
72160
72177
72548
73287
73730
73883
74101
74517
74718
75223
76505
77324
78481
80061
82575
83915
84496
84660
84983
85166
85566
86120
87363
88244
90328
91048
91237
91307
91760
91950
92012
92394
92456
92958
93422
93677
94319
95475
95616
95692
95823
96007
96160
97055
97242
97857
98828
98886
99361
99701
101107
101143
101420
101608
101636
101679
102175
102767
103146
103522
103631
104779
104787
105077
105083
105456
105781
105830
106094
106313
106432
106438
106465
107984
108067
108517
108761
108774
109861
110893
110953
111055
111333
112354
112863
114061
114189
114229
114931
115367
115946
116015
116557
116667
117041
117166
118292
118465
118622
118975
119129
119310
119534
120049
122140
122175
122918
123077
123884
124043
124555
124741
124970
125047
125058
125243
125371
125539
125636
125987
127356
127795
128549
130793
130839
132235
132412
133585
133732
134433
135454
135559
135812
137397
137509
137673
137920
138561
139038
139070
139525
140844
141046
141726
142119
142327
142630
142745
143006
143875
143942
144032
144127
144150
144189
145065
145070
145392
147268
147761
148240
152136
153813
154075
154863
155858
156281
156330
156430
157748
158052
158108
158146
159620
160346
160724
160816
161074
161154
161269
161675
162310
162467
162527
163085
163797
166030
169108
170044
171095
171247
172016
172155
173713
173899
174381
175007
175234
175255
175405
176016
176844
177349
177779
178102
178827
179526
179729
181102
181985
182022
182094
182446
183376
183530
184665
184798
186102
186598
186870
186875
186903
187896
188285
188941
188963
189099
189759
189904
189909
191315
191329
191570
191755
192366
192712
192851
193033
193095
193246
193406
193475
193541
193604
194768
195125
195154
195301
195501
195803
196196
196743
196992
197614
197624
198085
198140
199410
200085
200742
202973
203291
203793
205076
205641
206886
207190
208735
209027
209093
209387
209413
209854
210002
210095
210122
210153
210640
210705
210863
211156
211214
211442
211635
212027
212396
213239
213968
214674
214788
214868
215265
215300
215437
215645
216260
216634
217376
218895
219308
219538
219650
219747
220132
220392
220472
221111
221885
223369
223531
223684
224056
224849
225513
225986
226233
227051
227064
227570
228000
228038
229463
229821
230056
230156
230508
231157
231691
232756
232783
233025
233184
233863
234698
235181
235334
235398
235436
235698
237250
237972
238264
238387
239593
239653
239826
240315
243233
243501
244742
245571
245725
246033
246153
246244
248220
248433
248848
249815
249946
249991
250586
252679
253146
253899
254211
254594
254854
255484
255805
255811
256607
256690
259541
259669
259886
260566
261776
261837
262033
262164
262784
262785
263279
264329
264533
264873
266071
266235
266494
266720
266821
266925
266962
267949
269515
270189
270809
272029
272666
272885
273179
273249
274554
275012
275401
275699
275942
277005
277592
277698
278569
278875
278970
279389
279399
279943
280497
281103
281342
282175
282410
282857
283281
284910
286059
286079
286118
287131
287154
287200
288061
288185
288390
288876
289319
289370
289464
289973
290494
290665
290779
291165
291404
291595
292092
292740
292896
293729
293924
294589
294804
295520
296342
297104
298258
299187
301665
301857
301916
301939
302220
302508
305637
305788
305874
306145
307397
308018
308277
308468
308516
308926
309220
309401
309411
309923
311360
311389
311827
311996
312106
312912
313010
313516
313903
314966
315910
315973
316181
316417
316761
316801
316812
317660
317825
317875
318079
319258
319425
320138
320203
321480
321614
321747
323895
324106
324479
324660
324755
325201
325408
325719
326290
327063
328389
328732
328744
330549
330739
332003
332202
332225
332353
333179
333267
334005
334662
335180
335539
335728
336235
336316
336721
337300
337615
337629
339800
339923
339991
340241
340604
340873
341158
342914
342953
343948
344202
344241
344327
344885
345883
345888
346089
346267
346822
347076
347106
347857
348087
348088
348659
348895
349936
350388
350578
350599
350618
351295
351537
353295
353345
353524
353701
353767
354144
354161
354583
354593
354740
355944
356755
357481
358238
359039
359096
359225
359681
359802
359985
361375
361519
361671
362432
362544
363239
363406
363535
363691
363949
364439
364839
365262
365986
366031
366400
366580
366586
366683
367172
367937
368088
368138
368428
369025
369808
369865
370018
370097
371685
371814
371938
372231
372362
372440
373135
373182
373523
373819
374411
374470
374792
375428
375747
375924
375939
376122
376298
376464
377182
377760
377794
379532
379763
380050
381197
381612
384017
384166
384330
385209
385641
385963
385998
387462
389833
390058
390213
390596
390604
391238
391717
393358
394529
395149
395518
396069
396698
397144
397202
397630
398131
398312
399112
399595
400066
400327
401198
401280
401694
402797
403527
403767
403955
404515
404894
406984
407581
408181
408561
409317
409615
409816
410202
411430
412007
412639
413873
414388
414471
414805
414929
415413
415863
416956
417395
417642
418210
418263
418471
420753
421566
423105
423265
423747
424588
424796
425990
426111
426745
427383
427796
428031
429571
429693
429963
430180
430581
432186
432324
432436
432466
432545
432650
432818
432957
433208
433711
435444
435651
436937
437099
437473
437720
438490
439555
439555
439573
440071
440283
441162
442634
443448
444807
446940
447463
448535
449341
450145
450553
451825
454329
455475
456249
456322
456578
457214
457502
458170
458349
458360
458790
459713
460058
460364
460425
460869
461068
462044
462438
463439
463983
464218
464801
465126
465716
466813
466867
467067
467185
467498
467543
467691
467736
467888
468464
468676
468716
469352
469480
469750
470288
470519
470958
471822
471846
471945
472399
472845
472915
473186
473577
475505
475528
475993
476880
477305
477309
479709
480053
481152
482564
483281
483352
483878
483961
484217
484658
485780
485960
486170
486337
486684
486773
487948
488063
488347
488606
489120
489312
489390
489690
489778
491115
492227
492920
494115
494389
495513
495583
496023
496329
497605
497622