195
994
1298
1323
1693
2904
3440
3925
3995
4045
5127
5619
5657
5840
5875
6455
6891
7007
7209
7730
7919
8309
8811
9188
9907
10981
11122
11605
11610
11677
12107
12216
13638
13853
14201
14211
14313
15381
15777
16417
16463
17422
17623
18637
19315
19722
20466
20550
20644
21261
21327
21986
22406
22697
23092
23478
24114
25630
25780
26912
28230
28263
28579
28971
29337
30097
30308
30374
31321
31827
32448
32551
34120
34645
34690
34822
35074
35228
35257
36168
36519
36677
36753
37074
37326
37469
37497
37630
38100
38582
38638
40373
40437
41034
41442
41590
41660
42144
42469
42471
42714
43000
43002
43544
44266
45447
45952
45966
46385
46738
48749
50708
52191
52790
52889
53702
53758
54885
54892
55189
55648
56259
56302
56594
57142
57155
57535
58623
58970
59234
60147
60940
61091
61951
62416
63740
63829
64772
66119
66144
66177
67114
67818
68718
68802
69806
70503
71351
71373
71694
71959
72210
72230
72537
73528
73737
75399
75596
76020
76199
76328
76631
77878
77942
78239
78246
78294
78960
79176
80359
82042
82064
82298
82598
82684
82975
84083
84101
84638
84939
86435
87231
88017
88129
88291
88924
89234
89625
90032
90278
90732
91283
91382
92091
92490
93055
93468
94319
96439
96542
96639
96786
97199
97897
97976
98107
98471
98866
99018
99338
99625
99886
100450
101699
101985
103212
103434
103588
103750
104539
104576
105429
107235
107287
108463
108471
108721
110872
111219
111757
111761
112398
112486
112803
113013
114282
115555
115904
116056
116251
116787
117103
118021
118348
118866
120221
120534
120947
121141
121523
122316
122467
122522
123126
123860
123926
123926
124280
125230
125409
125583
126637
126698
127045
127718
127823
129277
130698
131361
131760
131840
132237
132759
132908
133050
134488
134951
134985
135237
135302
135941
135966
136188
137066
137427
137620
137721
138281
138308
138766
138906
139360
139440
140662
141030
141577
142049
142912
144660
145275
145311
145418
146234
147927
148316
148540
149029
149396
149527
151332
151681
151722
151919
152349
152623
154453
154744
155136
155582
156084
156358
156463
156896
157242
157949
158471
159641
160259
160584
161020
161130
161636
161759
161937
161985
162113
162274
162657
162670
162854
163305
164044
164383
165788
165966
165997
166353
167001
168558
168726
169639
169985
170182
170667
170763
170903
170967
170972
171150
171253
171292
171333
171352
171382
171439
171622
171836
172095
172543
172638
172946
173149
173222
173222
173798
174034
174034
174312
175278
175383
175639
176382
176416
176699
176895
176989
178134
178527
179909
180114
180484
181611
182829
183147
184094
185214
186502
186852
186905
187324
187467
187675
187994
188663
188833
189179
190030
190511
190683
191275
191680
192116
192724
192991
194485
194531
194826
195069
195433
197016
197292
199235
201404
202109
202710
203172
204027
204466
204850
205748
206019
206335
207059
207189
208243
209005
209347
209856
209949
211326
211448
211838
212293
212651
213190
213331
214125
214804
215056
215074
215562
215642
215910
216291
216311
216416
217374
217477
218319
218811
218904
219854
220267
220387
220767
221487
221810
222061
222576
222693
222773
223675
224148
224274
224626
224643
225380
225584
226205
226749
227478
227583
227904
228855
228859
228860
229225
229469
229822
230264
230403
230573
230844
231667
232139
232790
232982
233293
234028
234651
235709
235823
236381
236402
236686
236904
237141
237251
239082
240199
240473
241002
241895
241930
242301
242311
242568
242806
243456
244114
244700
245174
245343
245872
246280
246424
247211
247255
248238
248294
248657
250802
251229
251274
251398
251604
251990
252381
252488
252701
252977
254163
254330
254709
255226
255958
255978
256139
256216
256325
257472
258241
258564
259360
260639
261901
262742
263026
263883
264544
266006
268581
268645
270111
270401
272247
273235
273514
274468
274923
275123
275558
275789
275831
275928
276766
276788
276922
276935
277523
277907
278279
278529
278887
279274
279705
279925
280708
280789
280858
281274
281342
281644
281768
281861
281993
283368
283464
283882
284072
284289
284870
285041
285136
285731
285809
286957
287077
287343
289182
289276
289847
290612
291157
291321
291334
291460
293280
293283
293835
293842
294065
294197
294648
295392
295503
296650
297263
297484
299424
300288
300396
300562
300680
302665
302835
302846
302912
303547
305045
305352
306439
306720
306817
307289
309559
309628
309826
309830
310365
310486
311666
311866
312116
312330
312632
313675
313690
313811
314608
315822
316023
316647
318154
318828
319379
319719
322922
323122
323504
326203
326259
326747
328352
329156
329394
329580
330916
331138
331329
331916
331962
332448
332461
334152
334327
335076
335692
336951
337303
338650
338798
338940
339486
344884
345375
345493
345875
346848
347979
348319
348523
348538
348647
350724
351862
353741
354663
356604
356950
357441
357797
358532
358944
359119
359219
360716
362577
363681
364232
364814
364947
365538
366318
366672
366792
367986
368397
368911
368914
369227
369258
369715
369880
370076
370151
370297
370581
370924
370978
370985
371088
371166
371899
373784
373933
374157
376617
376646
377045
377193
377744
377933
378321
378395
378857
379322
379885
380461
383311
383701
383737
384995
386046
386634
386649
386692
387073
387563
388745
388902
389156
389262
389499
389949
390935
390950
391276
391535
391552
392068
392125
392793
394450
395005
395915
396179
396494
397351
398627
399759
400300
400317
400341
400472
400736
400839
401454
401568
402210
402271
402440
402588
403213
403307
404150
404346
404539
405481
406238
406333
406450
406664
406680
406783
406812
407210
407225
408345
409055
409494
410198
410415
410674
411376
411800
413048
413837
414755
414791
415020
415083
416403
416966
417209
417935
419741
419932
420543
420650
420659
420909
420926
422095
423929
424676
424990
425186
425320
425322
425406
425794
425937
426553
426987
428183
428870
429334
429858
430922
430965
431328
431746
431930
432140
432142
432231
432880
432888
433220
433378
433484
434589
435063
435226
435241
435644
436005
436534
436983
437222
438002
438480
438976
439578
440147
440327
440465
440524
441665
441717
442062
442217
443515
445207
445356
445408
446948
447605
447606
447607
447807
447842
448429
448953
450085
450258
450429
450735
450782
451980
452529
452834
453485
453753
454011
454536
454878
455086
455592
456270
456483
456841
457459
457694
458428
458754
459061
460075
460589
461333
461820
463691
465265
465560
465585
466142
466700
467663
469718
472392
473252
473393
473474
473728
474042
475184
475707
476481
476770
477380
477641
477766
477858
478205
478747
479311
479315
480666
480842
480996
481942
483293
483737
484614
484969
485821
485976
486149
486342
486418
486536
486645
486770
487704
487856
489362
489575
489966
490597
491143
491179
491868
491903
492319
492588
492707
492794
493211
493275
493805
494747
494782
495495
496172
496439
497978
498396
498927
499633