675
1441
1566
1587
2258
3768
3930
4011
4203
5107
5518
6230
6712
6755
6903
8643
8928
9294
9549
10233
10389
11183
11292
12232
12336
12648
13324
13357
13594
14373
14452
15038
15100
15669
15738
15771
15784
16038
16294
16423
16435
16964
17147
18656
19203
20433
20466
20477
20618
21290
21900
22259
22478
22701
23439
23628
23698
24228
24239
24571
24727
24750
25525
25664
26177
26439
27441
27673
28907
29178
29225
30097
30599
32167
32466
33774
35167
35552
35660
35759
35974
36601
37167
37300
37553
38403
38465
39756
39875
40650
40858
41236
41531
41947
42090
42428
42935
44696
45428
46021
46583
46832
47234
47275
47469
48321
49102
50171
51384
52167
52661
53131
53460
53504
53827
53870
55198
55239
56430
57234
57711
57726
57737
59833
60385
61306
62658
63429
64354
64434
64922
65133
65139
65343
65344
65355
65567
65949
66291
66336
66578
66784
66927
67527
67560
69779
70065
70354
72958
73547
73720
74052
75808
76105
76862
76919
77427
78073
78266
78779
79192
79424
79461
79745
81030
81408
83424
84931
88325
88627
88728
88866
88874
90924
90955
91184
92308
92707
93552
95745
96732
97094
97233
97848
98047
98105
99012
99357
100375
100680
100898
100972
101890
102066
102172
102612
103825
106498
106984
108005
108151
108252
108297
108401
109068
109124
110096
110134
110483
111532
112094
112610
112901
113916
114402
114892
115312
116368
116474
116674
116922
117911
117930
119173
120489
120531
121271
121783
121873
122953
123122
123568
124118
126502
126593
127461
127639
127799
128373
129511
130482
130691
130772
131179
131387
132580
132821
132953
133056
133972
134009
134832
136017
136043
137226
138819
139021
139927
140302
140534
140773
141321
142448
142636
142908
143260
143375
143857
143900
144623
145266
145346
146579
146746
146932
147181
148307
148685
149710
149768
149945
150037
150130
150158
151638
151841
152480
153026
153665
153757
154719
154767
156294
157146
157356
158003
158085
158859
159063
159909
160064
160072
160761
160834
161410
161708
162598
163347
163761
163802
163847
164268
164524
164528
164835
165656
166507
166757
167183
168369
168757
169102
170321
170832
170860
170948
170962
171419
171624
171784
171968
173136
173967
174195
174249
174741
176186
176600
177047
177182
178128
178284
178396
179092
179404
179989
180642
180831
181354
181786
181895
182015
182161
183121
184353
185559
185597
185690
187504
188863
188916
190926
191917
193543
193599
195265
195699
195717
195742
195797
195919
195946
196520
196891
196977
197005
197333
197449
197642
197672
198569
198684
199372
199816
200725
200874
201077
201429
201559
202777
202981
203336
203511
203545
203605
203884
206009
206261
206467
206539
207120
208738
208918
209056
209258
209327
209457
209601
209623
209662
209876
210689
210955
211027
211696
212101
212203
212520
212903
213107
214750
214880
215666
216224
216349
216960
217538
218911
219641
219848
220151
221168
221467
222643
222695
223400
223776
224204
224635
224811
225330
225774
227789
228264
228858
228896
229000
229645
229763
230134
230500
231914
231971
232125
232993
233243
233532
233632
233634
233903
233930
233994
234422
234756
235249
235432
237238
237524
237783
237828
238162
238389
238675
238865
239072
239459
239645
239775
240080
240299
240408
240426
240502
241131
241392
241533
242048
242228
242278
242394
242635
243276
243399
243533
243565
244346
244567
245606
246355
246400
246940
248941
249345
249398
249664
249894
251256
251887
252079
252113
252479
252494
252748
253581
254554
256016
256756
256979
257179
257591
257826
258236
259399
259860
260047
260119
260223
260577
260798
261504
262259
262522
262762
262959
263300
263899
264987
265139
268854
271027
272980
273691
275889
276810
278321
278368
278947
279422
279430
280470
280616
280684
281112
281740
282162
282610
282810
283765
285097
285207
285356
286364
286489
286619
287417
287466
287562
288618
289117
289422
290213
290430
290711
291474
291476
291596
292021
292572
292998
293161
293211
294132
294592
294873
295331
295700
296133
297300
298320
298506
298648
299432
300462
300849
301219
301334
301429
301706
302455
302533
303070
303730
303853
303974
304979
305266
305341
305826
305888
307060
307326
307646
308429
308484
308958
309581
309663
310524
310613
310939
311434
311730
311783
313607
314124
314511
315122
315189
315241
315295
315390
315595
315864
316404
318100
318122
318164
318246
318750
319202
319369
320869
321722
322446
322947
324470
324761
325032
325180
325769
325929
326242
326743
326915
327440
327476
328672
328728
329070
329093
329618
330074
330132
330272
330274
331439
332605
332776
333840
334522
334709
334782
335277
335659
338183
338595
338989
339077
339926
339934
340006
340140
340230
340657
341762
341789
342988
343272
343298
343614
343870
344614
345051
346121
346351
346392
347006
347833
348933
349050
349842
350584
352253
352548
353682
354180
354249
354444
355464
355740
357081
357518
357547
357759
357997
358300
360142
361132
361297
361819
362164
362362
362429
362567
362793
364271
364284
364447
364586
364683
365625
366772
367122
367179
367182
367480
368732
368817
369307
369340
369466
369727
371275
372349
372384
372657
373085
373707
373850
374314
374880
374943
375024
375510
376199
377233
377468
377844
377846
378166
379391
379802
381004
382386
382680
383537
383676
383741
383923
383996
384311
384395
385976
386512
386671
388123
388729
389097
389186
389308
389790
389953
391169
391335
391600
393613
394093
394618
394848
395491
395548
395593
395635
396809
397026
397781
397990
398152
399264
400318
400526
400708
400908
401430
401470
402746
403336
403655
403756
403983
404286
404697
404773
405311
405635
407291
408001
408105
408821
408829
408862
409134
409898
410474
411757
411879
412121
413199
413455
414678
415722
415751
416184
416201
417534
418085
418178
418249
420055
420233
420254
420920
421150
421424
422112
422208
422594
422759
422936
425250
426022
426289
428095
428724
428784
428964
429525
429703
432114
432949
433863
434074
434261
434267
434620
434621
434793
435452
436269
436744
436794
436996
439595
439841
440227
440281
441701
441850
442250
442482
442488
443301
443316
443972
444564
444772
445046
445516
445531
445663
445704
445751
446550
447016
447599
447942
449331
449520
449664
449856
451259
451749
452577
453090
453119
453747
454358
455204
455477
455533
455614
456124
457245
457450
457968
458038
458175
458301
458995
459995
460273
460431
460536
460900
461127
461858
463196
463228
463926
464151
465588
466623
467614
467930
468422
468583
470926
470974
471023
471051
471402
472995
473238
474020
474293
474590
475444
475847
476728
476826
478732
478759
479656
480270
481023
481634
481683
481705
481920
481930
482323
482422
482633
483267
483414
483439
483837
483938
484067
485155
485318
486063
486314
486556
486579
487208
488227
488540
488781
488816
489037
489255
489318
490116
490317
490453
490964
491188
492005
493085
493554
493637
494317
495198
495614
497251
497909
499127
499334
499752