545
645
1422
2031
2657
2766
3624
3679
5148
5829
6178
6235
6248
7140
7572
7696
9897
10215
10502
10882
11798
11958
11968
12067
12126
13621
13852
13980
14411
14619
15719
15731
16101
16236
16476
16520
16584
16753
16757
17891
18845
18847
18947
19344
19452
19607
19941
20253
21001
21239
21816
22080
22965
23598
24737
24959
24965
25046
25605
26322
27671
28732
29486
30117
30241
30333
30580
31163
31728
32208
32758
32907
33011
33487
33505
35958
36064
36144
36536
36695
36704
36750
36863
38303
38411
39322
40491
41560
41924
42635
43261
43546
43691
43717
44031
46580
46865
46979
47266
47433
47811
48244
48705
48831
49648
50007
50402
51589
51761
52151
52460
52764
52853
52939
53118
53718
54110
54844
55521
55535
55563
55567
55809
55933
57368
57840
58351
58458
59112
59511
59797
59799
59986
60019
60059
60575
60949
61571
62126
62295
62352
63279
65511
66093
66137
66569
68256
69680
69747
70602
71447
71543
71892
72190
73067
73096
73988
74129
76299
77794
77915
79071
79114
79129
79235
79273
79403
80506
80508
80837
80926
81202
81369
82129
82396
82609
82897
83281
83743
84485
87657
88216
88405
89110
89300
89508
89926
90098
90316
90800
91002
91688
91702
92302
92303
93144
93176
94429
95071
95304
95319
95692
96313
96755
97248
97797
98182
98416
98649
99534
99993
100567
101912
102846
103221
103427
103725
104091
104363
104906
104921
105610
105927
106069
106375
106673
107485
107823
108370
108381
109080
109367
109433
110195
110422
111145
111167
111956
113305
114663
118689
118699
118783
119215
119400
120069
120146
121352
121779
121810
122215
122395
122716
124342
124844
124919
125141
126367
126545
126880
126959
127070
127074
127658
128049
128118
128435
128475
128837
129071
129627
129962
130518
130640
130735
131260
131379
131987
132018
132918
133813
134128
134638
135190
136113
137110
137969
138051
138465
140499
140928
141212
141646
141650
142380
143032
143507
143845
144439
144540
145097
147401
147791
148177
148416
149102
150989
151615
152695
152978
153372
153381
153409
154300
154601
154829
155150
155187
157348
157542
159101
159152
159560
159711
159808
160401
161780
162071
162282
162488
162626
162761
162838
163930
164426
164613
164678
165775
166532
166812
167047
167163
167414
167676
167800
167998
169190
169439
169521
169992
170170
171362
171889
171988
172305
172527
173149
173422
173893
174803
175290
175540
176656
176746
176936
177233
177394
178079
178335
178753
179374
179629
180346
180398
181003
181556
181834
182165
182414
182903
183667
184175
184843
186257
186564
187485
187779
188150
188320
188535
188886
190045
191002
191154
191972
193175
193538
193891
194119
194491
195518
195962
196685
197178
197828
197899
198410
199041
199060
199263
199759
199831
200117
201316
202205
202207
202530
202608
202621
202818
203328
203913
204391
204887
205040
205439
206396
207354
207473
208640
210083
210274
210534
212178
212312
212331
212589
213449
213604
214035
214204
214833
214858
215429
216199
217554
217849
218003
218757
218797
218828
219053
219485
219820
219854
219878
222174
222721
223187
223387
224099
224968
226301
226618
227351
227863
227929
229003
229693
230781
231137
231652
232520
232862
233026
233058
233384
236658
236890
237138
239290
239323
239477
241516
241817
241887
242268
242487
243060
243498
244178
244976
245291
245681
246262
246934
247900
248202
249252
249463
249890
250026
250759
251114
251468
252148
253501
253906
254370
257264
258341
258533
259999
260670
260817
260902
260989
262506
264016
264254
264311
264319
264392
265454
266423
266696
266743
267531
267753
267908
270454
271215
271421
271779
272353
273494
273613
273639
273760
273836
273893
274136
274437
277489
277678
277920
278992
279135
279195
279336
279684
279897
280284
280321
280842
281386
281779
283250
283993
284144
285523
285929
286302
286549
288457
288654
289245
289466
289782
290611
291856
292067
292431
292445
292473
292669
293424
293890
294222
294712
294747
294796
295144
295552
296222
296803
297001
297847
298143
298224
298271
299780
300420
300444
300626
300708
300739
300863
300884
301069
301483
303822
304811
305218
305401
305549
305731
306148
306559
306743
307740
308238
308574
308621
308785
308958
309091
309239
309360
309770
310377
310972
311123
311167
311348
311577
311605
311753
312566
312859
313262
313336
313377
313636
313664
314402
314512
315829
316009
316116
316609
316640
317229
317405
317408
318537
319037
319801
320437
320439
321008
321804
322224
322271
322475
323499
324751
325116
326399
326654
326756
327150
327855
328521
328555
329133
330142
330987
331745
331857
331874
332657
333481
334124
334224
334560
336004
336280
336904
338011
338011
338014
339296
339906
341954
342234
342392
342513
342789
343427
343436
343820
344429
344548
345067
345935
346717
347254
348478
348751
350079
352229
352926
353164
353438
354016
355689
356386
356526
356547
356619
357270
357539
357936
358444
358857
359007
359222
359523
360014
360240
360339
360554
360646
360954
361565
361939
362330
364125
364987
365064
365883
365920
366502
366772
367049
370500
371629
371883
372218
372520
374552
374669
375762
376012
377136
377498
377780
377950
378350
378408
379339
379525
380254
381206
382355
383292
384101
384474
384578
385008
385795
386212
386955
387283
389065
389300
389852
390404
392672
394078
394209
394562
394876
395061
395292
395333
395363
396279
396515
397104
397447
397598
398360
399059
399312
400472
400824
401420
401809
401814
402187
402419
402420
402792
404639
404935
405226
405487
405507
405699
406818
406934
407121
407156
408181
408770
409993
410307
410369
410792
411129
411473
412260
412688
412941
414540
415359
415395
415835
415960
416167
416811
417013
418071
419063
419334
419737
420787
421530
422119
422463
422884
422988
423193
423265
423375
423680
425354
425786
425845
426326
426432
426829
426864
427470
428202
428211
428610
428767
428871
429182
429272
429376
429743
430004
430468
430499
431104
431311
431344
431431
432195
432905
433050
433367
433840
434217
434480
434549
434981
435221
435660
436600
439303
439497
440508
441279
441336
441898
442210
442257
442410
442583
443890
444135
444167
445185
445590
445824
446297
446634
446655
446870
446994
447250
448005
448442
448685
449058
449299
449923
450666
450915
451252
451610
451663
452693
453116
453160
453472
454767
454901
455332
456663
459079
460509
460598
460759
460929
461177
462040
462072
462396
462617
462697
462968
463333
463711
463919
463928
465064
465828
465986
466097
466377
466946
467074
468127
468891
469234
469423
469660
470380
470566
471609
471692
472078
472097
472121
472424
473218
473241
473649
473944
474013
475645
477294
477578
477812
479217
479424
479524
480306
480770
481461
481842
482216
482460
483138
483255
483582
484006
484178
484590
485462
485553
487084
489615
489711
489743
490438
490916
491385
492171
492471
492896
493155
494556
494616
495093
495097
495963
496727
496986
497162
497262
497827
498312
498784