1190
2062
4013
4399
5337
6248
6311
6631
6857
7055
7312
7475
8343
8408
8681
9063
9413
9743
10231
10738
11024
11317
12052
12214
13066
13447
13492
14034
14882
15307
15675
15675
15970
16772
17450
18737
19219
19469
20781
20880
21018
21285
22018
22271
22347
24984
25809
26201
26223
26260
27157
27376
27648
28093
28366
30743
31130
31405
31440
32582
32900
33073
34572
34710
35130
35357
35420
35754
36077
36727
38051
38260
38878
39271
39600
39803
41380
41421
41620
42149
42316
42348
42624
43430
43522
43751
44129
44326
44353
44941
45495
45666
46248
47030
47273
47456
48652
48686
49774
50681
50747
51000
51195
51513
51580
51860
51862
52003
52705
53058
53262
53675
54016
54039
54544
54947
55034
55275
55555
56308
56354
56860
57001
57085
57160
57650
57673
58069
58304
59260
59352
60037
60427
60434
60779
62074
63221
63294
63314
63821
64410
65826
66008
66791
67673
67779
68370
69296
69594
69622
69819
71508
71620
71755
71788
71927
72048
73266
73847
74244
74348
75855
75856
76385
76490
76855
77791
78148
78348
78745
78897
79489
79790
80125
80374
80462
81222
81890
82226
82294
82845
83368
83683
83755
83760
84054
84656
84692
85194
85205
85473
85734
86330
86689
87712
87969
88016
88671
88890
91410
91447
92015
92778
92953
93363
93620
94623
94749
94797
94935
95105
95509
95593
96850
97034
98046
98290
99157
99278
100065
100289
100660
100822
101599
102253
103653
103989
104315
105493
105789
105899
106022
106744
106790
106887
107393
107493
107828
108555
109256
109549
110816
112414
113200
113281
113797
114143
114956
116756
117257
117763
117980
117986
118007
118102
118550
118861
119170
119454
119608
119900
119990
121157
121269
121488
122525
122597
123997
124530
125217
126529
126584
126965
127456
127659
127826
129741
130923
131374
131616
132072
132509
134801
135390
135731
135800
136211
136233
137045
138572
138779
138899
139257
140040
140826
141017
141194
141905
143116
143147
143955
144151
144216
144552
144719
144806
146038
147209
147210
148011
149297
150218
151446
152559
153028
153236
154086
154102
154183
154212
154344
154586
154826
155073
155980
156499
156876
157122
157327
157726
157907
158161
158519
159587
160548
161123
161955
162918
163121
163538
164824
164831
165406
166170
166287
166884
166908
167930
170272
170415
170643
171131
171139
171841
172260
172707
173819
173951
174186
174681
175453
175917
176199
176945
177782
178342
179388
179616
180519
181127
181378
181488
181752
181824
182335
182733
183261
183475
183541
186968
188318
189473
189854
189905
189926
190890
190956
190985
191590
191727
193073
193077
194151
194420
195460
195631
196422
197144
197518
197699
197994
199107
199769
200882
201514
201745
202397
203039
203471
204031
204298
204700
206136
206276
206317
206414
206690
206865
207889
208372
208533
208764
209400
209622
209965
210420
212007
212931
213181
213338
213416
213647
213755
213782
213978
214053
214406
214784
214986
215000
215126
215239
215389
215474
216163
217021
217248
217648
217843
218689
219492
219733
222259
222825
223105
223493
225273
226119
226484
226560
226708
226773
227677
228161
228597
228670
228952
229107
229328
230252
230744
230829
232547
232740
233213
234445
235315
236087
236636
237129
237355
237400
237580
238367
239314
239723
240055
240121
240128
241096
241702
243043
243086
243170
243447
245426
246188
246716
247114
247151
247909
248599
248807
249689
250339
250844
252029
252054
252990
255055
255498
255887
256886
257367
257464
257473
257721
257886
258121
259077
259090
260007
260140
261592
261749
261922
261946
262175
263608
265089
265869
266005
266421
267194
267948
268005
269868
270278
270995
271530
271886
273004
273177
276101
276327
277672
278358
279374
280302
281733
281935
282405
282481
282694
282773
283038
283335
283679
284189
284249
285371
285617
286028
286513
286612
286813
287691
288126
288501
289207
290119
290364
290368
290403
290802
290997
291861
292661
293525
294105
295456
295632
296155
296440
296957
298778
300038
301536
301647
301683
302348
303024
303745
303813
304600
304922
305148
305304
305422
305837
305888
306944
307431
307694
307952
307953
308301
308307
308420
309109
309373
309654
310087
310191
310196
310568
310607
311396
312008
312350
312867
313111
313387
314077
314440
314833
317216
317540
317731
317890
317936
318536
318955
319232
319281
319331
319818
320648
320667
320798
321056
321262
321650
322113
322574
322926
323495
326011
326370
326641
326750
327084
327269
328652
328967
329285
329421
329746
330142
331338
332169
332259
332388
332702
333983
333984
334039
335113
336012
336574
337972
338126
338167
338288
338471
338878
339464
339736
340865
341024
341055
341346
341701
341773
341856
342025
342276
342760
343842
344122
344843
344970
345592
345706
345885
346210
346751
346809
347074
348556
348771
349232
350674
353000
353059
353709
354271
355190
355539
356083
356214
357240
357614
358492
359169
359300
360024
360242
360645
361487
362305
362609
362815
363292
364654
364867
366405
366464
368844
369053
369437
369871
370160
370785
370875
371217
371448
371787
372039
372537
373330
373739
374738
375664
376231
377024
377309
377418
377819
378167
378316
379025
379412
379794
380022
381242
382183
382671
382873
382936
383451
384680
385602
385885
386986
387303
387324
387573
387740
388233
390696
391624
391941
392428
392863
392872
393029
394578
394837
396179
396559
396898
397006
399321
399330
400423
402626
402686
402705
402782
402988
403307
404165
404384
405284
405680
406153
406286
406630
406749
407207
407347
407386
407910
408133
408381
409154
410690
410841
410884
411145
411342
412123
412286
412943
413752
414162
415301
416028
416924
417017
417157
417900
418101
418169
418327
419186
419503
419684
420332
420539
421398
421890
422165
422536
422576
423395
423501
423717
424313
424733
425338
425377
425461
425633
426305
426419
426789
427172
427205
427466
427540
428283
428486
428956
429658
429903
429979
430976
431571
431966
431993
432664
432889
433356
434153
434452
434974
435174
435339
436272
436707
437147
437251
437372
437628
438373
438580
439117
439404
439728
440000
440726
441572
441661
442019
442335
444076
445208
445734
445837
447001
448126
448316
448864
448876
448891
449091
449529
450120
450253
450305
450408
450532
452258
453328
453369
453518
453601
453616
454150
454153
454868
455310
455920
456196
456249
456350
456372
456411
457437
457611
458146
458318
458367
458967
459129
459427
459429
459729
460209
460481
462662
463291
463382
465137
465213
465946
465983
466242
466307
466800
467197
467511
467823
467997
468455
468703
470051
470803
471533
471739
472233
473465
473839
475209
475913
477102
477133
477509
479786
479994
480881
481598
481776
481995
482414
482595
484765
484871
485353
486195
486327
487492
487667
488084
488272
488495
489066
490797
490925
492344
492447
492680
492839
493009
493521
494154
494217
496869
497432
497484
498202
498334
498653
498803
498959
498959
499006
499709