1511
2770
2910
3178
4067
7232
7241
7245
7526
7967
8896
10488
10719
10837
11245
11958
12008
12306
12332
12353
12547
12776
13925
13933
13975
14664
16175
16492
16644
17531
18105
18195
18433
18476
18748
19424
19667
20098
20661
22154
22218
22713
22939
23608
23742
25039
25286
25927
26061
26499
26980
28622
28927
30527
31127
32791
32932
33532
33784
34839
36900
37076
38251
38782
40142
40533
40715
40889
42156
43701
44555
44591
44923
45577
45839
46916
47353
47607
48060
50897
51177
51847
52629
52931
53465
53729
53870
54401
54454
55007
55579
55780
55786
55958
56353
56513
56595
56936
57004
57275
57540
57559
58092
58965
59611
60245
60937
61600
62660
62813
62916
63953
64222
65516
65891
66590
66842
67017
67265
67665
68553
68736
68854
69263
69436
69493
69777
70162
70551
70726
71537
72810
73189
73669
73770
74230
74598
74712
74885
75150
76870
78056
78193
79181
80004
81175
81566
81943
81949
82336
82845
83410
84179
84298
84694
84842
85123
85392
86751
86898
87057
87253
87321
87507
88053
88473
88928
90812
91708
91913
93280
94531
94744
94803
95194
96270
96512
97167
97335
97648
98714
99130
101164
101413
102363
102624
103168
103439
104665
104998
105267
105906
106073
106611
106674
107482
107777
109436
110086
110466
110735
110899
111571
111658
111861
112216
112281
112329
113066
114159
114512
115509
115799
115907
115960
116228
116300
117353
117962
118280
118466
118564
119249
120241
120873
121707
122310
122650
122788
123669
123835
124273
125046
125161
126118
126756
128752
128804
129468
129698
129707
129904
131003
131848
133121
134171
134766
135070
135305
135477
135950
136434
137131
137474
138087
141457
141836
142392
142614
142947
143246
143931
144451
145631
145855
146030
146246
146925
147394
147591
147896
148114
149770
149806
150019
150352
150500
150756
150773
150996
152054
152460
152547
153978
154298
154935
155118
155128
155168
155478
155796
156753
157618
157717
158667
159396
159750
160067
160702
161076
162150
162516
162609
164061
165037
165356
165722
166128
166185
166339
166423
168382
168593
168851
170467
170731
170957
171488
171913
172023
172799
173445
173847
174279
174566
174921
175376
175379
175386
175401
175703
176120
176293
176468
176614
176800
176984
177004
177421
177989
178137
180049
180200
180671
180689
180951
180980
182029
182456
182608
183086
183105
183351
184610
184762
184834
185078
186055
186414
186540
186867
186872
187017
187047
188755
189078
189430
189694
189862
190375
190594
190757
191703
192631
194418
194903
195184
196128
197652
198543
198995
199631
200276
200379
202226
203431
204268
204913
204970
205463
205759
205883
206760
206993
207134
208130
209053
209360
209388
209651
209733
209884
209940
210121
211098
212187
213962
214033
215178
215469
215745
216007
216591
217971
218527
219407
219617
219953
220623
220657
221053
221746
222115
222370
222933
223239
223353
223521
224558
225457
225624
226722
227576
228272
228428
228464
229533
229591
230997
231540
231591
232342
233313
233996
234559
235949
236289
236856
236929
237013
237265
237445
237735
237775
238115
238580
239896
239946
240186
240813
240891
241016
241381
241880
242197
242241
242741
242814
243168
243266
244071
244918
245234
245625
245849
246829
247015
247252
247752
247832
249245
250614
251371
251406
251464
251639
251831
252000
252168
253482
254476
254774
254797
255056
255135
255765
255897
256345
256567
256770
257280
257372
259067
259763
260356
260885
261288
262465
262817
263048
263451
265089
265134
265310
265355
266115
266490
267952
267981
269798
270880
272404
272535
272901
273473
273494
273779
273846
274345
274412
275007
275985
276804
277061
277563
277672
278543
278597
279108
279722
279971
280236
281986
282891
283026
283396
283502
284744
284983
285755
286169
287120
287500
287807
288803
289595
291504
292373
292405
292480
292766
293059
293313
293583
294457
294626
294828
295462
295503
296582
296977
297406
298683
298791
298931
299020
299182
299489
300176
300340
300683
300808
300840
301065
301133
301193
301337
301828
301840
301852
302081
304245
304320
304672
304881
305856
306419
306466
307233
307645
307982
309335
309368
309484
309849
309862
310454
311530
311862
312694
313428
313626
316231
316322
316374
316555
316658
316769
317173
317553
317789
317791
317899
318570
318877
319428
320138
320290
320434
320559
320681
320783
321545
322111
322531
323156
323804
324432
325088
325626
325893
326151
326687
326948
327423
328332
328704
328858
328900
329142
330361
330485
330635
330664
331714
332864
333081
333126
334352
334802
335099
335485
336322
336366
338786
338995
339122
339915
340236
340361
340429
340930
342288
342580
342614
342769
343520
344616
345450
345611
346112
346936
348735
349217
349429
349449
351049
351517
351659
355497
355679
355908
356858
356990
357718
357858
358109
360060
361819
362901
363261
363418
363730
364012
364824
365581
365994
366388
366390
366446
367022
367182
367885
368075
368270
368883
369157
370299
370323
370749
370794
371466
372046
372249
372347
372582
372717
373934
374776
375361
375469
376673
376775
377502
379976
380170
380817
381658
381716
381737
382122
382238
382812
383091
383094
383340
383731
383975
383984
384073
384659
384763
384975
385310
386217
386857
387984
388063
388585
389181
389525
390250
390425
390488
391019
391922
392620
393027
394312
394386
395501
395921
396961
397155
397995
399147
399596
400739
400894
401465
401755
402346
402383
402386
402620
403459
405489
406362
406464
406472
406476
406551
406645
406671
406888
407464
408506
408619
409526
410069
410343
410452
410975
411222
411639
412638
412812
413015
413314
413684
414610
414804
415675
415996
416175
416353
416924
417355
417778
418434
418496
418746
419269
420601
421546
421683
421695
421865
422314
422865
423022
423130
423640
423789
423945
423991
424015
424065
424211
424695
424863
425372
425385
425787
426122
426756
426886
429584
430365
430610
431259
431620
431796
432909
433474
433479
433889
434361
434828
436597
436770
437802
438088
438173
438379
438475
439147
439174
439641
439853
440023
441702
442429
444147
445119
446018
446896
448195
448409
448586
448684
450164
450579
451188
451317
451330
451431
452314
452737
452996
453201
453210
453282
454011
454290
454304
454333
454593
455096
455384
458403
458611
458622
458756
459751
460248
460772
461390
461544
461600
461937
462306
463711
463922
464581
465307
465465
466503
466742
467272
467482
467514
468030
468252
468502
469472
469522
470157
470406
470482
470525
471025
471542
471685
472662
473615
473670
474080
474388
474620
474878
475564
476177
476577
477057
477444
479403
479515
479721
480103
480131
480397
480557
481316
481579
481682
483920
483979
483980
484400
484594
484677
485079
485138
485286
485326
485586
486090
486334
486625
487186
487991
488180
489938
490309
490723
490862
491188
492063
492625
492821
493054
494636
494703
495272
495606
495693
495706
496641
496862
497324
497528
497813
498021
498214
498626
498995
499429
499814
499971