1586
1689
2206
2541
2664
3371
3612
4050
4140
4360
4918
5141
5610
6371
6383
7426
8546
9909
9968
10107
10471
10587
10611
10687
11091
11555
12798
12855
13948
14418
14647
14711
14933
15245
16346
18043
18068
18526
19039
19528
19856
20602
21114
21522
22371
22716
23236
23405
23950
24745
24902
25485
25601
26295
27407
27635
28194
28383
28774
28786
31410
31447
32133
32138
32990
33437
33452
33657
34116
34768
35038
35443
35834
35843
36107
36206
36877
36961
37518
38275
38511
39218
39412
39416
39883
40219
40349
41170
41560
41683
42587
42640
43092
43676
44494
44643
44974
44989
45098
46812
49521
50450
50882
51701
52426
52617
52822
53454
54086
55140
55878
56036
56333
56715
56786
57163
57419
58164
58278
58420
58428
58747
59429
59437
59774
60627
61573
61796
61797
63078
63302
63527
63615
63928
63958
65839
65927
66106
66158
66811
67064
67410
67851
68071
68139
68324
68389
68704
68783
69457
69822
69908
70321
70608
70643
70960
71191
71928
72930
73128
73911
74654
74694
75287
76322
76577
77000
77926
78374
78671
78883
79021
79107
79182
79197
79245
79525
79585
79609
80058
80307
80589
81533
81733
81811
82080
82383
82843
84697
86338
86965
89032
89039
89421
90993
91005
92323
92998
94552
95466
95607
95748
97203
98411
98432
98856
98918
99588
101979
102242
102680
102921
104857
104903
106523
107481
107930
107946
108218
108276
108776
108837
109020
109390
110773
112562
112671
113150
113442
114204
114514
114791
115977
116962
117057
118421
118541
119820
119863
120510
121861
122165
122559
123918
124253
124259
124440
125048
125279
126003
127495
127943
127954
129109
129861
129994
130217
130452
131555
131595
132838
132937
133015
133353
134917
135254
135388
136400
136617
136729
137078
137918
138637
139037
140187
140382
140520
140815
141343
141424
141543
141790
141819
142863
144429
144981
145033
145066
145103
145291
145310
146013
146179
146510
146823
147203
147865
148015
148396
148408
148417
148485
148668
149723
150024
150221
150511
151028
151854
152258
152343
152565
152695
153383
153742
153929
154342
154709
154765
154887
156935
157551
157719
157893
158009
158362
159119
159598
159779
159987
160116
160729
160832
161071
161990
163924
164241
164284
164306
166828
167095
167447
167925
168547
169946
170084
170176
170572
170732
173187
173664
173805
174330
174464
174502
174577
174909
174932
175222
175889
176301
176646
176979
178121
178311
178504
179047
179262
180470
180603
181045
181118
181615
183119
183191
183493
183845
183919
183984
184830
184928
185290
185370
185627
186429
187529
188052
188177
188618
188655
189853
190101
190117
190545
191586
191737
191803
192462
192895
192988
193819
193956
194116
194214
195326
195624
195903
196858
196935
197120
197871
198505
198770
198823
199106
199172
199985
200835
201152
201243
201633
202063
203110
203245
204152
204500
204502
204568
204598
205264
205668
205712
205745
206385
206469
207514
209591
209849
210024
210078
210463
212576
213138
213818
213830
215470
215757
216391
216975
217108
217813
218210
219151
219400
222739
223786
224244
224538
224823
225254
225498
225578
225660
225998
226303
226563
226969
227078
228351
228467
228552
229110
229682
229713
230360
230464
230867
231005
231638
231975
232991
233226
233227
233639
233894
234432
234444
235093
235439
235760
237009
237468
237575
237637
237828
239590
240398
240530
240927
242357
242740
243148
244262
244413
244759
244978
245577
246447
246858
247681
247801
248063
248339
248802
249046
249080
249084
249414
249571
249786
250433
251201
251572
253068
253957
254874
255528
256143
258552
259236
260624
261040
261649
262219
262554
263804
263997
265055
265392
265578
266239
266329
266618
268128
268574
268673
268845
270210
270638
270888
271732
271863
272166
273010
274057
274389
274461
274729
275796
276359
276970
277305
278360
279462
279586
279883
280160
280590
280831
281200
281661
282237
282381
282675
283022
285113
285382
285662
285825
286738
286809
286877
286994
287899
288419
288810
289130
289336
289378
289630
291488
291951
292851
293131
293349
294952
295164
295348
295831
295859
295871
296213
296440
296707
297838
298590
299215
299865
300308
301036
301107
301397
301517
301673
303963
304224
304383
306678
307303
307458
308325
309014
309543
310360
310675
311299
311463
311602
312129
312260
312552
312592
313407
313805
314496
314862
314898
314928
315101
315524
316237
316484
316983
317220
318023
318924
319075
319080
319532
319941
320399
320855
320857
320939
321521
321982
322281
322411
322647
322740
322954
323005
323162
323877
323902
324073
324258
324376
325141
325474
325609
325745
326737
327276
327876
327901
328720
330728
330863
331042
331383
331715
332896
333237
333948
334607
334794
335854
338003
339187
339403
340002
340521
340734
341304
342225
343446
343505
343578
345321
347141
348076
348081
348658
349103
349220
349553
350142
350235
350275
350376
350892
352620
352761
353497
354229
354506
355873
356218
356313
356496
356768
356919
357756
357766
358564
358608
358647
358967
358968
359801
359995
361081
362025
362363
362750
362993
365083
365566
366311
366342
366648
367094
367317
367415
367520
367671
367965
368275
368576
369400
369438
369716
370192
370798
371892
372398
372812
372972
373955
373970
374758
374916
375235
376560
377034
377144
377332
377557
378000
378434
378538
379550
380097
380223
380566
380665
380956
381425
381611
382746
383414
383565
385256
385688
386130
386492
386636
387408
388128
388196
388251
388811
389144
389260
389383
389710
389928
390332
390573
390860
390880
390914
391663
392424
392638
394627
394809
395470
395907
396258
396620
397458
398265
398692
399894
400442
400642
400730
401289
403166
403320
404235
405282
405900
406230
406352
407113
407300
407802
408425
408874
409995
410036
410259
410548
411874
412779
413025
413329
413877
414729
414841
414982
415121
415549
415666
415979
417350
417514
417816
418372
418483
418528
418684
418856
419149
419388
419419
421024
421384
422065
422272
423070
423379
423562
423883
424447
424568
425862
426816
426821
427827
428124
429154
429243
429423
431211
431271
432218
432296
432444
432451
433774
433785
435115
435271
435525
436664
437695
439959
440032
440996
441891
442782
444208
446477
446692
447607
447967
448112
448460
448812
449443
449585
450028
450463
450701
451534
451568
451941
452084
452291
452442
453043
453210
454223
454498
455651
456641
456733
456803
456956
457044
457436
459357
459374
459811
460446
462672
463058
463692
463975
464431
464659
464754
465100
466320
467193
467419
467596
467796
467993
468015
468422
469782
469877
469929
470661
472622
473650
473799
474728
474736
475543
476731
477623
477665
478087
478881
480573
481243
482039
482130
482766
484945
485378
485385
485651
485805
486151
486478
486839
487908
488859
489137
490234
490927
491082
491609
491692
492068
492151
492198
493586
493708
493811
493849
494226
494330
494682
494751
494830
494856
496636
497143
498403
499308
499515
499620