988
1423
1576
2227
2492
3143
3557
4013
4898
5815
6263
6653
6752
7732
8141
8385
8578
8617
10386
10560
11174
11238
11954
11998
12005
12608
12866
15019
15346
15978
18361
18941
19622
19709
19820
20262
20716
21014
22686
23151
23333
24322
24723
24885
25335
26088
26148
28217
29416
29840
29928
30851
31600
31626
32572
32991
33960
34304
34562
34604
35674
36141
36344
36408
37329
37399
37829
38345
38361
38559
39210
39375
39595
39931
40040
41285
41529
41780
44263
44376
44421
44729
46077
46475
46690
46692
47303
47425
47674
47812
48121
48457
49327
50185
50599
50665
51157
51172
51708
51857
52812
52833
53749
54740
55125
56397
56714
57429
57917
58310
58444
58554
58765
59818
60484
60600
62597
62767
63897
63980
64372
64947
65390
65419
65700
65718
66180
66438
67503
67779
67875
68124
68912
68927
69874
70738
71648
71806
72337
72780
73484
73984
73986
74863
75463
78298
78489
78594
79157
79674
79947
80310
80564
80779
80872
81395
81771
81914
81974
82199
82235
83146
83266
83336
83543
84567
84788
84964
85047
87245
87270
88021
89083
89588
89716
89735
89839
90165
90295
90612
91445
92883
93863
94194
94263
94724
94951
96060
96150
96421
96639
97860
97991
98100
98169
99354
99646
100052
100690
101069
101126
101378
101831
101831
101890
103040
103364
103783
104532
105421
106014
106531
107008
107026
107154
107488
107721
108765
110045
110223
110778
111320
111345
111535
111895
113205
113682
114341
114368
115024
115987
117233
117278
117458
118325
118922
119462
119565
119609
119818
120458
120940
121345
121727
122482
123074
123681
124018
124400
124995
125079
125082
125592
125727
126948
127362
127738
127966
129042
129220
129660
129902
130101
130623
130727
130743
130796
130815
130934
131215
131452
131604
132951
133008
133288
133464
133556
134060
134159
134566
135341
135635
136479
136713
136931
137926
138289
138520
139226
139275
139314
139382
140498
141380
141679
142317
142527
143403
143542
144407
144713
145194
146730
147141
147458
148035
148523
148639
149514
149892
150090
150417
150499
151100
151372
151848
152304
153194
153194
153580
153776
155053
156160
156179
157251
158116
158473
158650
158962
159261
159547
159627
160417
161446
161791
161806
162694
163065
163224
163881
164707
164985
165416
165783
166463
167139
167758
168282
169203
169421
169617
169861
171076
171138
171155
171169
171382
171809
172001
172047
173027
173645
174885
175017
175760
176660
177767
177859
178257
178450
178613
179536
179927
179945
180092
180319
180477
180792
181326
181929
182774
183619
183998
184583
184975
185123
185127
185251
185961
187290
187671
188130
188733
188874
188886
189913
190556
190588
191364
191871
191981
192205
192365
192742
192753
192764
192939
194657
194803
194838
194847
196148
196435
197629
198590
199065
199293
199836
200268
200703
201512
202472
202510
202578
203199
203544
204298
205325
205525
205841
206054
206208
208789
212110
212965
213039
214392
215481
215629
216168
216732
216854
218168
218759
219581
220343
220946
221658
221736
221978
222065
222503
223407
223683
223851
225811
226393
226724
227228
227780
228213
228804
228816
229610
229760
230474
230864
231199
231717
232236
232330
233692
235217
235635
236214
236526
236851
236899
237015
239302
239675
240603
244552
244831
244987
245319
246193
246361
246750
247206
248337
248741
249164
249790
249886
249938
250142
250255
250409
250729
251009
252321
253060
253066
253758
254888
255313
255866
255867
256895
256958
257243
257737
258163
258356
259215
259243
264754
265074
265240
266160
266612
266787
266820
266973
267118
267455
268168
268189
269366
270665
270669
271033
273256
273956
274175
274656
274841
274901
275979
276030
276243
276360
279003
279290
280106
281220
281377
281746
282536
282775
283087
284421
284681
285035
285072
285141
285334
285870
286797
286829
286867
286941
286956
287009
287162
287389
287641
288582
288585
288825
288961
289226
289305
289404
289405
290459
290883
291169
291896
291995
292194
292805
292933
292979
294236
294916
295082
295193
296150
296647
296807
297085
297896
299538
299586
300546
300674
300814
301810
301967
302265
303075
303108
303246
303344
303844
305208
305302
305345
305531
307465
308159
308363
309172
309618
310918
311729
313122
313629
313741
314718
315025
315166
315563
315940
316538
317334
317363
317936
318052
319946
320550
321063
321109
321174
321228
321713
322028
322438
322715
322954
323690
323798
324421
324775
325357
325404
325607
325975
327595
327955
328159
328330
329710
329911
330673
330742
330926
331413
331531
332501
332951
332956
333550
333578
333709
334355
334832
335172
337012
337650
338034
338349
338651
339539
339646
340671
341244
341484
342039
342161
342437
342769
343306
344531
344545
344924
345147
345464
345962
346523
346656
347776
348451
348477
349167
349246
350266
350403
350411
350778
352076
352416
352734
352906
353483
353890
355737
356922
357083
357251
358221
358936
359077
359284
359581
359701
359711
359732
360204
360460
360777
361029
362931
363039
363158
363821
365047
366780
367301
368100
368960
369755
370772
370793
370926
370943
371204
371323
372011
372367
372892
373992
374290
375909
376505
376548
377284
377555
377765
377893
378681
379154
379347
379839
380014
380071
380282
380680
380992
381064
381965
383101
383271
383324
383540
383650
383854
384230
384762
386529
386626
387188
387226
387493
388038
388761
389678
389799
390227
390657
391079
391848
392859
393387
393921
394722
394900
395601
395735
396082
396615
397003
397967
398591
398700
399538
399966
400471
401247
401419
402376
403268
403308
403693
403766
403845
403963
404291
404900
405266
405414
405719
406447
406555
406904
407518
407950
408342
408903
409535
409647
410300
410480
411155
411450
411517
412186
412421
412724
412837
412939
413328
413661
414302
415389
415628
415889
415957
416060
417118
417636
417876
417900
418199
418545
418820
418873
419312
419610
419611
419715
420190
420317
420895
421543
422559
423781
424037
424584
424631
425916
425948
426505
427126
429696
429887
430460
430572
432298
434371
434538
435894
436315
436760
437029
438039
438161
438591
438691
439325
439854
441584
441815
441995
442450
443289
443536
443824
444080
444156
446456
446659
447014
447152
447229
447974
448079
448410
449273
449714
450054
450263
450352
450544
451243
451565
452170
453969
454000
454141
454522
455008
455178
456008
456968
456983
457597
458525
458782
459081
459103
459388
459403
459466
459594
459885
462566
462571
463883
464591
464670
465612
467505
468609
469900
470493
471163
471480
471669
471708
471879
472059
472123
472461
472648
472697
473349
474465
474559
475369
475579
476220
477015
477539
478676
479318
479457
479813
480964
481386
481666
481746
482257
482485
483560
483816
484307
484435
484959
484980
485112
485722
485754
486401
486998
487276
487646
487733
488713
488919
488985
489383
489403
489737
492165
492252
493049
493311
493805
495213
496104
496296
496458
498063
498384
498513
498866
499115