121
417
483
893
1684
2337
3918
4029
4332
4506
4529
4674
5200
5721
5832
5992
7948
8235
8713
9073
9187
9593
9873
10478
11217
12125
12147
12274
12597
13245
13514
13559
13846
14077
14460
15055
15239
15719
15787
15995
16730
17313
17339
17682
18108
19695
19737
20490
20590
21192
21346
22644
22715
22993
23012
23225
23385
23737
24969
25099
25309
25505
26463
26545
26753
27809
28637
30580
30723
30784
31170
31177
32123
32325
32895
32926
33500
33547
33945
34347
34383
34479
34935
35172
35395
35787
36504
36508
36972
37717
39414
39648
39782
40071
40837
40999
41034
41511
41978
43995
44021
44208
45257
45495
45499
45668
45800
46476
47724
48843
49513
51439
51532
51899
51998
53286
55793
56497
56985
57046
57240
57860
58446
59666
60493
60513
60852
61256
61811
62011
62257
62626
62814
63423
64548
65637
66618
66800
66812
66812
68114
68660
68695
68724
70674
70918
71233
71855
72384
72417
72901
73223
73720
74851
75293
75903
75932
77039
77078
77247
78003
78393
78762
79007
79688
79751
80136
81527
82435
82587
83127
84729
84860
85276
85485
85932
86509
86803
88062
88193
88739
89127
89650
90664
91178
91516
92175
92620
92695
92901
93469
93630
93978
94141
94416
95574
96525
96662
97880
98814
99335
99347
99518
99611
100206
100209
100917
101179
101185
101619
101619
102199
102738
104068
104260
104514
105252
105325
107505
107837
108449
108727
109756
110232
111337
111553
111948
112098
113329
114008
114190
114327
114712
114959
115505
116380
116634
116771
117313
117622
118863
119540
119672
119763
120000
120822
120885
121361
122169
122232
123087
123665
124484
125315
125553
125883
126279
126542
126681
126729
126886
127219
128282
128427
129329
129448
129612
129645
130233
130540
131035
131422
131434
131623
131718
134327
134911
135843
137182
137338
137912
138325
139047
139210
139476
139594
139987
141275
142326
142379
142639
142780
143372
143419
143437
145126
145485
145701
145952
146032
146058
146130
147160
148455
148542
148855
148890
148907
149057
149235
149321
149357
149740
149891
149951
150009
150477
150700
151230
152524
153261
153951
154817
155622
156092
158216
159432
159511
159677
159707
159867
160428
161536
161726
161882
162155
162332
164676
165097
165160
165394
167176
167180
167661
168863
169439
169512
169970
171248
172291
173079
173515
173810
173912
174974
175091
175119
175305
175653
175888
176125
176621
176834
178378
178511
179110
179983
180412
180710
180847
181884
182166
182828
184070
184974
185106
185261
185604
185616
186925
187666
188668
189198
189643
190401
190513
191327
191469
191792
191811
191843
192240
192584
193096
193393
193488
193984
194450
194776
194929
195046
195079
195870
195904
195983
195988
196574
196604
197463
197690
198302
198877
198945
200357
201645
202565
202583
203375
203753
204306
204564
204610
206427
206551
206870
206977
207390
210464
210490
211817
213006
213634
214202
215184
215252
215575
215707
215912
216361
216498
217434
218915
219032
219179
219520
220046
220724
221550
221924
222047
222704
222742
222758
222763
222796
224291
226169
226855
227299
227378
227647
227751
228011
228420
228591
228659
229062
229879
229967
230487
231596
231663
231750
232512
235299
235766
235862
236066
236728
237395
237549
237730
237798
238120
238238
238303
239113
239204
239599
241082
241245
242731
243243
243295
244799
245461
246102
246914
247029
247508
247540
248106
248496
248588
250380
250474
251349
252718
252772
252816
252859
254194
254710
255235
255606
255996
258053
258200
258255
258910
259037
259444
260082
260238
261042
261974
262023
262888
263435
263666
263926
264288
264928
265189
265975
266659
266701
267134
267510
267673
268094
268189
268405
268619
268906
269227
269976
270694
270927
271105
271919
272010
272469
272830
273199
273344
274189
274304
274689
275152
276208
276529
276837
277777
279342
280298
280414
280488
280721
280814
281296
281664
282152
282309
282527
282710
283241
284380
285176
285639
285759
285788
287146
288401
288644
288779
288986
289463
289612
289961
290027
293568
293650
294589
294940
295532
295700
296174
296257
296768
297172
297200
297334
297366
297693
297759
299395
299789
300045
301958
302075
303447
303909
304611
305124
305437
306891
307630
307788
308102
308516
308800
309204
309415
309422
310194
310331
311786
311805
312510
312668
313020
313450
313788
314129
314681
314811
315051
315083
315757
316291
316497
317484
317692
318498
318946
319183
320856
320895
320999
321498
321547
321574
322183
322254
322761
322957
323504
323625
324092
324208
324258
324627
328504
329320
329358
329455
330155
330627
330885
331510
331932
332741
333910
335709
336210
336477
336790
336851
337142
337311
337426
337435
338114
338619
338813
338881
339580
340141
340494
341204
341492
341641
341906
342299
342830
343282
343764
344019
345180
345610
345879
345958
346217
346841
347119
347714
348699
350135
350262
350920
351034
352150
352235
352872
353441
354689
355071
355174
355477
356213
356783
357165
357488
358372
358518
358678
359156
359663
360402
361643
361704
361730
361779
362572
362910
363363
363766
363792
364771
364842
365727
366234
366580
366616
366840
367975
368442
368914
369832
369904
370416
370504
373326
373391
373646
374174
374291
375637
376482
376618
376915
377432
377534
378517
378981
380141
380149
380282
380376
380396
381000
381917
382486
384443
384909
385586
385680
386327
386393
386623
387003
388221
388660
388935
388990
389117
389633
389700
389718
389721
389993
391479
391532
391552
391835
391837
392350
392743
393349
394856
395096
395912
396510
397305
397766
397934
398113
399069
399843
400075
400703
401025
401031
402483
404568
404900
405293
405997
406254
406967
407538
408402
408527
408905
409412
410053
410159
411712
414782
415078
416676
417203
417567
418248
418776
418910
420175
422339
422578
422679
423170
423344
423580
423812
424000
424044
424331
424470
424680
424846
424868
425124
425622
427406
427900
428368
429560
429566
429818
429861
430709
431590
432011
433084
434043
434102
434167
434430
434781
434826
435800
436152
436687
436830
438191
438340
438396
438722
439022
439157
439289
439300
439576
439650
442481
442956
442981
443104
443498
444535
445257
445730
446169
446635
448738
448799
449399
449474
450422
451127
451216
451694
452424
452563
453310
453608
454272
454299
456278
456959
457148
457178
457282
457645
459800
459925
460132
460498
460639
460827
461310
462262
462357
462652
464309
464333
464514
465206
466430
466542
467746
468946
469187
470092
470409
470588
471507
471598
472066
472302
473240
473575
473881
474366
474648
474992
475069
475141
475815
476405
476422
477222
477467
477743
478034
478243
478357
478588
478716
479037
480079
480095
480434
480633
481636
481863
481937
483602
484305
484796
485916
486049
486415
487038
487152
489280
489451
489691
491531
491837
492434
493000
494096
494784
495403
496506
496675
496701
496809
496961
497236
497535
497687
498140
498305
498879
498939
499027
499620