359
655
700
1559
2564
3084
3159
3237
4244
4626
4806
4927
5376
5571
5574
7213
8043
8203
8886
8971
10046
10137
10675
10892
11462
11825
12236
12599
12702
12853
13041
13525
14091
14789
14857
15284
15435
15867
16772
16915
16936
17279
18200
18746
19119
19165
20924
20989
21350
21926
22453
22626
23265
23548
23750
23816
24526
25147
26600
26832
27097
27284
27471
27922
28985
29891
30068
30563
31809
31902
31969
32868
33053
33801
33977
34217
34390
34432
35086
35933
36285
37562
39418
41354
41519
41604
42111
42395
42588
43307
43711
44030
45797
46458
46577
46765
47476
47672
47907
48518
49138
49336
49489
49518
49690
49714
49935
49937
50783
51932
52475
52604
52637
54593
54721
55014
55292
55323
55490
55774
55976
56683
57006
57083
57119
57577
58333
60690
60896
61159
61525
62685
63112
63725
64790
65043
65130
65836
66250
66454
67011
67560
67570
67955
68744
69395
69547
69906
70023
70178
71615
73011
73312
73366
73608
73718
73883
74016
74036
74199
74205
74344
74895
75883
76509
76721
77141
77515
78308
78432
78815
79269
79618
80546
80709
81710
81873
82823
82877
83202
84776
85180
86142
86579
86843
88453
88639
89615
90454
90910
90985
91053
91533
92215
92470
92846
93504
93978
94309
95072
95119
95588
95590
95754
96062
96148
96728
96915
97416
98460
99384
100263
101833
102029
102188
102743
103017
103437
104249
104364
104445
104714
107815
107927
108038
108721
108907
109361
109776
109921
110472
110794
111427
112485
112883
113833
114002
114035
114716
114817
115122
115910
116120
116662
116945
117260
118481
118769
118896
118972
120678
122349
122501
122964
123177
123395
124668
125450
125576
125939
126366
127336
127341
127625
127690
128201
128276
128395
129341
130824
131625
131665
132174
132282
133054
133170
133848
135137
136630
137215
137488
137785
138257
138956
138990
139101
139909
140734
141445
142250
142265
143023
143297
143325
143765
143835
143886
144325
144703
145412
146070
146077
146184
147500
148765
149079
149349
151578
151663
152137
152206
152900
153071
153802
154079
154569
154588
155230
155250
155396
155830
155874
156007
156048
156323
156453
157784
158477
159539
160285
160626
161164
161705
161812
162135
162564
162838
162840
163360
163840
164351
164670
164782
164907
165820
165948
166111
166205
166276
166929
167014
167118
167302
167494
170091
170407
170812
170837
171822
172301
172332
174262
174333
174474
174544
174659
175202
175408
175561
175851
176235
177822
178304
178484
178621
179823
180528
181387
181607
181668
182270
183494
183536
183753
183870
183908
184826
184880
185413
185487
185523
185583
185702
185714
185960
186980
187645
187701
188308
189081
189085
189630
189826
189842
191565
191704
192084
192756
192828
193616
193715
195571
195693
195958
196561
197421
197916
198922
199001
199540
200285
200387
200402
200459
200616
201071
201900
205040
205825
206926
207500
208090
208291
208425
208752
209118
209146
210066
210549
211024
212336
212417
212656
213041
214190
214233
214254
214683
215061
215341
215438
216372
217154
217253
217423
217975
218460
219147
219905
220241
221054
221225
222446
223152
223329
223889
227613
227936
228418
229678
229705
230215
230494
230685
231557
231841
231845
231913
233719
234654
235201
236291
236372
236535
236618
237224
237297
237426
237752
239066
239407
239602
240014
240611
241352
242300
242544
242551
242728
242928
243635
244615
245639
246510
246993
247711
247795
247965
248059
248163
248377
249780
250074
250456
251054
251488
252386
253274
253327
254486
255651
256032
256455
256666
257231
257554
258986
259293
259351
259561
259831
260004
260011
260075
260638
261222
262310
262477
262707
262814
263239
263626
264112
264525
265227
266880
266988
267323
267686
268131
268902
269444
270059
270921
270956
272047
273025
274166
274498
275555
275671
275711
275909
276601
276926
278644
281322
281718
282631
282670
282777
282817
283653
284095
285570
287128
287444
287485
287913
289551
290098
290763
292020
293471
294379
294863
294879
295740
296097
296712
296760
296774
296826
297644
298214
299016
299176
300231
301038
301110
301145
301193
302259
302955
303953
304248
305499
305576
305854
306121
306215
306239
307191
307813
307934
308784
308848
309313
310522
310922
310965
311704
313165
313231
314109
315151
315257
315375
316378
317516
317583
317888
319167
319851
319877
320182
320265
320328
320638
320930
321234
321967
322075
322571
322576
322678
323397
323776
324086
324175
324581
324591
326791
327304
327690
328178
328771
329467
330034
330274
330302
330357
330962
331296
332288
333498
333547
334159
334675
335063
335814
336308
337280
337794
337981
339717
340072
340605
341725
341739
341914
343009
343080
343306
343431
344888
345056
345983
346099
346100
346319
347287
348053
349646
349891
349952
350084
350412
350458
352250
352297
352684
352820
352857
353497
354379
355509
355632
356954
357103
357233
357767
358362
359761
360372
360666
360685
360729
360832
361601
361751
361891
362875
362989
363225
363341
365163
365198
365688
366062
366108
366516
367412
367702
368072
368235
368703
368703
369481
369671
370215
370289
371026
372920
372931
373113
373914
374359
374383
374587
375678
376211
376844
377116
378926
379373
379829
380212
380396
381110
381160
381603
382185
383204
384594
385216
385257
385445
386339
386356
387543
387684
389239
389269
390193
390518
391201
392090
392182
393027
393649
394678
394731
395239
395567
395603
396566
397253
397361
398511
398597
398765
399077
400187
400891
401862
402090
402304
402535
403303
403306
404411
404753
404942
405553
405902
406031
406357
406948
407355
407981
408378
408786
408944
409430
409835
409967
411126
411573
411603
412044
412615
412783
413219
414786
415874
416332
416483
417150
417820
418095
418137
419663
420156
420159
421266
422050
422749
423246
423530
423756
424574
424956
425119
427261
427442
427697
428236
428239
429027
429057
429175
429251
430177
430404
430479
430527
430637
430993
432312
432476
432489
434180
434695
434977
435368
435458
435484
436535
436855
437035
437676
438128
438731
438819
439317
439724
440376
440797
440930
441446
443400
443878
443997
445060
445643
445700
446521
447809
448020
448697
448959
450370
450616
450854
450963
450966
452572
452950
453315
453352
453552
454764
455196
455471
455896
456252
456313
456593
456839
457197
458482
458763
458817
459378
459487
459690
461131
461590
461701
461892
461910
462630
462777
463976
463976
464499
465403
465526
465846
466242
467250
467704
467926
468064
468267
468923
469481
469537
469872
470349
470479
470548
471475
471633
472678
473245
473957
474214
474489
475234
476372
477696
477774
477796
479302
479383
479411
479500
479541
480704
480863
481463
481508
483237
483271
483401
483550
483980
484032
484190
486309
486372
487099
487697
488095
488139
488871
489629
489704
490096
490104
491408
491966
493738
494016
494099
494131
494289
494862
495314
495395
495720
495960
496163
496611
497180
498156
498494
498816