33
451
765
801
1156
1658
1976
2086
3800
4456
4471
5147
5816
6356
6425
6790
8476
8839
9007
9575
9624
10174
10245
10357
12365
13691
13959
14189
14630
15252
15334
16375
16753
16845
17335
17585
17809
18055
18271
18839
19187
19654
19728
20435
21676
21726
21801
22014
26557
26699
27116
28460
28545
28913
28962
29076
30166
30469
30666
30976
32463
33350
33620
34031
34141
35273
35417
35838
37488
37580
38000
38009
38222
38343
38754
39148
39275
40657
41179
41340
42266
42997
43707
44541
45597
46270
46324
46906
46910
47622
47640
47792
50052
50197
50216
50721
51029
51223
51640
51691
53558
54627
54814
55171
55858
56768
57608
57767
58071
58311
58563
59572
61573
61799
61882
62170
62463
63167
63557
63847
64633
65364
65623
66561
67981
68378
68775
69645
69931
70009
70472
70483
70941
71459
73887
74446
74504
74504
74557
74596
74646
74814
76050
76061
76367
76698
77032
77075
77175
77466
77510
77662
78554
78913
79195
79247
79300
80433
80646
81992
83637
83980
84757
85612
85701
87251
87745
87856
88220
88685
89587
91140
92555
92886
92955
93517
94263
94296
94422
95131
95375
95545
96433
96918
98631
99254
99317
99386
99540
99901
99956
100002
100128
100562
102094
102771
102904
103561
104206
104543
105235
105847
106200
107131
107392
107439
109055
109168
109624
110595
110656
111167
111328
111433
111588
113606
113852
114564
114869
115392
115648
115947
117008
118080
118265
118525
121943
122066
122328
122927
123964
124332
124444
124632
124910
125080
125120
126800
127288
127940
128037
128073
128767
129450
130364
131223
131383
133570
134213
136049
136281
136609
137298
138057
138097
138530
139358
140207
140847
140894
141118
143065
143888
143927
144341
144360
144479
144484
144558
144600
144984
145031
145088
145344
145710
146566
146981
147365
147798
147996
148036
148131
149257
149908
150356
150605
150665
150723
150867
151071
151362
151377
152607
152930
153409
153544
154063
154281
154917
155358
155584
155635
157246
157309
158250
158308
159063
159195
159640
159709
159871
159951
160831
161082
161334
161432
161898
162002
162187
162801
162886
162890
163664
164539
164614
164772
165411
165544
167128
168880
170301
170423
171032
171110
171450
171750
172110
172363
172603
172622
172656
173217
173446
173555
173610
174618
174743
174797
175939
176683
176779
177579
178110
178341
178663
179765
179795
180250
180863
181400
181480
182575
183261
183422
184859
184892
185606
185615
186405
186505
186840
187724
187913
187915
188269
188402
188443
188489
188643
188646
189311
189539
190060
190445
191241
191425
191511
192311
193477
193800
194496
194922
195141
195595
196690
196823
197288
197290
198036
198377
198748
199700
199979
200422
203413
203671
203814
203935
204540
207241
207502
207536
207838
208041
208240
210498
211264
211564
211621
212097
212442
212649
218029
218438
220379
221226
221598
222090
222532
222605
223013
223981
224167
224283
224607
224977
225904
226911
227001
227066
227230
227379
229296
229318
229334
229396
230059
230531
230819
230834
231751
232152
232411
232434
232997
233887
234095
234105
234232
234658
236052
236315
236340
236410
237027
238404
238572
239170
239246
240197
241299
241380
241457
241566
242163
243305
243620
243815
244942
245249
245701
245788
245927
246011
246157
246404
246831
247198
247454
247847
247957
248034
249103
249793
250034
250099
250378
250915
251651
251767
253142
253282
253438
255384
257260
257400
257913
258262
258330
258590
259099
259116
259481
259722
259990
260707
261056
261177
261571
262559
262626
263554
263871
263888
263959
265752
266412
268053
268203
268555
268759
269517
269524
269731
270670
271058
271465
271925
272419
272790
272840
273182
273415
273504
274360
274986
276589
277499
277874
279562
279880
281147
282877
283519
283729
284151
284186
284293
284829
285548
286400
286806
287038
288548
288549
289780
290303
291504
291567
292811
292820
293242
293678
293859
294670
295913
297306
297511
298567
298618
298703
299195
299563
300904
302643
302957
303088
303160
303246
303332
304240
304928
305353
306325
306453
306692
308360
308472
308497
309417
309458
309994
310926
311356
311877
313005
313229
313997
315444
315624
316583
317652
317861
318762
319102
319730
319786
320363
320816
321378
321393
321770
321958
322168
322583
322614
322867
323181
324652
324746
325973
326171
326634
326800
327910
328132
328358
328513
328967
329518
329786
330304
331041
331627
331962
332706
332751
332946
333607
334723
335843
336235
336584
336797
337807
338090
338106
338253
338355
339570
339616
340005
340292
340536
340608
341364
341882
342244
344094
344298
344576
344612
344669
346013
346037
346444
346444
346924
347269
347448
347635
347698
348816
350622
351637
351870
351921
352278
352617
353342
355632
356676
356777
356903
356976
357153
357181
357486
358612
358651
359454
359632
359836
360880
360970
361000
361168
361417
361561
361742
362113
362585
362770
363053
363340
363445
365029
365399
365629
366577
367625
368139
368160
368279
370918
371149
371861
372086
372126
372763
372805
373069
374737
375139
376160
376510
377420
378872
379479
379664
379824
380770
380887
381376
381538
382941
383051
383773
384377
384454
384723
385002
385013
386278
386766
386916
387083
387361
388391
388409
388514
388594
388719
388887
389080
389489
389648
389673
390068
390358
390579
390689
392784
392891
392945
393296
393603
393899
393987
395859
397487
397898
398781
398962
399099
399344
399462
399569
400431
400666
400868
401402
402309
402314
402501
402734
402748
402963
403414
404024
404159
404524
404604
404644
404699
404903
405627
405746
406823
407366
408902
409930
410162
410572
410639
410657
410708
411104
412430
413202
413537
414674
414831
414890
415111
415268
415450
416510
416980
417688
418818
418831
419181
420735
421155
422622
422935
423225
424490
425042
425279
425404
425733
425851
426097
426755
426818
427073
427075
427393
427598
428467
429206
430097
430318
430490
430806
431561
431661
432085
432149
432665
433553
433926
435888
437297
437410
439344
439628
440656
441015
441036
441328
441422
441467
442886
444306
446071
446231
446355
446565
446742
446883
447651
447878
448447
448579
449032
449080
449811
450031
450640
450807
451779
451805
452204
452283
452631
453764
454500
455125
455339
455474
456596
457573
458532
459141
459447
459865
460306
461296
461419
462307
462695
463548
463700
463742
463929
463945
464437
465037
465139
465211
465597
465855
467164
467187
468052
468386
468584
468660
469434
469837
470986
471310
473204
473516
473759
474142
474949
475011
475503
475656
476324
476376
476428
477379
478254
478556
479036
479241
479649
479833
480778
480929
481636
482072
482848
482938
483530
484008
484179
484683
485028
485065
486132
486183
486250
486489
486973
487063
488884
488984
490094
490190
490710
490951
491147
491827
492410
493258
493301
493598
494609
495298
495449
495532
495677
496650
496956
497206
497321
497332
497677
498443
498572
498580
499045
499123
499742