95
1179
1399
1794
2827
3805
5524
6220
6551
6922
7354
7476
7673
8031
8377
9565
9776
10234
11193
11538
12063
12647
13091
13341
14563
14624
15575
16266
17368
17781
19243
19287
19581
19632
21440
21538
21879
22350
22617
23777
24298
24593
24822
25414
25679
26662
28360
29595
29735
30405
30720
30805
31045
31205
31636
31742
31744
31757
32012
32435
32975
33792
33917
34838
35300
35396
35754
35908
36350
36557
37297
37634
37834
38397
38756
39677
39824
40335
40386
41404
41970
42697
42818
43682
43967
44082
44193
44417
44558
44792
45004
45254
45399
45754
45886
46448
47469
47722
48181
48238
48392
48564
48567
48903
49017
49550
49889
50668
51885
52614
52923
53315
53392
53703
53939
54000
54048
54399
56030
57031
57293
57532
57948
58793
58976
59175
59274
59514
59619
60007
60156
60545
60917
64604
65971
66421
66745
67059
67353
67406
67409
67416
68070
68140
68824
69142
69286
70307
70359
71437
71948
72919
72981
73445
75740
76023
77222
77860
77872
78160
79066
79412
79474
79798
80582
81367
81584
81761
82161
82191
82429
83190
83416
83427
84402
84777
85196
85389
85968
86817
87204
87313
88262
88457
88917
89690
90007
92287
93748
94000
94696
94993
96000
96793
96978
97718
97902
97920
98109
98169
99720
99795
100433
102013
103936
104327
104715
104788
104925
105424
106199
106327
106424
106708
107278
107425
107547
108098
109711
109744
109809
109930
110357
110377
111321
111845
112368
112519
114293
114813
115024
116009
116226
116765
116779
116861
117478
118860
119466
119560
120496
120864
122274
123247
123683
123721
123862
123905
123906
124083
124595
124853
125045
125573
125820
126210
126448
126515
127178
127675
128053
128269
128527
129223
129516
130888
131137
132840
133501
133507
133805
133854
134076
134262
134355
134674
134758
134871
135023
135108
135818
136046
136862
138184
140317
140679
141021
141195
141398
141910
143480
143635
144433
145149
145288
145349
146411
146632
147541
148122
148201
148440
148640
148672
148733
149771
149782
149949
150401
150638
151151
151210
152173
152466
152752
154507
155714
156967
157778
159057
159328
159468
159543
159770
160018
160755
161124
161248
161650
162033
162708
162796
162971
163087
163345
164466
164678
167037
167173
167368
167484
167722
168038
168203
168443
169122
169387
169883
170164
170179
171130
171345
171897
172023
172280
173983
174256
174569
174745
174986
175063
175211
175578
175666
176093
177262
178052
178161
178281
178399
178763
179119
179160
179866
179867
180093
180443
180673
180965
181313
181445
181906
182868
183311
183492
185479
186891
187469
187873
188871
189005
189206
189788
189826
190033
190180
191218
192056
192805
193361
193538
193543
194715
194882
195454
195476
195495
195918
196342
196676
196704
196981
197251
197982
199314
200547
202245
202957
203915
204060
207005
208149
208201
209076
209427
209897
210440
210927
211216
211226
211713
212108
212565
213431
214609
215231
215976
216651
217685
218545
220132
220142
220181
220511
220699
221263
221465
223014
223305
224468
224838
225353
225588
225611
225815
226242
226431
227637
229451
229645
229682
229822
230280
231940
232748
233125
233315
233510
233831
235680
235874
236388
236890
237416
237595
239180
239291
239367
239783
240495
240756
241324
241559
242240
242353
243086
243988
244256
244865
245901
246513
247502
247551
247949
248283
248552
248705
250304
250384
250461
250461
251272
251494
252516
253038
253622
253988
254109
254141
254285
254610
255315
255941
256004
256840
257005
257159
258142
258857
258910
259061
259730
259953
260199
260367
261164
262974
263305
263734
263755
264227
264379
264652
265434
265439
265780
265868
266100
266516
267076
267220
267729
267735
268119
269529
270540
270814
273654
273965
276904
277338
277830
277876
278895
279601
279635
280354
281029
281453
282135
284287
284965
285495
285950
286158
286189
286315
286427
286490
287015
288164
288212
289024
289188
290118
290423
291211
291266
292277
293745
294400
296173
296854
297119
297212
297311
297357
297619
298420
299273
300645
300667
300813
300837
301492
303028
303168
303230
303556
304236
304317
304532
304966
305265
306241
306324
307267
307504
308006
308061
308618
308984
309026
309267
310210
310314
310564
310660
311584
311599
312279
313760
314295
314392
315384
315435
315789
316553
317425
317838
318407
318429
318483
318752
319275
319425
320053
320233
320575
320667
321172
321773
321906
321962
323112
323619
324573
324600
324827
325203
325263
325323
326024
326338
327483
328014
328187
328675
328870
328939
329236
329462
330684
331843
332154
332400
333793
334520
334758
335996
336117
336423
336987
337305
337489
338393
338812
340125
341255
341752
341774
341822
342022
342261
343358
346314
347311
347703
350281
350487
351568
351659
352008
352250
352252
352513
352706
352966
353285
353437
353560
355824
356247
356506
358681
359534
360205
360816
361064
361305
361360
361885
362447
362844
362937
363235
363532
363701
364002
364132
364190
364339
365199
365527
365594
366412
366489
366716
368249
368437
369221
369236
369456
369815
369884
370108
371250
372288
372592
373074
373869
374638
374792
375457
376619
377110
377154
377607
377625
378228
378295
379400
379774
380995
381283
381688
382674
382773
382904
383042
383110
383354
383417
384180
384530
384999
385001
385725
385792
386947
388030
388206
388832
390152
390320
390370
390922
391382
391699
392516
392690
392706
393805
393902
394911
396028
396692
396697
396813
396976
397222
397303
397936
398203
398371
398486
399727
399846
400069
400643
400831
401354
402445
403861
404261
404283
405359
405936
406067
406323
406521
406946
407494
407513
407560
407625
407910
409629
410017
410260
410280
410336
410743
410961
411030
412069
412219
412505
413565
413644
413688
414075
414872
415622
416337
416684
417130
417587
418065
418284
418522
418580
418939
420132
422009
422206
422259
422494
423165
423712
423787
424093
424537
424539
424963
425393
425936
426102
426253
427225
427655
427978
429373
429708
429808
430252
431901
432190
432896
433491
433524
433580
434923
435352
435382
435577
435836
436517
437841
438000
438430
438880
439769
440552
440736
440876
441018
441796
441907
441918
442074
442322
445470
446068
446174
446480
448113
448857
448920
448982
448985
450332
450591
451072
451187
451586
451661
452157
453011
453033
453400
454024
455358
455618
456452
456564
456663
457102
457318
457493
457622
458008
458441
458980
459007
459239
459838
460219
460615
461384
463591
463917
464581
465669
466499
467280
468711
469333
469406
469534
469631
469802
469845
470146
470229
470268
472647
473142
473358
473456
473487
473504
473587
475778
476153
476814
477150
477246
477573
480525
481135
481225
481393
481483
482447
483089
483532
483915
485193
485304
485329
486004
486360
486728
486884
487390
489647
489965
490615
490809
490849
490856
490870
491619
491755
492011
492136
492850
492982
494237
494595
497127
497199
497305
497493
497988
498093
498273
498397
498890