861
892
1330
1532
1765
2824
3154
4600
5198
5724
6066
6080
6705
7224
7453
8042
8784
9438
9488
9575
9709
9841
11367
12365
12641
12672
14017
14568
14699
14943
15601
15614
17261
17393
18327
18956
20645
20876
21015
21380
21549
21814
23671
24519
25048
25252
25288
25917
26153
26842
26943
27052
27330
27422
27765
28086
28137
28270
29647
29663
29794
30101
30855
31341
31591
31654
32140
33091
33877
34678
35589
36623
37112
38130
38209
38616
39428
39809
40191
40220
40534
40750
41039
42125
42852
44450
44554
44732
45169
45516
46220
46548
46575
46651
47285
48146
49865
49952
50253
50674
50801
51697
51717
52821
52897
53726
53748
55169
55774
56150
56472
56893
58124
58289
58612
58969
59075
59320
59706
59860
60408
60676
60743
60940
61281
61977
65439
65462
65582
65938
66408
67092
67783
67960
68483
69076
69794
70572
70893
71502
71683
71816
72328
72346
73156
74165
74280
74529
74587
75152
76310
76377
76951
77569
78659
78843
79733
79806
79902
81149
81586
82573
82606
83008
83962
84102
84184
84261
84433
85731
86953
88936
89101
89604
89756
89844
89923
90212
91027
92454
92648
93387
93583
94306
95288
96037
96772
97920
98143
98331
98406
99172
99729
100168
100718
100895
101482
101488
102112
103065
103642
104745
104877
105763
105807
106797
108216
108326
108392
109948
109964
110449
110704
112109
113207
113801
114537
114585
115583
115785
116076
116498
116607
117206
117518
118280
118347
118420
118670
119278
119855
120511
120523
121694
125296
126284
126306
126407
126642
126942
127229
127661
127689
128015
128481
130050
131597
132817
133579
134393
134968
135096
135217
135457
135994
136660
136908
137074
137196
139768
139915
141310
141414
141999
142571
143533
143795
144512
144781
145270
145921
146057
146650
146780
147147
147846
147995
148132
148968
149255
149725
150335
150837
151581
151708
152285
153047
153106
153124
153260
153604
153729
153831
154074
154937
156673
156959
157670
157779
157846
158103
158639
159284
159420
160301
161135
161849
161874
161968
162305
162416
163402
163491
163740
164134
164313
164613
165098
166264
166726
166857
167264
167289
168022
168525
169195
169348
169555
170580
170648
171444
171529
171709
172020
172407
172749
172843
173097
173509
173670
174176
174871
175104
175114
175479
176751
177144
178696
179608
179706
179954
180297
180439
180798
180920
181024
181972
182659
183039
184127
184130
184684
184950
185027
185189
185839
185940
186912
187053
187147
187712
187893
187972
188581
188812
188823
191078
191161
191691
191699
192221
193306
193772
194453
195454
195501
195652
195934
195992
196068
196433
196809
197121
197682
197978
198146
198368
199050
199261
199494
200228
200925
200941
201530
201631
201697
202623
203398
204190
207692
208044
208121
208928
209059
210179
210214
210563
211166
212191
213458
213655
214008
217520
217762
218042
218762
219191
221539
222782
223185
223670
224196
224280
225018
225045
225426
225682
225753
226100
226658
227745
228701
228716
229364
229768
230058
231314
231732
231757
232122
232207
233295
233392
234317
234933
235263
235449
235530
235723
235987
237717
237772
237866
238893
239236
242027
242209
242438
242927
243237
243451
243584
243679
243792
243960
244165
245400
245643
246685
247609
249138
249374
251273
251359
251503
252245
252301
252801
253488
253925
254143
254165
254249
255028
255038
255154
255898
256466
256519
256713
256831
257494
258269
258780
259014
259452
259996
261114
261453
262755
262804
263176
263561
263944
264701
267028
267430
267951
268088
268236
268275
268329
269841
270735
271169
271235
271976
272021
273804
274495
274965
275830
276323
276475
276868
277133
278274
278623
278946
279032
279181
279947
280054
281497
281641
281723
283973
284556
285283
285645
286705
286726
287616
288136
288805
288952
289257
289389
289993
290088
290355
290422
290920
291851
292069
292315
292435
292669
293425
293581
293917
294191
294882
295003
295040
295202
295348
295539
295952
297347
298505
299527
299566
299690
299712
300337
301797
302276
303892
304115
304938
305084
305555
306542
307712
307793
307858
308129
308321
308505
308765
309059
309788
309860
310862
311951
312562
313825
313998
314013
314233
314291
314392
314453
315320
315574
316393
316453
316537
316879
316930
317080
317126
317782
318332
318537
319897
319977
320041
320045
321585
321796
321911
322344
322348
322385
322724
323502
323880
324104
324942
325809
327169
328100
328262
328270
328795
328983
329282
329330
329757
329803
330177
330223
331582
331821
332352
333400
334059
334369
334713
335577
336075
336323
336854
338001
339203
339318
339868
340049
340179
340270
342460
343156
343444
343568
344748
345500
345569
345623
345851
345956
346147
347466
347469
349381
350215
350332
350586
350643
351078
351954
352634
353099
353372
353608
353651
354076
354391
354568
356833
357792
358304
359146
359622
360960
361091
361986
362097
362211
362671
363742
363944
363985
364350
365249
366631
366786
368170
368456
368907
368927
369046
369381
369914
371181
371605
372000
372434
372615
372928
372987
373752
374210
374266
374346
374483
375476
375715
376569
376782
376783
376920
378019
378103
378817
379501
379503
381130
382096
382783
383412
383793
383807
383981
384103
384361
385010
385205
385219
386319
387120
387555
388336
388934
389967
390380
390699
392580
392672
392694
393486
395468
395539
396458
397121
398124
398586
398848
399717
399775
400290
400355
400376
400398
401129
401315
401418
401468
401570
401840
402625
402687
403726
404319
404615
405235
405237
406596
406610
409136
409625
409771
410358
410471
410682
410725
412488
412844
413215
414797
415056
415346
417197
417274
417640
417821
418291
419400
419622
419821
419893
421144
421358
421824
421903
423835
424402
425374
425378
426171
426223
426613
426770
427192
427296
428062
428420
428669
429237
429699
429706
430038
430064
431122
431224
431530
432150
433053
433206
433256
434443
434566
434725
435022
435557
435847
439006
439112
439830
439933
440029
440106
440640
441326
441469
441745
442113
442282
442322
442592
443220
443532
443647
444288
444445
445421
445884
446095
446278
449075
449333
449705
450408
450544
451044
451112
452533
453912
454854
455040
455218
455420
456247
457012
457065
457068
457548
457599
457975
458012
459030
459311
460359
460629
460878
461144
461279
461279
461806
461840
462984
463517
463582
464069
464137
464453
464489
465427
466270
466822
467550
467888
468145
468281
468432
468569
469343
469620
469827
469832
469933
470055
470112
470997
471298
471817
472464
472613
472635
472954
473242
473694
474766
475038
475908
476606
477519
477671
478401
478811
478856
478956
480029
480346
480869
482006
483350
484320
484887
484986
485030
485241
485511
486052
486320
486860
486938
487024
487259
487300
487710
487911
488151
488925
490069
490679
490889
491473
491616
491691
492177
492747
492755
492810
493392
493500
493673
493990
494526
495085
495369
496517
496965
497402
498077
498533
498956
499209
499685