69
271
1458
1849
2923
2954
3659
3984
4960
4972
5152
6519
8512
8785
8862
9002
9407
9473
11164
11260
11870
12016
12385
12477
12530
14267
14282
14517
15660
16339
16400
16487
17190
17588
17608
18645
18748
19766
19925
20328
20499
21078
21586
21877
21996
22561
22579
22886
23290
23646
24625
24716
24761
25318
25849
26303
26799
26879
26984
28453
28726
28816
29992
31893
32055
32670
32993
33365
35235
35297
35906
37971
38168
38414
39012
39390
39488
39898
40857
41072
41287
41307
41504
42738
43302
43340
43410
43599
44657
45080
45377
45617
45898
46099
46547
48038
50467
51028
51482
52182
52189
52916
53819
53866
54382
54854
55004
55026
56271
56771
57136
57385
57407
57596
57767
58102
58424
58747
58748
59060
59251
59579
60048
60614
60867
62247
62597
63153
63831
63966
64368
64394
64733
64801
66219
66533
66677
67066
68593
68784
69082
69189
69766
70650
70857
70914
70990
71412
72574
72820
73065
73292
73986
74303
74677
75271
75421
76515
76718
76791
77036
77100
77227
77363
78124
78194
78520
78654
78968
79264
79416
79504
79769
81118
82978
83893
83913
84289
84411
85161
85237
85363
85522
86561
86688
87119
87188
87527
88203
88307
88750
89196
90206
91406
92572
92846
93582
94078
94317
94479
94575
94749
95102
96396
96513
96646
96789
97867
99077
99544
99599
100158
100558
100877
101751
101790
102637
102825
102959
104699
105388
105545
105827
106166
106711
108214
108780
109269
109425
109687
110119
110585
110961
111450
112259
112276
112946
113454
114061
115201
115485
115673
116651
116785
116895
117178
117915
120662
120790
120805
121159
121704
122285
122589
122712
123037
124108
124616
125382
127559
127782
128393
128724
129106
129739
129743
130115
130216
130333
131433
131836
132423
132731
132812
132986
133081
133511
133531
134046
134212
134301
134632
136186
136417
136563
136665
137071
137094
137624
138042
138770
138842
138985
140274
141908
142403
142588
142895
143060
143349
143367
143517
144559
145957
146244
146334
146952
147591
147595
147673
148779
148827
148901
149747
150030
150575
151582
152705
152980
153153
153216
153553
153572
153948
155116
155880
156027
156188
157053
157451
158263
159844
159920
161719
162369
162373
163059
164027
165015
165066
166389
167363
167608
167777
169138
170147
171552
172041
172625
172893
174921
175034
175139
176453
176570
177219
177572
178452
179356
180318
180442
180472
180813
181272
181374
181770
181795
181886
182944
183360
183505
184311
184337
184442
184743
185003
185391
185474
185993
187870
187881
187907
188091
188386
188407
188852
189668
191767
191985
192204
192448
192565
192854
193017
193223
193606
193905
194130
194973
195315
196823
197185
197668
198435
198664
198958
199323
199789
201513
201749
203321
203662
203819
204093
204232
205653
206001
206072
206129
206520
207828
208014
208316
208689
209121
209145
209336
210560
211034
211209
211226
211593
211848
213419
213940
214683
215157
215227
215445
215466
215570
215701
216239
216651
216722
217405
218174
218294
218794
220252
220264
220292
220517
220688
221270
221356
222124
222197
222958
223171
223346
223361
223643
224037
224878
226873
226935
226939
227148
227790
228565
229095
229150
229293
230168
230241
230369
230608
230817
230837
231338
232226
233154
233773
234964
235631
235791
235805
236154
236522
237309
238351
238433
238616
239152
239421
239625
239810
240694
240771
240939
241370
241867
242155
242455
243291
244004
244106
244530
245052
245228
245305
245740
246582
248438
248508
248814
249185
249254
249453
250557
250559
250736
250925
251315
253290
253632
254167
255315
255947
256100
256608
256644
257311
257997
258530
259330
259384
260259
260762
261152
261344
261697
262158
262272
262289
262299
262908
263655
263998
265007
266412
266756
267048
267240
267294
268035
268534
269222
269784
270627
271663
272309
272923
273800
273959
274019
274097
274993
275033
275655
276953
277030
279109
279332
279422
280811
282506
283263
283468
283793
284346
284425
285728
286037
286411
286658
286862
288132
289074
289120
289399
290881
291231
291517
292207
293258
293724
293861
294051
294403
294476
294506
295527
296212
296656
296686
296912
297005
298049
298061
298097
298725
299007
299960
300122
300215
301896
302020
302447
303030
304696
305976
306797
306831
306982
307031
307261
307896
307932
308181
308631
309497
310543
311525
311671
311812
312297
312304
313447
313534
313596
315449
315490
315932
316157
316346
316530
316557
317086
317839
317974
317993
319028
319536
319634
320280
321128
321143
322854
323196
323710
324521
324800
324993
325782
325822
326676
327087
327638
328371
328391
328483
329170
329186
330169
330267
330363
330780
332118
332313
334285
335287
335877
337484
338072
338209
338478
338762
338868
339365
339414
340585
342370
344464
345254
345729
348250
348380
348525
348620
348979
350066
350761
351301
351957
353282
354025
354416
354439
354767
355098
356382
357298
357554
357874
358081
358345
358542
358571
358903
359480
360106
360311
360832
361869
361934
362216
362495
364201
364478
365894
366294
368431
368672
369029
369538
369731
369977
370571
371198
371794
371814
372488
372682
372718
373108
373744
373786
374803
375512
375598
375884
376911
377689
378037
378048
378899
379263
379413
380113
380665
380781
381270
381576
382067
382146
382872
383524
383541
385899
386116
386287
386815
387056
387497
387598
387613
388764
389161
389590
389841
390606
390943
390981
393474
393492
394592
394734
394932
396228
396461
396760
396853
397780
397970
398141
398603
399282
399411
399927
400497
400849
401231
402245
402302
402318
402659
403379
403435
403487
404302
405742
405945
407216
407878
408190
408275
408529
409122
409226
409406
409440
409512
409855
410109
410764
410923
411976
412035
412861
412945
413765
414279
414657
416291
416313
417599
418218
418330
418782
419542
420208
422209
422318
423028
423205
424876
425357
425360
425646
426008
427119
427516
427574
427923
427935
428235
430136
430200
430212
430810
431613
431890
432039
433719
434087
434186
434343
434430
435029
435246
435311
435415
435488
436504
436602
436808
436868
436922
437368
438635
439892
439902
440067
441006
441100
441424
441738
442621
442917
443503
443540
443858
444671
444822
445276
445616
446564
446834
446843
447669
449250
450090
450642
452042
452526
454690
454898
455005
455438
455765
456764
457941
460135
460365
460398
461203
461305
461522
461719
462256
462513
463549
463810
463973
464717
466222
466992
467584
468912
469902
469921
470689
470883
471563
471589
471709
471768
471841
472021
473667
473802
473949
473985
474002
474580
474752
474854
475261
475765
476334
476617
477190
477817
477938
478846
479015
479318
481321
481597
481706
482127
482532
482642
482927
483498
484005
484108
484445
486060
486175
486201
486288
487062
488122
488131
489465
491109
491274
491920
492014
492881
492950
493023
493634
493649
494543
494677
495072
495451
495745
496510
496982
497333
497356
497729
498199
498348
499495