455
1014
1125
1368
1684
1738
2175
2669
3573
4037
4291
4361
4682
6137
6297
6566
6731
6842
7624
7658
7717
7921
8173
8649
9595
9706
10555
10990
11025
11829
12281
13288
13322
13397
14593
14846
14916
16607
18256
18652
19190
19392
20204
21474
22185
23573
25961
26565
26762
26987
27647
28063
28221
28227
28530
29323
29360
29461
29496
30714
30967
31467
32570
32790
32939
33536
33785
33894
34800
35372
35597
37328
37747
38014
39273
40340
41546
42655
43123
44918
45532
46211
46732
47005
47558
47774
48656
49006
50490
50917
51142
51615
52254
52698
52967
54881
55656
56039
56107
56189
57000
57003
57653
57790
58045
58878
59281
62295
62465
64898
65438
65652
66318
66511
66805
66924
66924
66944
68438
69802
69884
69992
70466
70741
71384
71925
72972
74513
74586
74958
75760
75773
76445
76648
77444
77815
78394
78960
78995
79371
80501
80616
80697
80899
81449
82536
82564
82738
84071
84340
84430
84654
84930
85509
85728
86032
86651
88207
89031
89301
89321
89366
89554
90074
90257
90692
91406
91516
92294
92849
94118
95103
95260
95623
95813
95913
96450
96596
96667
97044
97388
97694
99205
100293
100786
100831
100882
101307
101744
102165
102523
102770
103525
103928
105037
105779
107025
107145
107287
107604
107693
107852
107879
108262
108391
109323
109785
110455
111067
111611
111735
112441
113236
113490
113947
114809
115219
115646
115830
115838
116367
116835
117555
118210
118322
119106
119209
119384
119570
119964
121823
121895
122860
122962
123282
123761
123943
124544
124881
125090
125212
125540
126707
127170
129448
129646
129954
130542
131287
131627
131902
132779
132889
134773
134899
135528
135912
135914
136403
137119
138338
138470
138975
139279
139342
140627
141187
141832
142260
142742
142775
143445
144973
145109
145218
145691
146233
146248
146314
146447
148653
148775
148951
149913
150208
150384
150451
151580
152299
152590
152826
152926
153326
154457
155008
155568
155791
156295
156412
157049
157145
157584
157835
158209
158562
158880
158963
161124
161183
161395
162535
163527
163953
164315
164571
165176
165512
165921
166024
166292
167138
167198
167566
168303
168440
168728
168735
169120
169199
169207
169457
169641
170114
170141
170389
170814
171540
171700
173473
173535
174057
174091
174113
174223
174743
174834
175078
175324
175426
176103
176427
176784
176975
177754
178003
178623
179777
180066
180088
180168
180278
181344
181715
181920
182071
182202
182278
182659
182844
183137
183744
183997
184109
184510
185394
185578
185672
186160
186427
186992
187894
188464
189030
190326
192413
192755
193255
193403
194177
194447
194797
194836
196522
197761
198106
198659
198911
199095
199183
199888
200023
200229
200946
200967
202061
202068
202125
202447
202523
202939
203220
203318
203357
204244
204345
204397
204570
204724
205332
206592
207151
207811
207952
208842
209658
209940
212456
212508
213057
213425
213503
213848
215276
215747
215944
217294
217345
217428
217708
218362
218482
218607
219043
219698
219722
220290
222194
222385
222661
223362
223482
225043
227824
228025
228216
228400
228556
229306
229703
230371
230527
230711
230800
231111
231149
233977
234768
236081
237141
237801
238893
239122
239212
239318
240280
241797
241871
245556
246084
247252
248375
249108
251022
251275
251695
252468
252892
253024
253243
255693
256445
256851
256973
257268
257412
257833
258315
258509
258773
260831
260848
261009
261969
262997
263109
263669
264169
265228
266266
266980
267177
268443
268780
268951
270207
270533
271055
273154
273278
273598
274562
275152
275322
276371
276454
276655
277452
277491
278492
278715
279162
279503
279557
280533
280894
281735
281839
282010
282282
283250
283562
283593
283664
283859
284050
284054
284193
284319
284687
284720
285391
286061
286443
287375
287418
287488
288921
289097
289136
289349
289713
290012
290653
290966
291067
291582
291716
291902
292767
293162
293326
294432
294544
295390
295605
295895
296684
297192
297312
297480
297841
298253
298672
298892
298919
299131
299732
300423
300892
301105
301114
301226
301378
301815
302689
302720
303303
303949
305285
306040
306563
307113
307755
308180
309773
309848
311329
311346
313012
313552
313869
314640
315325
315420
315793
316337
316853
317282
317292
317577
318515
318861
319740
319876
320002
320073
320913
321234
321794
321887
322053
322074
322538
323511
323571
324093
324993
325398
325913
326111
326762
327632
327938
328222
328251
328538
328568
329149
330584
330639
330734
331835
332098
332326
332378
333666
335533
335615
335626
336294
336936
337043
337459
338886
338960
339547
339577
339671
340860
341154
341281
341620
343023
343119
343240
343830
344049
344132
344172
344417
344708
345604
345783
347756
348017
348247
348589
348868
349204
349260
349868
349956
350157
350189
350355
350807
351378
351980
352377
352944
353014
353134
353441
353779
354442
354604
354650
354920
355528
356283
356419
356437
357139
357175
358255
359346
359735
359790
360072
360188
360290
361984
362013
362385
362645
363766
364104
364681
366189
366877
368164
368810
368918
369653
369691
371161
371294
371554
371595
373507
373850
374444
374472
374676
374770
375277
376080
376942
377580
377791
377973
378494
378965
379105
379112
379404
379909
380385
380600
380946
381704
381943
382770
383318
384084
384165
384992
385466
385520
385741
385830
385944
386014
386026
386135
387306
387654
389116
389293
390127
390764
391174
392197
392689
393852
394328
395322
395730
396243
396668
398222
398641
398856
399361
399742
400155
400549
401283
401604
401627
401661
401694
401831
402345
402387
402447
403056
403185
403497
404181
404333
404638
405058
406761
407371
407455
407897
408722
409127
409685
410057
410336
411725
411746
412155
413359
414759
414777
416093
416116
416460
416613
416615
418336
418607
418617
418664
419065
419509
420401
420638
421061
421418
421800
421814
421836
422058
422275
422437
422824
423365
423443
423849
424053
425334
425826
425874
425922
426056
426579
426579
427265
427989
429611
429851
430146
430293
431242
432340
432418
432691
432891
432967
433689
433724
433820
434254
434946
435184
436302
436737
436783
436786
437425
437893
439213
439464
440351
441027
441135
441341
441716
442518
442527
442935
443259
443550
444081
444092
444109
446051
446311
446658
447678
448050
448197
448537
449310
449782
449865
450093
450963
451729
453088
453234
453795
454148
455406
455982
456233
456322
456528
456881
457018
457363
457383
457744
457886
458410
459087
459498
459890
460211
460391
460564
461615
461917
463701
464317
466260
466337
466780
467331
467587
467766
467927
468629
469508
469875
470807
471368
471451
471481
471701
472860
473185
473435
473695
474209
474844
475387
477211
477677
478121
479056
479600
480773
481552
481834
482746
483226
483505
483627
484138
485206
485416
485474
486670
487889
488562
488571
488981
488983
489310
489911
490688
491140
491157
492230
492463
493807
494065
496065
496233
496355
496543
496648
499269
499297
499459