288
512
1260
1978
2129
3225
3600
3732
3806
4274
4863
5105
6226
6721
7036
7383
7529
7828
8214
8608
9383
9458
9769
10094
10726
10733
10754
10860
10903
10969
12038
13795
14368
14769
14798
15169
15685
15704
16572
16697
17279
17293
17345
19197
19327
19334
22813
23669
24376
24693
24791
24923
25614
26253
26602
27181
27318
27515
27748
28205
29079
29311
29866
30455
30565
30668
31148
31851
31890
31912
32414
32439
32959
33044
33773
33820
34752
35197
35679
35772
36251
36484
36773
36801
36909
37314
37452
38254
38971
39055
39316
40648
40885
40934
41231
41392
41431
41566
42155
42615
42779
43602
44642
45037
45281
45509
47115
47225
49484
49627
49733
51291
52197
52328
52362
52386
53700
54670
55383
55598
55808
55972
56382
56590
58218
58796
58890
59121
59432
59746
59787
60353
60599
61270
61759
61885
62876
63244
63843
64100
65209
66278
66537
66568
67078
67196
67511
68486
68951
69462
69618
69838
69893
70143
72410
72702
73399
73593
73977
74503
74576
74816
74967
75224
75456
75489
75515
75645
75934
76974
78105
78439
79063
79144
79453
80974
81875
82015
82543
82557
83758
84571
84740
85077
85631
86295
87029
87668
87685
87922
88389
89049
89242
89581
89826
91320
92470
93267
93435
94165
94188
94192
94321
94466
95539
95714
95929
95948
96560
96612
97257
97941
98337
98857
99669
99930
100039
100397
100718
100800
100885
101158
101353
102540
102981
103123
104539
104750
105112
105312
106190
106357
106759
107781
107882
108231
108699
109517
109772
110306
110973
111013
112559
112659
112783
112840
113909
113945
115591
116341
116852
117004
117486
117895
118902
119216
119295
119612
120615
120631
120964
121576
122339
124245
125074
125332
125508
125689
126435
127224
128016
128574
128952
129212
129349
129812
129856
129920
132323
132785
132950
133240
133436
134839
134868
135456
135845
136232
136391
137189
137549
137926
138845
139795
140109
140142
141184
141191
141950
142269
142634
143249
143360
144754
145367
147159
147173
148075
148673
149717
149801
150022
150419
150557
151075
152316
152797
152963
153826
153933
154263
154555
154680
155463
156338
156740
156781
157201
157714
157800
157872
159229
159288
160481
162113
162165
164038
164038
164347
164476
164700
164985
167361
167821
168259
168715
168736
169095
169563
170677
171085
171455
172313
172686
173037
173228
173545
173748
174065
174179
174265
174322
174424
174486
174849
175459
176022
176268
177090
177298
178066
179162
179283
179690
180029
180968
181362
181388
182961
182986
183041
183445
184534
184995
185073
186524
186758
187718
187910
187913
187982
188296
188564
189089
189201
189592
189818
191125
192671
193555
193835
194722
195214
195341
195680
196058
196211
196256
196426
197806
197846
198284
198434
198646
198841
199019
199316
199557
200045
200884
201007
201833
202556
202849
202987
203261
204277
204410
205814
205860
207278
208173
209027
209185
210243
210411
210455
211078
211549
212209
212498
213225
213884
214617
214947
215032
215191
216031
216468
217350
219274
221183
221463
221504
221800
221877
221950
222437
223474
223891
225638
225678
226167
226627
227203
227289
227662
227867
228615
229413
229468
229542
230362
231289
231969
232517
232662
232711
232816
233000
233784
234478
234784
234952
235293
235827
236217
236556
236850
237012
237131
237201
238357
240612
241987
242075
242660
243173
243620
243661
244310
244408
245077
245103
245541
246479
247016
247054
247305
248423
249408
249979
250116
250244
250327
250538
251811
253322
253832
253925
253955
254149
255240
255365
255449
256107
256234
256351
256490
256671
256942
256975
258469
258472
258917
258925
259350
260262
260488
260559
262250
263730
264969
266333
266614
267001
267012
267285
267870
268092
268896
269396
269742
270175
270234
270404
270808
271263
271588
271668
272942
273002
273638
273854
274085
274191
274703
274791
274819
275044
275049
275274
275581
275620
275675
276127
276473
276823
277408
277719
277727
278577
278835
279581
279972
280069
280183
281246
281276
281954
282345
282510
283845
284333
285123
285337
285351
285797
285948
286866
287297
287658
289815
290918
292573
293341
293822
293954
295175
295811
296430
297503
298445
299269
299317
300120
301683
302143
302495
302563
303058
303514
304382
304475
305798
306513
306727
306831
306910
306911
308563
308629
309097
309208
311606
311888
312003
313304
313614
313893
314460
314494
314707
314713
314714
314743
315177
315406
315975
316080
316337
316974
317041
317404
317566
318178
318354
318577
319924
320006
320732
322235
322333
322369
322538
323007
323420
324143
324184
324554
324945
324958
326095
329043
330261
330742
330775
330962
332459
332528
332965
333135
333262
333382
333579
334673
334739
335291
335705
336054
337244
337497
337557
338294
339046
339485
339589
341209
341765
341832
341957
342873
343284
344253
344408
346767
347117
347121
347362
347700
347791
347802
348162
348266
348437
348549
348735
349084
349822
350210
350332
350799
351289
351749
352092
352221
352386
352450
352577
354202
354740
354950
355258
355392
355656
356661
357053
357157
357206
358281
359062
360137
360246
360787
361134
361143
361244
363958
364983
365746
366182
366475
367388
368054
368453
368536
368734
368813
369812
369867
370361
370710
370737
370743
370822
370961
371187
371330
371563
371732
371791
371801
372725
372961
373065
373069
373329
373435
375497
376703
376870
376995
378092
378458
379396
379735
379842
381212
381448
382106
382311
382323
383148
383490
384411
384561
385119
385515
385608
385999
386002
386648
386764
387875
388439
388991
389456
389640
389645
390461
390846
390992
391233
391384
391404
391549
392024
393832
394455
395119
395592
396283
399202
400040
400582
401137
402267
404330
404634
404759
405131
406053
406274
406847
406907
407190
408299
409517
409826
411956
412014
412618
412662
412803
413532
413687
413759
414678
414868
416258
416917
417267
417419
417999
418270
419790
419844
420763
420882
420957
421587
421691
422002
422320
424017
424552
424649
424663
424933
425715
425814
427274
428454
428730
428783
429690
429891
430328
431223
432359
433074
433740
434098
434651
435405
435924
436431
436856
438632
439585
440399
441060
441135
441182
441819
442863
444618
444735
445243
445259
445532
445796
446358
446680
447260
447924
448239
448470
448502
448585
449469
450643
450712
451237
451601
452482
452505
452751
453063
453192
455242
456145
456458
456499
456774
457209
457335
457358
457459
457495
459511
460044
460123
460274
460337
460494
461018
461203
461495
462222
462412
462504
463150
463285
463555
464555
464642
464846
464892
465312
466356
467019
467091
467828
469565
471996
472558
472711
472937
473120
474878
476351
476598
477576
477971
479721
479777
480089
482373
483012
484818
485071
485827
485882
486265
487230
487262
487668
487855
488339
488551
488938
489064
489471
490031
490425
491774
492975
493412
493812
495929
496051
496088
496159
496317
496816
497761
498445
499805
499886