200
205
313
733
1641
1656
2402
2977
2987
3889
4394
4643
5452
5740
5842
6227
6445
7942
9066
10769
10994
11979
12032
12129
12960
14702
15115
15638
16306
16458
16640
16642
16828
17035
17799
19035
19532
19663
19807
19993
20673
24820
25162
27205
27662
28294
30085
30301
31421
31783
32498
32548
33612
33731
33998
34558
35180
36614
36616
37546
37725
38613
39058
39387
39590
39710
40627
41101
42015
44222
44459
44489
44508
45147
45461
46212
46259
46686
46791
47660
48223
49204
49381
49950
50763
51189
51516
51530
51902
51975
52575
52675
53223
53414
53540
53610
53816
54619
55085
55515
55590
56103
56424
56474
56739
57458
57985
58513
58712
58912
59092
59148
59399
59404
60305
60559
60695
61709
61724
61724
62073
63178
65260
65476
66200
66287
66403
66735
66814
67260
67335
67483
68081
68675
68833
68861
71942
73240
73782
74074
75184
76026
76304
76670
79088
79536
79586
80242
80320
80579
81293
82136
82543
82827
82951
82963
84038
85250
85814
85827
86130
86362
86727
87407
87752
88110
88176
88217
91881
92122
92364
92680
93050
93190
93793
94081
94709
95456
95897
95920
96830
96902
97009
97454
98790
99573
100376
101029
101602
102643
103258
103510
104476
104807
104845
105585
106107
107269
107748
108668
111940
111947
112591
114298
114336
115313
115423
115747
115808
115971
116413
116457
116472
116644
116786
117441
119314
119354
121189
122847
122935
123189
123519
123861
125160
125289
125354
125598
126076
127278
128248
128500
128581
128746
129092
129166
129333
130712
131819
132289
133160
133605
133752
133876
134098
134484
134563
135792
137334
137915
138413
140019
141513
142168
142572
142580
142648
143346
144349
145269
146052
147091
147208
147804
147902
148592
148815
148878
149258
149303
150295
150638
151775
152206
152350
152919
152933
154134
154975
155314
155325
155691
155769
155948
156159
156770
156980
157781
158777
158976
159003
159096
159320
159490
160169
160471
161037
161131
163389
163783
164199
165535
165685
165758
166074
166404
168060
168281
168381
168614
169096
171077
171594
172810
172877
172953
173069
173700
174299
175423
175425
176048
176527
176532
176536
177184
177803
177863
178670
178712
178713
179044
179655
179719
179769
179912
180330
180647
180933
181084
181568
182059
182906
183867
184302
184666
185227
185668
187249
187262
187959
188454
188904
189451
190007
190555
190807
191704
191989
192114
192517
192886
193940
194173
195323
196764
197363
197370
197392
197395
197465
199608
199812
200004
200597
200699
200748
201236
203060
203147
203308
203655
203873
205056
205123
205175
205189
205219
205466
205573
205591
205595
206447
206667
207354
207667
209004
209515
209937
210053
210326
210601
210965
211339
211368
211777
211889
212035
212359
212598
212777
213000
213143
213677
213882
214080
214900
216608
217056
217705
218133
219440
220964
221081
221096
221130
221441
221800
222150
222489
222737
222898
223142
223501
223503
224055
224069
224887
225086
225188
225233
225646
225924
227848
227887
228622
229197
230183
231060
233979
234332
234503
235122
235408
235426
236354
236650
237679
238039
238042
238830
239011
239467
239622
240197
240203
240351
240615
241597
242211
243092
243894
244684
245467
245834
245860
247467
247486
247808
248185
248284
248936
249749
250252
250592
250904
251247
251504
252239
252378
253424
254364
254639
255768
255924
256097
256308
256677
256944
257795
257800
258128
258275
258739
259113
259407
260448
260478
260649
261039
261582
261969
262191
262305
263627
264110
264911
264914
264916
265167
265224
265278
265525
265642
265974
266122
266230
266864
268835
270253
271338
272184
272378
272906
274303
275226
275603
275825
276521
276642
276835
277826
278240
278374
278671
279807
279873
280386
281005
281212
281385
282151
282482
282518
282812
283491
283845
284563
284931
285328
285334
285962
286108
286971
287764
287946
288124
289075
289225
289286
289898
290069
290793
291345
293365
293796
294648
294771
296239
296555
297117
297220
297291
298426
298616
299353
299797
300584
301148
302023
302135
302501
302793
304881
304884
305917
306398
306871
309061
309142
309216
309238
309724
309770
310004
310134
310140
310188
310439
310982
311089
311549
311619
311829
311980
312717
313482
313709
313807
314252
314573
314604
315004
315241
315795
316587
317148
317375
317899
317977
318182
318238
318242
318486
318569
318604
318689
319041
320633
320851
321207
322026
322955
323265
323648
324955
325148
325305
325356
326389
326635
327005
327049
327347
327371
329042
330345
331123
331173
331371
331691
332124
332775
333425
333511
334528
334630
334889
334973
335022
335134
335399
335781
337319
337614
338803
339728
340029
340233
340367
340406
341317
341319
342047
342419
342693
343053
343518
343969
344355
344551
345941
346488
346806
347181
347568
347930
349244
349626
349640
349996
350051
350111
350795
351876
352132
352314
352464
352960
352986
353701
353897
354040
354546
354601
354791
354924
356154
357100
357890
359263
359762
359799
359976
361773
361851
362073
362331
362436
363468
363479
364067
364996
365120
366186
366411
366570
366770
368094
368145
369561
369983
370387
370509
370632
370784
370994
371282
371317
372272
374961
375956
376734
377667
377974
379225
379652
379674
379795
379887
380814
381163
381293
381755
382165
382623
383941
385342
386215
386274
386449
386674
387181
388337
388465
388607
389139
389397
390410
391309
391497
392179
392723
392826
393706
393941
394108
394546
395804
396011
397241
397289
398019
399009
399718
399752
400054
400958
401198
401519
402382
402801
402936
403651
404415
404433
405141
406317
406936
407009
407476
407591
407777
408321
409005
409531
410633
411341
411547
411682
412274
412490
412868
412939
414823
414873
415322
415391
415544
416035
416820
416950
417511
418893
418993
419631
420243
420748
420886
421623
422003
422145
423142
423302
423988
424356
425281
425649
426086
426429
427245
427423
427436
427909
429557
430636
430863
431449
431787
431859
433300
434188
434754
434942
436023
436605
436625
436978
437151
437484
438325
438516
438679
439451
439531
439809
439911
440771
440931
441246
441797
442478
443546
443786
444803
445352
445871
446213
446368
446760
446937
446976
447072
447171
447527
448291
448566
448605
449135
450125
450550
450588
451799
452753
452788
452920
453906
454548
456981
457769
458117
458168
458375
458544
458737
459749
460172
460571
460614
461603
461754
462140
462296
462807
463062
463757
464920
464968
465634
465949
465974
466717
467603
467764
468497
468538
468943
469266
469278
469602
470342
470448
471316
472340
472516
472664
472743
474384
475763
476529
476739
477677
477807
477812
477854
478452
479159
479296
479847
479921
480805
480957
481007
481975
484336
485779
485859
485936
486263
486420
486433
486470
487001
487304
487812
488875
489109
489282
489440
489546
489928
490368
490814
491470
491919
491958
492896
494220
495328
495467
496437
496974
497916
498403
498937
499048
499060
499166
499270
499546