205
1071
2061
2155
2770
3299
3454
3910
4544
5091
5101
5487
5618
5676
5979
6799
7564
7651
7921
8063
8139
8193
9282
10280
10544
11021
12159
12205
12247
12613
12912
13435
13675
13808
13914
14393
14580
14724
14943
15031
15406
16326
16672
16769
16945
17361
18974
19053
19347
20317
21073
21432
21645
22983
23316
24403
24649
25244
25333
25789
26190
26585
26944
26964
27258
27856
28754
30073
30441
30839
31444
31810
32361
33293
33403
33518
33546
34293
34886
35692
36052
36147
37452
37640
37653
38725
39185
39399
41100
41390
41460
41701
41824
42409
42922
43099
44139
44788
45382
45383
45660
45716
46504
46641
46752
47205
48755
49977
50067
51025
51352
51639
52046
53255
53653
54167
54606
55080
55420
55615
56470
56780
58294
58949
59260
59688
59883
60169
60489
60714
60850
60899
61780
62050
63030
63244
64458
65092
65201
65476
66274
66301
66589
66695
67445
67506
68295
68770
68884
69216
69711
70405
70617
70988
71248
71884
72671
73132
75953
76322
77315
77435
77485
77612
77885
78929
80769
81013
82421
82824
83251
83297
83839
83946
84366
85345
85616
86333
87035
88557
88752
89738
90658
90742
90961
92014
93162
93433
93697
94609
94650
94795
94837
96405
97447
98418
98521
99371
99569
99927
100207
100528
100791
101033
101906
101948
101963
103235
104206
104271
104442
105355
105556
105720
106459
106490
107841
110530
111216
112480
112531
112573
112833
113362
113364
113546
113655
113796
113832
114209
114841
114848
115096
115355
115431
115545
116355
117542
117732
118510
118588
120055
120195
120469
120835
120866
121615
121954
123373
123384
123429
123841
123896
124552
124659
126351
126600
127553
128451
128473
128617
129346
130915
131375
131531
132387
132559
133002
133248
135732
136368
137645
138003
138329
139545
139628
139632
140145
140913
141240
142716
144945
144971
145094
145317
145554
145569
145593
145639
146520
146742
146923
147480
147572
147642
147951
148335
148443
148838
149398
149463
150755
151319
152392
152662
154769
154797
157073
158133
158195
158305
158930
159574
160620
161403
161616
162185
162406
162620
162953
163330
166296
166965
167506
168524
168778
170390
171114
171125
171557
171835
171911
172715
173282
173394
175023
175787
176846
177423
177816
177957
179081
179982
180197
180472
180877
181562
181769
181846
182092
182478
182848
183348
183925
184512
185969
185999
186164
186408
186516
186782
186854
187187
189097
191086
191760
192114
192993
193028
193303
193747
194787
194930
195122
195469
195536
195849
196373
196711
196718
197289
198010
198874
199561
200019
200329
200425
200983
202554
202882
202935
203114
203627
204127
204335
204719
204928
205731
207147
207359
207382
207596
208956
208995
209144
209305
210130
210779
210958
211607
213233
213790
214009
214109
214530
214671
214691
214740
215025
215239
215303
217281
217536
218214
218551
218585
218915
219811
219871
220819
221360
221552
222244
222953
223242
223372
223643
223773
224515
224603
224686
224963
225231
225727
226590
228048
228277
228336
228926
229902
230529
230734
230828
230863
231000
231012
231417
232601
232819
233451
233776
234294
234400
235341
235655
236263
236363
236495
236605
236692
237355
238540
239167
239425
239701
239738
239818
240174
240461
241027
241564
241909
243330
243461
245559
245594
246921
247070
247602
248016
248421
248684
248808
249057
249401
249564
250072
250340
250571
251588
251647
251976
252033
253343
254276
254449
254804
255084
255295
255831
256212
256448
256587
256993
260127
260704
261019
261222
261640
262739
263634
263652
264709
265124
265330
267207
268056
268620
268805
268812
269261
269398
269588
270092
270390
271264
271491
272142
273316
273796
274008
274046
274087
274436
274703
274710
275109
275861
276072
277589
278518
278753
278785
280516
280911
280995
281622
282144
282278
282807
284337
284382
284469
284536
285682
285747
286179
286416
286527
286906
287154
287362
287389
288674
288871
289390
290374
291552
291766
292725
293160
293559
293638
294403
294418
294828
295201
295484
296039
296241
296780
297709
297912
298424
300687
301061
301154
301315
301672
302093
302158
302611
302632
302754
303115
303355
303359
303512
303959
304111
304438
306667
307325
307636
307836
307966
308368
308697
309227
309417
310016
310077
310638
310877
310952
311021
311231
311457
311691
311749
311760
312361
312444
312823
312873
314251
315409
315411
317158
317293
317663
318434
321376
321961
322158
323540
323789
323901
324204
324511
324581
324684
325304
325464
325716
326483
327336
327477
328567
328646
328727
329462
329614
329648
329724
330169
330530
332012
332180
332768
332879
332938
333183
333901
333921
333979
334772
335302
335736
335962
336084
337008
337358
337930
338112
338552
338695
339008
339638
340754
341215
341439
342324
342410
343480
343548
343992
344251
344765
345829
348205
348220
348411
349126
349283
349318
349895
350214
351614
352219
353348
353493
354021
354224
354607
354620
355713
355969
356474
357000
357853
357952
358834
359781
360135
360599
360610
360959
361286
362019
362465
362924
363294
363710
364203
364217
364833
364842
365308
365472
365640
365880
366094
366345
366377
366608
367115
368422
368577
368800
368881
369402
369624
369788
370411
371576
372087
372292
372625
372838
373064
373200
373239
373296
373305
373924
373998
374048
375073
375156
375403
375561
376664
376751
378976
379411
379581
379950
380468
382218
383444
383659
383950
384159
384207
385164
385492
386315
386439
386600
386689
387606
388014
388020
388377
390184
390271
390949
391489
392529
392668
394339
394366
394458
394739
397164
397278
398213
398346
399139
399637
399837
400509
403304
403392
403676
404901
405295
405542
406575
407193
407325
408857
409132
409559
409592
411491
411728
412084
412244
412701
413127
413775
414111
414886
414999
415631
415701
415934
418276
418308
418819
419967
420308
420347
421145
421622
422006
422018
422057
422574
423806
423833
424117
424678
425294
425520
426002
426156
426643
426898
427767
428467
428551
428727
429265
430383
430488
430911
430951
430991
431490
431919
432938
433060
434016
434570
434591
435163
435845
436317
437134
437941
438054
438197
440989
441088
441364
441752
441847
441882
442297
442434
444467
445249
445855
446010
446597
446881
447032
447291
448662
449054
449059
450111
450161
451374
452168
452369
452671
452738
454989
455280
455375
456111
456499
457250
457432
458569
459586
459592
459669
459798
460268
460457
461129
463580
463601
463942
466338
466764
466765
467186
467410
467461
467646
468297
468808
469008
469265
470629
470915
470949
471049
471787
473595
473782
474233
474718
474882
474980
475051
476821
476925
477146
477635
479159
479231
479701
479787
480280
482031
483086
483089
483366
484233
485169
485215
485363
485628
486312
486813
487167
487229
488082
488160
489295
489331
490045
490214
490729
491086
491684
491685
492153
492643
492928
493750
494063
494170
495267
495585
495913
496304
496961
497192
498825
499264
499371
499434