47
285
382
848
881
1704
1958
2197
2378
2409
2697
3105
3198
3305
3368
3574
3729
3851
4053
5444
5627
5631
6084
6653
7362
7792
8256
8288
8489
8977
9496
9517
10041
10691
11624
11771
12367
12784
13002
13851
14992
16231
16357
16765
17628
18122
18140
18150
18878
19374
19464
20056
20095
21226
21328
23579
23751
24573
25328
26614
26730
26905
26919
27262
27383
27943
27955
28649
28913
29113
29219
29506
30327
30624
31763
32567
32753
34338
34883
35054
35454
36148
36207
37520
37574
37724
37745
38092
39007
39123
39292
39576
39998
42132
42793
43860
43954
44437
44903
44942
45004
45842
46143
46867
47086
47546
47944
48047
48515
49175
49762
51275
51388
51627
52475
53582
54356
55524
55760
57257
57328
57758
58207
58594
59520
59706
60214
61636
62437
62640
63050
63419
65921
66338
67299
68443
68886
69363
69501
70301
70380
70468
71764
71778
71861
72108
72839
72949
73758
74239
74363
75050
75134
75498
76584
76918
77018
77778
79101
79968
80041
80064
80158
80475
82752
83645
83978
84656
85601
85880
86815
87050
87335
88921
89764
90253
90700
91333
91686
91699
91732
92368
92581
92963
93131
93247
93314
93938
94352
94374
94434
94613
95669
96564
96867
96974
97140
97991
98212
98312
98901
99608
99772
100142
100363
101062
101636
101673
102157
102483
102534
103883
103896
104151
106397
106863
106886
107411
108050
108297
108471
108836
108868
109685
110523
111699
111945
113207
113485
113561
114146
116993
117738
118083
118224
118669
119551
119948
120321
121045
121118
121356
121902
122328
122463
122543
122757
122785
123141
123463
123912
124315
124416
124735
125957
128038
128296
129113
129588
130001
130054
130245
131107
131347
131681
131712
132153
132461
133209
133303
133450
133577
134012
134555
134708
135898
136387
138909
138946
139003
140052
140081
140209
140865
140867
141006
142586
143551
145095
145892
146254
146284
146785
146971
147525
147614
148843
149272
150186
151091
151365
151842
151902
152552
152739
153189
154016
154135
154701
155701
155761
155828
156537
157422
158898
159710
160357
161202
161836
162229
162822
163542
164450
164627
165563
166257
166352
166474
166501
166713
167540
168946
169411
170148
170728
171427
172238
173154
173378
173894
173921
174141
174451
174500
174801
175308
175906
176409
176412
177129
177476
178287
178597
179413
179952
181308
181352
183069
183119
183555
184040
184071
184235
185128
185396
185484
185592
185602
185774
185824
186809
187030
187118
187226
187584
187755
187879
187901
187935
188861
188931
189764
190057
190285
190392
190437
192516
192573
192724
193274
193460
193494
194137
194737
195255
195430
195816
195974
196072
196138
196324
197360
197976
198214
198537
199038
199887
201372
201920
202210
202439
202519
204218
204416
204431
204936
205254
205635
205807
206463
206939
207248
207487
207976
210020
210228
210458
210942
211622
213668
213692
214111
214604
214704
214838
214918
216757
217037
217214
219020
220834
220930
220981
221077
221755
222866
223001
223379
223569
223646
223997
224356
225086
225596
226337
226468
226512
226678
226885
227133
227712
228556
230018
230232
231513
231545
232572
233227
233569
234079
234422
235232
235600
235622
236139
236498
236901
238031
238417
239000
239138
240099
240343
240828
241065
241078
241201
241203
241239
241568
242691
243246
243752
244495
244659
245030
245243
245949
246287
246658
246849
246966
247207
247577
247667
247891
248190
248527
248550
250174
250224
251180
251535
251935
252569
252898
253045
253093
253429
254027
254196
255569
255908
256496
256594
256716
258898
259429
259483
259653
260530
260699
260926
261053
261079
262555
262769
263166
263275
263651
263779
265978
268107
270480
271024
271035
271143
271643
273410
273613
273813
275318
275481
276010
276361
279514
279764
280259
280279
280361
280493
280896
281701
282034
282501
283065
283759
284057
284137
284885
285018
285467
288669
289287
290264
291295
292633
292742
293042
293236
293448
293675
293901
293995
294333
294968
296578
296649
296777
296804
296810
297133
298069
298088
299245
299488
299828
301200
301276
302730
303029
303038
303842
304980
305120
305841
307035
308257
309292
310110
310508
310594
311393
311827
311856
312262
312695
313014
313880
314031
314130
315519
315626
315792
316804
316957
317353
318096
318339
318364
318442
319252
319849
320744
321226
321503
322387
322551
322765
323293
323592
323802
324168
324291
324730
324832
325642
326038
326083
326355
326493
326747
327113
327179
327550
327648
327695
327982
328063
328340
329392
329454
329941
330454
330589
330607
331176
333406
334399
335765
336751
337213
338011
338677
338893
340338
340857
340883
340928
341387
341517
341821
342620
343720
344744
345200
345898
346449
347013
347017
348023
350398
350437
351354
353600
353919
354410
355057
355485
355930
356819
356886
357181
358006
358234
358245
359137
359497
359564
360373
360562
361242
361461
361965
362231
363234
363749
363853
364841
366921
368481
368583
368717
369427
370288
370967
370991
371353
373459
375847
376158
376400
376801
376980
377102
377166
377470
377985
378157
378367
379561
380508
380768
381779
381907
382088
382151
382232
382508
382742
384381
384571
385277
386190
386743
388563
388953
389078
389288
389928
390015
390091
390390
391318
391446
392981
393182
393733
394137
394601
395254
395282
395388
396097
396877
397470
398265
398386
398448
398784
399013
399867
399932
400404
401267
401480
401537
401947
403918
403985
404145
404197
404621
404846
405067
405224
405396
405625
407101
407768
407844
408052
408235
408505
408693
408776
409347
409985
410059
410536
411463
411589
412020
412636
412784
412875
413035
413760
413850
414554
414947
415361
415390
416834
418640
418656
418882
418912
419064
419194
420671
421530
421855
422573
422643
422815
423808
424178
424822
425007
426237
427139
427324
428133
428491
430261
430596
430675
432088
432515
433114
433429
434199
434482
436141
436195
436583
436671
437263
437366
438368
438374
438941
439341
439590
439903
440129
440535
440791
441393
441608
441756
442244
443037
443224
443929
444269
444308
445037
445065
445118
445794
447020
447831
448003
448318
448838
450236
451291
452326
452980
453215
453460
453470
453495
453680
454839
454927
455269
455341
455423
455731
456201
456298
456649
457195
457400
458010
458171
459437
460009
460248
460706
460788
461045
461072
461326
461749
461833
463351
463433
463744
464947
465177
465263
465799
467366
467758
467774
468906
469005
469398
469743
469750
469931
471418
471898
472825
472827
473416
474106
474615
475378
475524
476338
476460
477399
478874
479124
479159
479450
479557
480475
480810
480916
481076
481166
482380
483583
483750
485301
485363
485571
485961
486597
487475
487683
487692
487823
488570
488673
489228
489981
489998
490470
490979
491613
491706
492555
492643
492710
493612
493635
493764
493972
495172
495832
496006
496431
496713
496885
496958
497636
497666
497922
498049
498234
498838
499865
499869