144
506
613
1523
2092
2835
4099
5992
6100
7476
8182
8653
9511
11694
13927
14614
14902
15939
16675
17522
17658
17983
18686
18973
19113
20156
20168
21006
21225
21797
23274
23283
23426
23713
24639
25015
25121
25839
26593
28217
28485
28652
29166
29769
30159
31068
31120
31183
32083
32095
32535
33626
33628
33678
33968
33991
34190
34285
34611
35957
36701
36743
36840
36963
37600
37896
38640
39812
40091
40485
40968
41713
41857
41882
42055
42120
42693
42935
44706
45920
46143
46945
47136
47423
47566
47691
47896
48023
48311
48770
49721
50073
50189
50907
51157
51226
51230
51648
51794
52206
53651
53850
54419
54539
54623
55176
55588
55757
56580
56692
56935
56968
57445
58029
58422
58971
59773
60080
60359
60511
60898
62547
63145
63390
63410
63612
63932
64032
64033
64295
64325
64511
64898
65377
65738
66119
66935
67245
67910
68063
69640
70088
70409
70809
71139
71613
71767
72581
72906
73674
74453
74695
78119
78299
78440
79449
80049
80157
80630
81192
81407
81441
83218
83560
84058
84582
84752
85395
85443
85504
86299
87061
87796
87823
87847
88449
88862
89221
89337
89774
89803
89873
90418
90940
91649
91919
91923
92910
92944
93949
94403
94435
94548
94841
95134
95180
95458
97195
97471
98027
98375
98567
99413
99600
99685
99854
99879
99936
100642
101478
101541
101707
101869
101960
102304
102691
104088
104136
105111
105735
105952
106103
106111
108012
108904
110020
112229
112528
113400
114829
114972
115234
116187
116563
118448
118917
119406
119479
119716
121010
122541
122960
123089
123150
123655
124632
125524
126389
126695
126823
127143
127405
128560
128938
129534
130046
130054
130185
130734
130924
130947
131523
131761
131800
131995
133541
135324
135572
135868
136054
136066
136258
136617
137251
137284
138868
138963
139094
139392
139690
140799
141036
141409
142063
142305
142981
143952
144248
145012
145197
145396
146059
146557
146679
147515
149042
149150
149181
149217
149369
149552
150082
150306
150326
151340
152459
152663
152707
152886
153035
153213
153632
153722
154521
154617
155458
156321
156744
156750
156840
156910
157137
157190
157193
157235
158275
158652
159284
159835
159928
160389
160643
161290
161749
161966
162674
163169
163302
163735
163953
164991
165153
165439
166465
166892
167617
168075
168110
168114
168353
168479
168599
169474
169626
170530
170970
171294
172591
173423
173442
173718
173884
174351
174464
174995
175447
175502
176506
176572
177312
177645
178738
179688
180408
180787
181230
181418
181538
181550
182000
182013
182377
182658
182725
183321
183415
183616
184014
184174
184540
184912
185600
185684
185961
186525
186731
186964
187490
187544
187652
188632
189657
190584
190958
191849
191927
192195
193367
194840
195544
196033
196352
196893
197350
197452
197595
197630
197781
198136
198896
199273
199522
199987
200112
200711
202346
202546
203138
203196
203401
203409
204572
204577
206954
207039
207139
208152
208514
209775
209856
210979
211005
211146
211536
211960
212285
213291
213337
213617
215018
215172
215694
215860
216477
216823
217116
218445
219240
219589
219671
221163
221475
221512
221985
222197
222886
222951
223944
224287
224392
224456
224479
225596
225870
225971
226003
226115
226482
226499
226777
227247
228417
228565
228917
228933
229166
229995
230803
232965
233228
234362
234585
235054
235141
235707
236447
237394
237576
238771
239072
239165
240038
240091
240582
240757
240872
242583
243103
243220
243235
244163
244988
245289
245363
245581
246128
247524
248487
248549
248845
249230
249398
249421
250694
250817
252053
252114
253996
254253
254258
254721
255052
255104
255238
255446
255914
257775
258285
258508
259528
259897
260057
260489
260854
261605
261720
262920
263165
265254
265711
266177
266300
267797
267830
267923
268348
268399
268675
269697
270588
270656
270883
270974
271496
271795
271876
272764
273778
275012
275174
275515
275676
276134
276315
278565
278760
279044
280038
280353
280625
281134
282065
282755
282913
283870
284411
284758
284961
285756
285948
285974
286774
287460
288374
288770
289080
289778
289826
290904
291563
291759
292348
292450
292921
293315
293499
293531
293808
294729
294843
294850
294870
295265
296723
297078
300536
300936
300955
301291
304468
304555
304643
305107
305404
305721
306065
307131
307675
307978
308910
309766
309817
311528
311805
312506
312682
312710
313152
313498
313643
313668
313797
314012
314227
314709
315047
315876
315978
316048
319664
319667
320202
320663
322751
323531
323788
324191
324440
324747
325384
325465
326539
326875
327351
327370
328671
328733
328767
328995
329201
329693
329793
330032
330276
331428
331488
332119
332415
332641
332942
333034
333289
333370
333659
334068
334095
334566
334592
334736
335438
336552
336941
338215
338874
340377
341251
341584
341831
342562
342950
343120
343758
344586
345088
346277
346301
346452
346711
349271
349476
349640
351435
352281
352657
352672
352739
353392
353713
354146
356590
356869
357028
357651
358101
358264
358301
358752
358792
358963
361138
362693
363116
363580
363797
363872
364000
364119
364511
364836
365041
365304
365481
366007
366387
366807
366963
367696
368508
368664
368996
369024
369985
370309
371069
371078
371279
371372
371539
372005
372114
372987
373228
376971
377260
377679
378570
379087
379612
380015
380454
381176
381444
381790
381878
382510
382857
383878
384460
384553
384701
384886
384909
385582
385750
386295
386400
386853
387086
388200
388441
388887
389011
389069
389136
390652
391620
393620
394066
394281
395895
396633
396725
397343
397422
397528
397753
398223
399051
400280
400451
400892
401614
402210
402794
402926
403266
403342
403369
403378
403832
404487
404528
406275
406898
407242
407842
408302
408653
408654
408661
409866
410549
413137
413260
413388
414503
415146
415824
415981
417076
417363
418037
418242
418978
419559
419910
419964
420154
420168
420425
420545
421310
421848
422263
422915
423878
424355
424658
425009
425461
426230
426507
426521
426761
427184
428569
428987
429487
429855
429901
430267
430579
431465
431511
431712
433322
433704
434769
434949
435538
435992
436365
436793
437098
437194
437200
437486
437611
437678
439511
440092
440552
441208
441671
442345
443863
444881
445489
445986
446075
446135
446571
448278
448319
448813
450268
451005
451035
451233
451490
452076
452357
452375
452645
453473
453480
453841
454596
455152
455528
455628
456328
456896
457493
458332
458350
458932
458979
459293
459976
460968
461221
462788
462871
463421
464190
464267
464536
464620
464676
464823
465370
466045
467936
468002
469323
469977
470939
471874
472206
472663
474257
474579
474945
476157
476604
476963
477163
477770
477919
478732
480434
480704
481000
481184
481608
481775
482626
483093
483167
483183
484601
484698
485224
485298
486675
486678
487044
487810
488374
488637
488929
489114
490127
490164
491319
491468
491497
491772
492997
494399
494580
495262
495516
497262
497633
497841
498410
499184
499679