743
1063
1237
2092
2434
2781
4464
4790
5392
5990
7521
7633
7797
8232
9256
9529
9635
9834
10398
13572
14001
14092
14130
14586
14848
14956
15000
15074
16019
16240
16293
16867
17287
18016
18353
19167
19669
20142
20528
20940
21841
22013
22060
22602
23023
23143
23846
24274
25881
26405
26503
26658
26667
27373
28174
28314
28335
28807
29376
30032
30036
30517
30649
30696
31203
32191
32859
33667
33789
33885
35000
35160
35299
35798
36310
37027
37212
37459
37531
38742
39899
39945
41078
41284
41557
41807
41839
43255
43643
44119
44647
45239
45360
45597
46336
46745
47289
47543
49072
51219
51290
51536
51990
53705
53879
54594
55410
55430
56688
56806
58341
59869
60047
60698
62349
62494
62693
64132
64539
64822
64851
65858
65904
66348
66456
67311
67485
67712
67893
67930
67963
68557
68819
69183
70455
70514
70707
70716
70977
71782
71946
72099
72571
73054
73180
73585
73709
73731
73824
74043
75575
76006
76298
76397
76792
77469
77595
77754
77959
78632
78933
79130
79857
80351
81796
82023
82049
82927
83582
84191
86326
86408
86500
86579
86983
87035
87388
88310
88513
89300
89399
89881
90229
91252
93379
93958
94081
94508
94767
95058
96215
96618
97020
97033
98152
98558
99028
99425
99789
100345
100826
100957
101501
101630
101812
102525
104288
104733
105089
105619
105661
106146
106185
106219
107357
107532
107559
107654
108069
108092
109721
109947
112233
112256
112693
112886
113276
114214
114370
114744
114753
114809
116288
117286
117396
117719
117778
117864
118022
118400
118837
120905
121202
121410
121446
121633
121973
122095
122964
123579
123940
124508
125035
125617
126414
126707
126712
126994
127983
128005
128306
128587
129169
129758
130264
130991
131026
131447
132558
132586
132675
132737
132838
134078
134177
134217
134244
135325
135702
135845
135945
136127
136891
136996
137258
137561
137910
139950
140921
141444
141692
141739
142033
142036
142380
142434
143280
143304
143391
145003
145021
145082
145229
145660
147016
147539
148035
149948
151042
151324
151946
152273
152422
152900
153034
153303
153667
153906
154694
154898
156238
156373
156737
156839
157614
157828
158612
158771
159117
159197
159467
159987
161718
162500
163175
163866
164318
166528
167337
168094
168913
169003
169078
169202
170815
170868
172087
172922
173330
173418
174963
176040
176116
176398
176777
177699
178239
178739
178980
179298
179394
179862
180033
180590
180728
181300
181545
182367
182907
183328
183524
183906
185063
186413
188476
188546
189553
190054
190559
190623
190801
191830
192096
193165
194086
194495
195446
195950
196161
196220
197341
197965
198287
198652
199923
201163
201311
202338
202853
204918
205036
205568
206139
207503
208097
208243
208899
209643
210282
210422
210457
210751
211013
211707
212182
212670
213494
213960
214382
215367
216329
216460
217476
217687
217706
218127
218214
218417
218468
218534
218892
219912
221310
221823
221838
221982
222172
223255
223323
223463
223688
224228
225343
225545
225680
225899
226673
228451
228513
228770
229101
230046
230707
231087
232610
232953
233501
233524
233586
234050
234373
234818
235525
236105
236277
236505
236669
237058
237079
237359
237463
237897
238601
238672
239103
239283
240387
241434
242614
242794
242930
243083
243083
243301
243850
243930
244168
244300
244318
244422
244797
245774
246042
246669
246718
246792
247434
248337
248364
249319
249594
250483
252451
252909
253033
253118
256185
256438
256447
257616
258675
258789
258984
259616
259957
259958
260103
260482
260624
260845
262981
263007
263669
264244
264855
265007
265305
265310
265831
266019
266223
266385
267123
267615
267976
268594
268893
269111
270700
271146
271801
272434
272687
272717
273770
273934
274280
274856
274955
275230
275316
275820
276310
276799
277410
277949
278066
278071
278395
278685
279030
279041
279058
281079
281177
281256
281607
282145
282352
282390
282769
282871
283222
283413
284061
284098
284665
284710
284796
285458
285944
286545
286570
287109
287166
287246
287645
288091
288383
288814
289486
289531
289776
290192
290215
290555
290947
291236
291458
291908
292475
293322
293397
293560
293705
294852
295875
295978
296893
298138
298580
299863
300442
300944
301026
301366
301501
302929
303164
306330
306846
307241
307474
307619
308110
308568
308728
309327
309892
309935
309964
309968
310412
311414
311469
312409
312790
314406
315648
316063
316753
317190
317713
318565
318586
319343
319584
319864
320728
322019
322701
322953
323763
324112
324170
326892
329254
330022
330185
330506
330574
331113
331281
331369
331568
332401
332649
332891
332997
333068
333161
333218
333448
333622
335518
335752
335977
336438
336484
337209
337644
338190
338247
339737
340306
341467
341810
342930
342932
344039
344193
344565
345945
347110
347481
348142
348822
349390
349408
349955
350420
351010
353775
354314
354567
354687
355055
357168
357183
358750
360274
360657
360798
361620
361661
361953
362736
362906
362907
363114
363130
363170
363188
363252
363351
363429
363486
363493
364042
364048
364058
364617
364987
366914
367297
367478
367572
368194
369061
369864
369923
370219
370488
372045
372092
372266
372716
372801
372919
373317
373340
373777
373850
374182
374439
374804
375323
375809
375960
376089
376325
376782
377539
377682
378656
379605
379642
381495
383218
383273
383284
383751
384082
384349
384370
384796
385510
385685
386007
388177
388275
388438
389151
390652
390934
391120
392010
392710
392718
392819
393292
394827
395236
396348
397941
398162
399087
399774
400580
400601
400916
401960
402263
403813
403824
404095
404202
404401
404529
405417
405446
406233
406390
407721
407776
408241
408368
408720
409357
410772
411248
412059
412319
413195
413313
414543
415158
415735
415824
415974
416939
418249
418315
418887
420161
420162
420593
421028
421536
421666
421931
423249
424084
424478
426210
426351
427229
427435
427741
428352
428737
429011
429098
429743
429832
431416
431487
431592
431594
431673
432198
432222
432517
433061
433926
434739
435484
435568
435969
436877
436922
436943
437336
437474
438189
439567
440121
440650
441243
441397
441678
442067
442150
444975
445008
445018
445028
445104
445200
445579
445782
446510
447006
447477
447680
447780
447805
448267
448569
448572
449114
450478
451010
451144
451434
451990
452051
453608
454579
455151
455517
455777
455833
456594
456694
457205
457359
457441
457686
458342
458709
459272
459382
459641
460206
460337
460495
460502
460547
460882
461133
461143
462390
462417
462526
463191
463638
464673
465102
465331
465587
465983
466791
466968
467035
467908
469028
469178
470090
471210
471408
471901
472176
472647
473047
473750
474487
474487
474595
475082
475604
475844
477285
477563
478101
479023
479272
480164
480285
480440
480704
480730
482506
483052
484427
484711
485009
485173
487572
487666
488832
489386
489777
490174
490923
491526
491694
493042
493580
494997
495205
496489
497175
497275
498073
498553
499551
499651
499708
499924