429
666
824
978
1051
1177
2795
3155
3888
5654
6020
6287
6358
6859
7034
8645
8938
9226
12116
13670
13815
14046
14700
15069
15854
17114
17152
17772
17884
18342
18716
18723
18942
19658
19733
19861
20096
20706
21275
22262
23000
23008
23717
23902
24187
25148
25168
25194
26236
27262
27451
28664
29336
29488
30582
30900
31702
32457
32670
33232
33275
33549
33719
34733
34977
35039
35407
36539
36715
36791
37079
37488
37528
37747
38371
38971
40757
41641
42532
42733
43082
43770
44041
44457
45887
46107
46550
47584
48678
49471
49824
49898
50536
50917
51072
52513
52675
52693
53229
53936
54810
54927
55149
55570
57332
57593
58175
58663
59571
60509
61034
61601
62085
62506
62715
62881
62911
63724
64061
64106
64316
64884
65050
65765
66875
67104
67680
67836
68831
69828
70685
71201
71659
72663
72994
73033
73049
73096
73341
73550
73621
74207
74705
74795
75187
75306
75592
76930
77338
77354
77833
78099
78695
79917
80336
80778
81672
82376
82687
84319
85293
87749
87896
88132
88888
91337
91756
92205
92207
92385
92412
93010
94222
95117
95375
96838
97651
97912
98006
98351
99145
99758
99997
100240
101111
102158
102771
103619
104139
104308
104375
104898
105537
105702
106121
106523
106917
107134
107430
108095
108337
108962
109928
110473
110503
110869
112098
112261
113072
113218
114101
114174
114221
114729
115713
116031
116126
116396
116547
116801
117817
118043
118643
119037
119226
119459
120445
121068
121447
121925
123631
124183
124592
125403
125478
125646
126370
126479
126867
129050
129363
131044
131197
131630
131794
132715
132844
132917
133089
133435
133778
134127
134584
134797
134949
134975
135312
135363
135845
136855
137392
137581
137806
137883
138105
138553
138582
138818
138827
138983
139422
139976
140115
140436
140645
141842
141946
142150
142596
142716
144492
144548
144660
144678
144976
145107
145866
146876
147965
148031
148643
149452
149527
150139
150369
150608
150695
151374
152137
152368
152948
153158
153160
153171
154625
154838
155371
155437
155657
156639
156736
157016
157299
157314
157617
161287
161304
161575
163351
163408
163772
163805
164124
164675
164900
165525
169061
171177
171250
171398
171603
171691
171694
172071
172184
172268
172284
172779
172899
173845
174459
174668
174863
174941
176269
176488
177113
177193
177425
178090
178406
178651
179132
179265
179586
180133
181310
181784
182072
182456
182660
182989
183159
183908
184286
184589
184619
185155
185394
186097
187518
187867
187897
188229
189152
189282
189360
189890
190107
190600
190663
190919
191396
191754
192045
192287
192473
194296
194808
195159
195394
196726
197573
198676
198932
199037
199731
200467
202701
202734
203395
203803
203880
204060
204291
205055
205421
206611
207650
207817
207971
208185
209006
209190
209368
209423
209424
209965
210633
210708
211461
211624
211869
213123
213517
213607
213986
214049
214369
214537
214630
214837
216667
217266
217616
217794
218547
218839
218928
219070
219532
219878
221956
222028
224220
224228
224429
225784
225915
226743
226800
226956
227318
227888
228253
229621
229854
230637
231034
231316
232205
232557
233897
234174
234545
235102
235195
235288
235353
235517
235739
236447
236662
236978
237124
237570
238482
238897
239708
240433
240462
240739
240900
241198
241279
241365
241566
241677
242649
244078
246239
246261
247229
247249
248729
249181
249324
249876
250119
250166
250560
251057
252009
253480
253865
254024
254406
254961
255467
255682
256092
256598
257073
258747
259292
259297
259352
259381
259842
260011
260739
260786
260829
261576
262811
263537
264482
265600
265805
266467
267175
268000
268996
269313
269676
270537
271231
271879
272056
273648
274117
275204
275987
276919
277216
277342
277822
277945
277979
278467
279569
279615
279990
280039
281575
282709
283135
283864
284120
284515
284621
285525
285902
286032
286685
287094
287352
287703
289249
289565
289652
290029
290260
290691
290696
292410
293015
293144
293361
293500
293812
294603
295553
296365
296762
296847
297142
298606
298951
299011
300128
301044
301051
301458
301675
302350
302481
303331
303332
303960
305650
306135
306494
306515
306521
306788
306803
307794
308682
308908
309895
310267
310739
310822
311686
311732
312192
312471
312473
312623
313508
313848
317029
317472
318116
318544
318981
319018
319386
319660
319938
320744
321216
321781
322233
322505
322544
322852
323238
324488
324687
325463
325475
325540
325976
326027
327501
328747
329568
330936
331218
331230
331918
332637
333111
333500
334160
334229
334287
334682
335310
335434
336772
337939
340151
341737
342829
342895
342954
343533
343944
345490
347304
347866
348637
348726
349188
351252
351909
352086
353017
353822
355040
355273
355400
357792
358307
358608
359035
359251
359636
360121
360969
361109
361341
361679
362167
362349
362473
362560
362755
362858
363672
363717
363919
364180
364279
364628
364706
365153
366897
366949
367843
368027
368809
370810
371109
371209
371225
371364
371607
371767
371826
372185
372270
373379
373619
374098
374737
374980
375508
375534
376751
377332
377619
378835
378853
379343
379665
379706
380128
381992
382494
383024
384020
384322
385301
385320
385878
386048
386403
386459
387368
387477
387543
388172
388541
389812
390322
390553
390716
391154
391166
391727
392653
395546
395799
396043
396214
396500
396696
396851
397788
397866
399061
399314
399473
399729
399953
400305
400715
400953
401143
402421
403258
403866
404070
404077
405043
405623
405734
405906
406069
406604
406700
407688
408236
408777
409305
410684
411252
411834
411953
412397
412545
412550
412972
413401
413978
414035
414158
414212
414837
415031
415714
415778
416041
416676
417363
417485
417684
417944
418577
418869
419328
419511
419514
419829
419844
419901
420533
420642
421159
423429
424107
425223
426234
426326
427185
427267
427437
427564
428177
428364
428507
428530
428567
428764
429746
430657
430701
430993
431872
431973
432750
433087
434013
434158
435150
435383
435509
435846
436386
437377
437439
437444
437487
438451
438811
438853
439008
439071
439174
439836
439952
440256
440463
440783
440973
441130
441355
442049
442187
442371
442598
443811
444573
444679
445135
445211
445258
445704
445801
446009
446015
446374
446590
446733
448053
448167
448623
448740
449206
449472
450136
450485
451074
451411
451658
452179
453060
453636
454864
455558
455779
456336
456865
457296
458324
458679
458965
459109
460465
461083
462710
462759
463360
463506
464497
465468
465632
466451
466712
467115
467843
468478
469039
469437
471585
471722
471838
472390
472796
473453
473670
474772
474772
475393
476136
476547
476590
477417
477607
477961
478199
478429
478575
479207
479258
480366
481397
481412
481631
482166
482270
482882
482940
483068
483267
484084
484430
484523
485473
486535
488375
488615
489101
489211
490064
492059
492598
492620
493887
494188
494824
495054
495104
495324
495664
495815
495861
496452
496849
497411
497995
498577
498685
498957
499281
499996