693
1148
1786
2237
2478
2795
2921
3388
3749
4181
4609
4947
5716
6791
6988
8058
8110
8614
8986
9263
9674
10407
10554
10815
10831
11485
12025
12185
12701
14007
14202
14336
14495
15395
15484
16107
17675
17688
18930
18985
19107
19319
19925
20111
20210
20274
20360
20486
20611
20901
21093
21133
21452
21652
21743
21766
22105
22820
23312
23634
24041
24096
24148
24249
25626
25806
25929
26646
27362
27440
27892
27949
28693
29702
29734
29900
31115
31513
31555
32017
32072
32746
32863
33750
34236
34666
34889
35502
35807
35897
36000
36350
36639
37310
37608
37794
38191
38714
38912
38926
39303
39964
40669
42158
42258
42856
43453
43551
43589
43733
44987
45377
45945
47245
48324
48689
48917
49829
49853
50454
51228
52431
53147
53318
54050
54501
54630
54800
55253
55710
56279
56425
56679
56920
57455
57665
58010
58219
58274
58837
59214
59730
60426
60943
60961
61173
61431
61505
61733
62101
62741
64324
64784
64901
65921
66026
66298
67215
68272
70323
70561
70655
71132
71697
71713
72936
72995
73043
73749
74109
74871
75926
76578
76923
77491
78026
78213
78625
79643
79973
80733
81596
82266
84018
84517
86097
86306
86705
87293
88151
88458
88471
88714
88900
89090
89131
89447
89452
90285
90448
90676
91184
91576
92284
92816
93017
93527
93579
93720
93751
94917
96948
97381
98610
98737
98737
99006
102286
102465
102509
102940
103488
103729
104087
105158
105288
105688
106101
106553
107937
108040
108332
108393
108414
108874
108889
108946
109430
109667
110036
110624
111229
112013
112317
112584
113060
113167
113683
114013
114170
115111
115959
116135
116797
117672
118582
119058
119984
120685
122435
122541
123334
123446
123594
123906
124321
124369
125202
125368
125557
126623
128557
128720
129400
129485
130478
130994
131003
131614
132156
132456
132468
132906
132936
133338
133589
133623
134363
134397
135104
136388
138221
138805
138982
139456
140310
140463
140551
141285
141332
141346
142117
142518
142735
142820
143083
143481
144806
145379
146019
146502
146778
146796
146797
146928
146994
147012
147594
147773
149029
149421
149662
149907
150060
150425
150723
152029
152529
152602
153424
153557
154266
154526
155216
155300
156026
156466
157265
157910
158032
158098
158844
159349
159883
161369
161795
161976
162162
163369
163992
164771
165260
165646
166934
167334
167420
168913
169856
170010
170434
171432
172172
173415
173657
173966
174066
175072
175441
176591
176856
177411
177515
177983
178762
178788
179643
179727
179962
181010
181157
183278
183376
183717
184466
185887
186298
187416
187628
188470
188643
188935
189181
189993
190878
191736
192106
192225
193167
194217
194251
194482
195420
195905
195911
195939
195995
196265
196977
197246
197648
198888
199139
199996
200889
201181
201548
202114
202294
202597
204551
204581
204602
204888
205409
206834
207224
207581
209362
210919
211218
211529
211829
212206
213052
213530
213823
213848
214187
214328
214510
214779
214921
215456
215493
218473
220207
220239
220264
220464
220743
221158
221604
221633
221812
222255
222954
223364
223639
223698
223908
227361
227440
227510
228033
228760
229233
229932
230039
230827
230948
231161
232093
232205
232504
233631
233972
234177
236291
236389
236586
237078
237259
238281
238725
238943
239160
239507
240052
240100
241098
242464
243347
243566
243571
244025
244161
244784
245105
245649
246115
246304
246357
246439
246448
248453
248895
249931
250018
252013
252420
252913
252913
253130
253208
253807
254695
255372
255602
256601
256696
257152
259491
259771
260330
260889
261329
261472
261554
262223
262919
263499
263812
264621
264980
265277
265330
265904
266044
266584
266678
267578
268253
268299
268621
268771
268972
269158
269596
269931
270076
271028
271185
271834
272029
273780
274321
276741
277206
277712
279022
279414
279480
280630
280675
280984
281783
282303
284613
285005
285347
285578
285607
285681
285905
286598
287742
288006
289319
289450
289574
290610
290694
291837
292147
292829
292851
294231
294308
294408
295662
295818
296520
296841
296867
297115
297176
297547
297630
297687
298034
298241
298246
298334
299168
299573
300059
300500
300699
302695
302773
303709
303946
304112
304237
304581
307240
308027
308706
308814
309019
309163
309365
309784
309951
310053
310173
310430
311084
311149
311255
312071
312118
312196
312317
312966
313727
313872
313914
314208
315200
315366
315804
315832
316350
316460
316692
317293
318599
318699
319041
319606
319615
320310
320729
321143
321821
321952
322171
322222
323151
323221
323348
323438
323491
323611
323692
323993
324106
324144
324701
324954
325114
325843
327149
327665
327735
327901
328225
329155
330676
330708
331322
331465
332114
333276
333766
334409
334485
334752
334860
335242
337647
337825
337938
338121
338196
339057
339230
339274
339945
340520
341057
341280
341323
342084
342324
342776
344060
344811
344845
345027
345798
346235
346651
346942
347632
347893
348075
348643
348824
349481
351557
351768
352448
352602
353768
353773
354167
355130
355508
355646
355918
356778
358309
358656
358668
358677
359154
359964
361468
361507
361554
361679
363405
364018
364265
364770
365366
365500
365780
365981
366176
366589
366696
366813
366942
367084
367610
368543
368752
368826
369645
369707
370098
370271
371223
372166
372276
372320
372569
375002
375379
375813
377506
377588
377923
378520
379423
379752
379886
380092
380531
380971
381695
381819
382298
383411
383639
384349
384467
385295
385926
386225
386397
386559
386877
388341
389387
389736
389859
389953
391224
391723
391962
392194
393472
393594
393862
394998
395237
395841
395957
397895
398622
399648
400130
400293
400335
400983
401137
402622
402717
402856
403044
403161
403329
403628
403685
403944
404212
404317
405886
406095
406725
407281
407460
408311
408572
408947
409072
409420
409897
409966
410340
410644
410768
410865
410923
410953
411007
412090
412258
412371
412590
412620
412770
412935
413114
414122
414572
415958
417840
418486
419684
420855
421097
422354
422469
422535
423084
423348
423403
423475
423696
424827
425274
426473
426621
426802
427880
428221
428312
428656
429079
430530
430551
432246
432322
432378
432953
432997
433418
433662
434033
434422
434708
435766
436549
438615
439090
439259
439466
441182
443229
443569
444038
445293
445304
445341
445798
447003
447395
449023
449272
451131
451291
451470
451734
451788
452160
453539
453777
455085
455680
456243
456591
456944
457344
457394
457659
457997
458267
459253
459462
459592
459684
459902
460734
462181
462550
462969
463446
463540
463650
463799
467440
468349
469076
469365
470721
471641
472639
473034
474787
474799
475264
475931
476262
476919
477175
477227
477511
477702
478155
480343
481193
481820
481866
483043
483470
483577
483729
483918
484624
486965
488303
488803
489523
490415
491453
491616
492460
493082
493167
493292
494114
494738
495087
495110
495300
495301
495677
496601
498112
498165
498367
498404
498527
499243
499527