580
1349
1467
1879
1989
2036
2119
2417
2812
3828
4515
4591
5698
5815
6035
6045
6155
8533
9050
9741
10348
11131
11796
12370
13022
15414
15453
15469
15539
17080
17721
18324
18999
19088
19359
19659
19764
20676
20985
21521
21761
22548
23449
23887
23908
23928
24021
24812
24837
25377
26269
26836
27209
28893
29681
31158
31571
32706
33036
33386
33715
34384
34966
35085
35590
35728
36380
36400
36446
36485
37360
37691
38267
38512
38601
41136
41559
41960
42032
42206
42630
42809
43174
43446
46068
46411
46973
47203
47213
47221
47897
48346
48347
48651
48932
49494
49937
50026
50614
50760
50897
51331
52239
52783
52879
54202
54944
55570
56826
57313
57829
57919
58128
58691
59532
59579
59664
62724
63314
63318
63716
64865
65379
66175
66598
68279
68877
69019
69201
70113
70117
70313
70634
70828
71588
71644
71979
72018
72270
73069
73191
73317
73338
73613
73916
74429
74492
74699
75037
75417
75503
75621
75668
76489
77400
77850
79229
79444
79631
79801
80044
80768
81339
81596
82735
82820
83653
83813
84004
84743
85319
85654
85869
86558
87361
88770
89405
89561
89838
91314
91354
92267
92457
93153
93516
93677
94069
94614
95264
95770
96341
96511
96809
97245
97257
98246
98473
98841
100142
101027
101427
101431
101605
103353
103669
103874
104089
104314
104444
104629
104997
105019
105768
106507
107379
107674
108102
108251
108319
108893
110034
110295
110520
110985
111466
111893
112154
112785
112942
114116
114176
114482
115385
117061
117083
117572
118283
118615
118807
119902
120268
122764
122861
122899
122949
123175
123219
123995
124243
125139
125461
125500
125741
126668
127546
128435
128498
128740
129130
129235
129805
130520
130932
131226
131363
131427
132486
132618
132650
132886
133229
133489
133621
135259
135613
135908
136373
136617
136836
138378
138426
139422
140466
140651
141589
141835
142493
145379
146074
146795
146798
148796
149989
150174
150770
151501
151680
151818
153190
153305
153314
154020
154110
154217
154472
154722
155003
155619
155870
156093
156803
156985
157109
157117
157251
157418
158981
161679
161971
162025
163060
163572
164082
165937
166836
168273
169299
169771
170070
170254
170463
171361
171397
171417
172351
172505
172540
172723
173814
173941
174050
174082
177073
177924
178025
178770
179056
179774
180322
181155
181209
181831
182447
182889
182957
184105
184271
184304
184427
184633
185600
185764
186298
186610
187234
187862
189061
189511
189692
190654
191474
191935
192444
192704
193960
194372
194745
195289
196022
196147
196388
196548
196637
197086
198063
198348
198652
199261
199713
199918
201350
201612
203116
203287
203457
203815
204024
204186
206746
207030
208094
208264
209376
209941
210153
210477
210620
211221
211259
211547
212035
212239
213305
213432
213553
214089
214462
214596
215117
215180
215193
215279
215875
216455
216759
216862
217065
217260
217419
218948
219387
220001
220782
220940
221692
222051
222487
222953
223346
225265
225505
225817
226391
226584
226962
227656
228381
228643
228840
229080
229690
230427
230681
230890
231433
232084
232496
232648
234173
235343
236808
236924
237208
238305
238329
238730
239616
239740
240242
240688
240947
242402
242775
243119
243771
244462
245127
245417
246075
246687
246945
247513
247679
247854
247894
247978
248490
249816
250174
250894
251138
251650
252070
252495
253831
253897
254456
255678
256514
256879
257005
257142
257176
257311
258036
258141
259333
259508
259756
261158
261186
261515
261923
262421
262523
262637
262797
263255
263650
263939
264570
265184
265676
266677
267272
267972
269046
269657
269766
270918
271791
273444
273888
274083
274245
275217
275406
275665
275786
276195
276461
277179
277219
278099
278606
279207
279353
280220
280727
282504
282726
282869
283394
283535
283957
284107
284539
285049
286117
286506
287134
287226
287410
287417
288755
289144
289184
289394
289565
290719
290853
290938
291070
291237
293910
294519
294791
294951
295598
295972
296297
296910
297224
297491
297496
297900
297932
298276
300764
300817
301206
301779
302178
303736
304143
304233
304513
304564
304960
305718
305861
306182
306795
307620
308577
310135
310222
311060
312077
312130
312510
312913
313043
313310
313538
313703
314174
315794
316077
316840
316951
317109
318284
318364
318782
319944
320381
320861
322124
322185
325895
325935
325940
326313
326325
326654
326687
328770
328834
328981
329179
329551
330354
330761
331168
331540
331983
333364
333667
333854
334381
334636
334640
334870
334960
335220
335243
335317
335633
335663
336618
336806
337104
338227
338706
339491
340027
340477
340577
340845
340900
342449
342512
342907
342975
343515
343889
344937
345170
346107
347163
347642
348076
349055
349389
349952
351535
352705
353162
354292
354576
354633
355057
355356
355361
356262
357948
358208
358510
358882
358985
359601
359813
360195
360453
361601
361909
361940
362519
364237
364371
364726
365198
365389
365512
366484
366762
366778
367147
367481
370911
371148
371439
373095
373648
374251
374686
374723
374750
375373
375522
375692
376122
377224
377426
377451
378454
378915
379725
380250
381154
381600
382034
383210
383290
383503
384006
384059
384370
384705
385198
385715
386408
386472
387480
387716
388347
388380
389445
391730
392219
392703
392724
393011
393518
393534
394023
394492
395459
396216
397005
397836
398187
398297
399132
399972
400075
400649
401133
401404
401931
402950
403370
403769
404027
404469
404657
405471
405568
407761
408118
408923
410907
411122
411947
412193
412459
413167
413296
414524
414943
415211
416015
416321
416460
416568
416632
416762
417058
417141
417262
417283
417446
418184
418831
419088
419924
419940
420493
421006
421879
422164
422190
422977
425982
426282
426538
426852
429066
429090
429544
429623
429783
429935
430039
430055
430413
430544
431331
431967
432222
432945
432979
433230
433608
433718
434148
434535
434588
435835
437065
437215
438210
438252
438691
439286
439529
440171
440478
440533
441097
441268
442294
442426
442612
442687
443100
443687
444848
444866
445089
445574
445798
446222
446614
447392
447408
448312
448759
449694
450010
450112
450126
450178
450701
450776
451047
451138
451181
451662
451744
453279
453811
454422
454655
454875
455189
455324
455563
455645
456461
457391
457682
458280
458925
459474
460017
460570
460892
461882
463046
465001
465037
465888
466248
466667
467134
467315
467380
468020
468534
468859
468899
469198
469334
469864
470051
470149
470413
470937
471360
472309
472346
472743
472932
473023
473537
473650
474192
474598
475066
475176
475217
475621
475813
476463
476717
477567
477673
477945
478881
479941
480104
480528
481124
481531
481994
482080
482234
482415
482811
483380
484136
484145
484542
484756
484860
485337
485867
486543
487543
487699
487973
488622
488755
489498
489511
489539
490343
490558
490851
491113
492104
492660
493184
493477
493594
494339
494429
494580
494660
497174
497509
497664
498801
498908
499113
499607
499842
499860