73
455
1975
2069
2324
3533
4632
4903
4950
5087
5474
6914
7610
8113
8430
8845
9934
10315
10336
10493
11406
11685
12754
12781
12829
13438
14149
14396
14404
16138
16582
17715
17900
18060
18077
18864
19259
19598
20407
21598
21803
22124
22457
22691
22948
23278
24407
25550
25680
26338
26369
26430
26935
27336
27954
28532
28951
29087
29880
30962
31855
31881
31971
32521
33491
33636
34946
37033
37070
37593
37744
39716
39728
39794
39829
39911
40782
40981
42974
43451
44051
44910
45165
45591
46798
47107
47415
48711
49284
50507
50650
50936
51039
51323
51699
51789
51870
51969
52156
52424
52673
52849
54461
54973
55189
55660
56040
56096
56809
56918
57013
57423
57556
57759
58277
58882
59902
60721
62532
62550
63815
63920
64083
65040
66383
67289
67503
68959
69145
69539
70171
70961
71596
72149
72455
72929
73318
75303
75352
75645
76207
76322
76709
76877
78732
79097
79233
79282
79428
79547
80605
81142
81975
81995
82014
82594
83112
83179
83344
84041
84365
84642
84976
85559
85703
85715
85922
86112
86674
87021
88036
88861
88967
89050
89367
89671
89791
90641
91561
92073
92179
92191
92615
93414
93650
93752
93924
94850
94982
95064
95110
95551
95761
96130
96425
96691
97212
97245
97798
98241
98583
98638
99737
99747
100534
100805
102104
102377
102399
102979
103825
103950
104604
104649
104712
104746
104821
105611
105894
105918
106032
106544
106808
106815
107448
107798
108092
108186
108403
108660
109228
109513
111070
111666
112539
112837
112925
113781
113932
114422
114424
115049
115348
115383
115931
116894
117235
117501
121011
122020
122590
122652
123233
123259
123798
124631
125210
126102
126399
127015
127130
127159
127817
127904
128233
128286
128519
128564
129534
130553
130674
131210
131348
131487
131637
131917
132188
133072
133119
133703
134600
135034
135056
135537
135703
135771
135783
136632
136977
137323
137366
137706
138460
139501
140097
141277
141468
143021
144169
144939
145460
145566
146887
148160
148580
150145
150241
150435
150534
151112
151359
151855
153517
153601
154089
154122
154322
154729
155306
155835
156105
156342
156501
156524
157706
157886
158027
158533
158894
159010
160464
160498
160784
160861
161479
161697
162713
163322
163567
164991
165358
165365
166203
166977
167252
167353
167537
167805
168167
168633
169152
169497
169698
171481
171782
172437
172783
173405
173452
173691
173716
174971
175745
175960
176022
176157
176275
176977
177020
177126
177265
178226
178239
178998
179598
180221
180598
181447
182018
183184
183511
184620
185073
185193
186249
186258
186387
186585
186586
187263
187948
188627
188733
189129
189458
189750
190492
190973
191036
191819
191978
192193
192622
193169
196888
197375
198241
198836
198975
199672
199878
200625
201400
201806
201886
202229
202278
202421
202664
202769
202878
204120
204348
204574
205506
205624
205649
205817
206118
206263
206266
206634
207186
208270
208371
208601
208955
208980
209537
210366
210770
211137
212495
212578
212703
212776
212836
212853
213420
213620
214304
214395
214800
216109
216242
216321
216502
216538
216755
216883
218744
218897
219135
219421
219521
220411
220557
220671
220739
221298
221542
221759
222720
223685
224173
224209
224223
226647
226828
226898
227364
227401
227739
228207
228325
228745
228880
229070
230407
230776
231105
231945
232694
232833
233085
233787
233947
234914
235353
236675
237128
238908
238940
240757
240784
241621
241683
242346
242826
244076
244794
244810
245775
246276
246631
246698
247067
247398
248642
248936
249327
250778
251288
251404
253815
253880
254613
254922
255315
255422
255895
256701
257239
257251
258150
258605
258830
259159
259424
260405
261606
261766
261897
262470
262881
263040
263325
263508
263640
263646
264842
265719
265888
268230
268332
269021
270120
270481
271102
271564
272092
272511
272670
273751
275150
275967
276163
276922
277088
277168
278101
279492
279534
280333
280925
281357
281411
282580
283197
284774
285276
285948
286364
287240
287880
288274
289404
289527
289848
290199
290340
290514
290950
291265
291785
291800
293411
293558
294593
294716
294721
295296
298115
298193
298539
298598
300470
301254
301963
302128
302337
303033
303206
303596
304375
304928
305864
307589
307826
307876
308442
308602
308757
309514
310045
310304
310390
310734
310870
310948
311252
311642
311898
312136
312195
312254
312550
312791
315476
316023
316855
317455
318678
319794
320277
321208
321314
321338
322296
322599
322733
324852
324941
326194
326685
327368
328477
329220
329304
329974
330281
332788
333880
334547
334670
335074
335290
335337
335820
336734
336736
337507
337935
338001
338120
338730
338917
339121
340210
340261
340907
341543
342098
343644
343823
344025
344638
345486
345724
345777
346317
346389
346778
347428
347647
347701
347758
347868
348805
349213
349354
349780
349842
349915
350468
351071
352267
352315
352621
352687
354038
354381
354473
354609
356311
356438
356656
356912
357461
358784
358829
359379
359425
359650
362100
363632
363714
363750
364052
364361
364497
365299
365756
366604
366960
368214
368308
368381
368661
368956
369654
370913
371555
372263
372717
374623
374728
375904
376734
376883
377108
377663
378522
378785
378787
378900
379854
380855
380942
381085
381879
382104
382259
382471
383000
383090
383166
383329
383356
383447
384293
385284
385761
386398
387020
387602
388073
388693
388876
390239
390252
390337
390469
390699
391365
391654
392276
393959
395394
395694
396091
396696
397220
397301
397416
398090
399916
400242
400287
400616
400810
401174
401441
401546
401781
402123
402165
402649
402715
404188
405356
406213
406446
407399
407473
407717
411042
411294
411414
411819
411841
413176
413900
414172
414224
415365
415885
416024
416095
416096
416208
416485
416548
417244
418347
418436
418662
418679
419263
419415
420120
420210
420314
420542
420717
420805
421933
421984
422356
422601
422720
422738
423415
423868
424433
426818
426986
427888
428134
428207
428232
428896
429080
429471
429737
430058
430112
430976
431056
431217
431306
431612
431703
431713
432174
432383
433231
433366
433537
433570
434054
434977
436108
436144
436747
437086
438287
438646
439072
439852
440015
440466
440494
442345
442439
444185
444273
444958
446200
446367
446467
447371
447591
447793
447905
447910
448008
448343
449633
449792
451454
451795
451907
451927
453534
453598
455246
455712
455731
456477
456484
457822
458707
460734
460937
460978
461399
461420
461807
462403
462405
463346
464431
464698
465090
465204
465570
466042
466153
466637
466973
467012
467254
469030
471696
472450
473574
473836
474138
474202
474617
475784
476100
476274
476723
477214
477397
477900
478381
479225
479255
479446
480859
481081
481655
482726
482899
483480
483540
483889
484128
484681
485413
485449
486173
486247
486588
486854
487660
488247
488757
490134
490200
490296
490542
491646
491953
492513
493164
493430
493521
494045
494607
495655
496321
497356
497845
498402
499038
499680