344
1341
1391
1617
1670
1863
2479
2817
2926
2984
3722
4320
5363
5405
5440
5648
6414
7034
7093
7674
9591
10031
10663
11483
12951
13475
13589
13626
13909
13927
14261
14303
14560
15714
16587
17266
18031
18663
19017
19087
20237
20828
21195
21939
22399
23440
24047
24071
25860
26248
27356
28803
28845
29485
29713
29870
30973
32312
33533
33832
34155
34390
34977
35486
36192
37375
38119
38243
38246
38481
38727
38911
40251
41681
42414
43052
44419
44997
45054
45073
45730
46008
46375
46451
47278
48477
48770
49061
49419
51483
52035
52977
53291
54668
55671
56113
56205
56858
56899
57836
58437
59707
60439
60665
61032
61088
61118
61268
61339
62416
62626
63039
64501
66843
67403
67481
67770
68083
68144
68147
68467
68608
68674
68745
69097
69630
70257
70500
70824
70969
71136
71394
71434
71688
71957
72185
72648
72793
73430
73793
73803
75106
75370
75457
75755
76336
76713
78508
78687
79387
79679
80319
81143
81768
82487
82490
82552
83359
84041
84096
84767
84869
85033
85884
87037
87738
88272
88357
88549
88620
88874
89025
90859
90995
91497
92346
92865
96145
97259
97375
97763
98050
98359
98846
98933
99917
100187
100576
101152
101413
103003
103389
103969
104007
104939
106728
107608
107918
108418
108475
108564
108805
109846
109908
110571
111125
111582
111631
111717
112974
113193
113217
113657
114759
114824
116287
116384
116767
117205
117457
118098
118272
119315
119924
120022
120499
121449
121466
121802
122395
122482
122514
122606
122752
123221
123223
123868
124257
124473
124927
125815
127141
127237
128023
129021
129162
129369
129812
130051
130324
130365
131175
131459
131643
131792
131856
132309
132766
132935
134591
135175
135279
135628
135832
136137
136418
136929
136948
137284
139012
140839
140851
141217
141338
142063
143025
143311
143491
144238
144269
144660
145287
146825
146881
147523
147560
148225
148710
149387
149401
150327
150671
150944
151193
151417
151627
151930
152278
152915
153060
153186
153996
154004
154347
154406
154580
154674
155205
155387
155479
155523
157283
158371
158832
158994
159690
160170
160967
162357
163006
163764
164040
164876
164931
165209
165476
166494
166494
167280
167338
167385
168217
168258
168259
169521
169584
169618
169900
170467
171206
171755
171928
173342
174741
174765
175103
175326
175691
175744
176315
176440
177140
177251
177366
177493
178795
178896
180521
182119
183203
183504
183636
183779
183933
184192
184666
185396
185425
185737
186284
186302
186309
186387
187262
187510
188185
188632
189357
189601
189956
190298
190559
190706
191113
191124
191327
191653
192212
193071
195333
195515
195584
196460
198582
198584
199153
199784
200652
200818
200896
201308
201617
202829
202893
203877
203923
204137
204606
204793
204901
206643
206704
207050
208836
209261
209465
209848
210265
211039
211150
211307
211461
211687
212290
212297
212868
213112
213893
214438
214580
215427
215489
215675
216042
216232
217385
217686
218083
218125
218179
218848
219134
220366
220675
221055
221437
221544
221654
221750
223227
223706
224035
225033
225044
226886
226993
227149
227512
227994
228216
228484
228772
229377
229694
230130
230604
230711
232226
233616
234285
236834
236953
237720
238539
239265
239643
239727
239783
240284
240447
241205
241500
242069
242071
242252
242844
243371
243538
243547
243580
244124
244175
244224
245108
245338
245401
245924
246235
246885
247939
248481
248723
248736
248981
249724
250695
250959
251430
251684
251689
252218
252363
252371
253226
253712
254936
255593
255797
255994
256816
257924
257982
258300
258830
258955
259223
260101
263100
264145
264208
264799
264998
265212
265914
265980
266979
267541
267689
268681
270569
273238
273291
273429
274438
274474
274845
275199
275255
275350
275994
276219
277548
277629
278422
278712
279493
279504
279695
280456
280591
280661
280670
280753
280773
282374
284225
284640
284743
284829
284917
286618
287765
287989
288943
289321
289334
290099
290310
290323
291606
291800
292088
293303
293693
294321
296628
297214
297419
297930
298039
298345
299744
300475
300630
301240
301500
302364
303160
303161
303270
304219
304419
305171
305224
306476
307084
307953
308652
309334
309433
310194
310530
312505
312611
312992
313202
313246
314284
314415
314478
314588
314739
315281
315402
317197
319127
319473
321634
321819
321831
321854
323298
323302
323440
324053
325945
326125
326708
327139
327481
327575
327668
328758
330414
331185
331878
332238
332388
332403
332715
333177
333179
333779
334535
335319
336144
337604
337835
337993
338689
339222
339637
340121
340475
340657
340822
341870
341990
342150
342402
342546
342932
343794
344001
344966
345170
345324
345739
346621
347326
347823
348692
349665
350331
350904
350989
351255
351343
353098
354116
354129
354723
355110
355223
355319
356209
357065
357311
358043
359268
359465
360453
360842
361375
361855
362715
362906
363136
363229
363306
364193
365264
365747
366317
366765
367113
367673
368029
368659
368922
369288
369664
369831
370095
370387
370680
371254
371610
371803
372981
373243
373648
373921
374500
374571
375347
377078
377218
377431
379194
379515
380292
380570
381564
382473
382616
382987
383110
383569
383951
384872
385701
386149
386235
386268
387104
387182
387393
387791
387800
387846
388307
388631
388946
389055
389279
389471
389572
391490
391826
391871
392107
392352
393052
393144
393308
394393
394468
395224
395269
395282
395557
396377
397314
398540
399157
399834
400483
400573
400678
401935
402149
403277
403587
404908
405053
405141
405318
405349
405351
405784
405951
406603
406824
406945
406983
407332
407648
408777
408805
408961
409748
409779
411084
411549
411943
411952
412598
412787
412885
413140
413539
413828
413954
414155
414188
414629
415086
415849
416439
417004
417557
418066
418681
419025
419533
419738
419856
420327
420421
420850
420905
421019
421102
421413
421667
422609
422729
424770
424888
425446
425582
425794
426908
427821
427928
428117
428179
428830
430975
431309
431360
432936
433408
433880
433989
434268
434704
434935
434981
435552
436063
436140
436483
436646
436685
436714
437185
437480
438426
438781
439204
439825
440028
440336
440587
440631
441290
441346
443047
443399
443877
444641
445100
445245
445664
446558
446815
447620
447876
448239
448412
449615
449693
450352
450419
450722
450895
451509
451845
451885
452030
452341
453364
453672
453980
454834
454991
456589
457119
457260
457887
459277
459719
459867
459993
460483
460915
461130
461430
462191
463501
463960
466071
466716
469067
469592
470380
470387
471321
471523
472459
473745
473963
474418
474720
475060
475832
475919
476473
476808
478226
480079
480829
480957
481017
481881
481915
481947
481956
482000
482003
482186
482580
483319
483666
483799
486015
486026
486189
486514
486544
486931
487429
487561
488395
488667
489133
489217
489231
489539
490455
490775
491105
491665
491839
492786
493582
493970
494242
494822
495080
496965
497109
497249
497299
498746
499031
499687
499776