867
1711
2373
2495
2998
3473
3510
3881
4103
4636
5086
6565
7522
7869
8677
9037
10186
10526
11752
12979
13236
14677
14891
15948
16299
17713
19105
19286
19731
20253
20795
21041
21763
22433
22763
23917
24063
24312
24408
24641
24679
24828
24966
25212
27090
28074
28120
28318
29077
29437
29641
30469
30975
32439
32447
32751
33380
33665
34463
34564
34752
35282
35355
35566
36315
37033
37148
37664
38262
38401
38572
38987
39566
39862
40642
40705
40757
41221
41818
44269
44623
44922
45113
45143
45500
46632
46844
46883
47258
47401
48824
49312
49531
49603
49702
49776
51565
52083
52945
53507
53816
54654
55764
55994
56175
56214
57840
57967
58590
60147
60913
61491
62120
62547
63082
63385
63854
64420
65268
65592
66485
67396
67682
68560
68809
69027
69310
70119
70139
70831
71085
71302
72563
72723
72838
73914
75832
76624
76881
77842
78337
78580
78994
79582
79816
80715
80896
81451
81485
83134
83439
84322
84337
84801
86061
86130
86524
87056
87157
89074
89526
89539
90977
91055
91940
92143
92325
92448
92474
92518
93180
93539
93694
94357
94416
94664
95489
96022
96222
98956
99593
99989
100089
100468
100511
100789
101887
102032
102884
102944
102991
103033
103052
103114
104549
105027
105396
105940
107149
108169
108850
110012
110636
110912
110960
111286
111436
111538
111703
111956
112074
112596
112696
112729
112872
112886
114047
114846
115057
115305
116359
116688
117499
117700
117760
118407
120384
121846
122735
123309
124223
124806
125576
125578
127427
127634
128873
128933
129712
130264
131036
131504
132393
132830
133180
133674
133835
133908
134584
135413
135573
136071
136496
137871
138073
138971
140134
140536
140820
140997
141133
141401
142356
143802
143877
144090
144434
144751
144906
144908
145002
145319
146500
146530
146770
147884
149185
149388
149634
149838
149890
150253
151472
152148
153923
154044
154384
154866
155205
155692
156734
157417
159494
159892
160771
161173
161260
161499
162553
163968
164064
164618
164699
164903
164968
165000
165146
166029
166283
166788
166942
167298
167542
168912
170210
171087
171693
172359
172743
173428
174306
175014
175045
175638
176526
177600
177873
178156
178262
178329
178755
179202
179416
179472
179654
180229
180611
181865
182407
182625
182757
182771
183719
183728
183862
185586
185632
186959
187053
187797
187925
188091
188400
188990
189429
190193
190327
190572
190867
191843
192227
192632
192871
194371
195397
196038
196292
196526
196889
197237
197754
198952
198954
199124
199731
199966
200010
200501
201813
202893
203734
204133
204615
204810
205066
206231
206537
206589
207713
208504
208770
208809
209113
209588
209828
210512
210627
212912
214420
215353
215592
215657
216511
216565
216849
217387
218699
219537
219972
220567
220649
220804
222408
222515
223274
223857
224797
224844
225098
226678
226987
227104
227299
227307
227359
227993
228069
228460
228501
228659
228946
229026
230179
230256
230435
232827
232906
233091
233321
233498
233637
233743
234003
234280
235209
235390
237368
237574
237736
238065
238071
239113
239503
239505
239532
239859
240114
241175
241281
241714
242274
242646
243390
243715
244904
245860
246526
246528
246541
246582
246727
247086
248502
248935
249240
249539
250176
250780
253368
254012
254085
254275
254417
254418
254418
255158
255609
256056
256838
257063
257789
259240
259328
261093
262057
262353
263346
263547
263635
264029
264275
264492
264714
264859
264888
265528
265545
266933
267179
267519
267596
268471
268650
269401
269417
269561
269665
269809
269990
271452
272112
272203
273265
273335
273538
274549
274665
274888
274940
274995
277543
277759
278116
278442
278504
279092
279521
280001
280337
280921
282577
282657
283151
284253
284645
284917
285588
285758
286380
287317
287610
287635
287766
288075
289068
289101
289470
289673
290125
290212
290295
290432
290521
290813
291075
291120
292438
292464
293332
293613
293675
294394
294568
294622
294636
295666
295785
295813
296741
297136
298152
298349
298704
299091
299127
299180
299280
299338
299390
299713
299922
301986
302163
303781
303877
303940
304603
304666
304820
304992
306403
306941
309147
309441
310282
310554
310668
310706
311844
311895
311974
312194
313267
313350
313422
313667
313815
314178
314628
315083
315393
315432
315595
316426
316438
317290
317612
317814
317987
318083
318405
319658
319733
319890
321302
321427
321435
321636
322146
322385
322895
323138
323402
324150
324409
324718
324806
325059
327047
327462
327556
327894
327903
327915
328141
328160
328234
328680
328824
328961
329484
330869
331360
331719
331910
332708
332871
335131
335365
335562
335932
336351
336462
337154
337616
338379
338606
339365
340442
341278
341868
343604
344704
344814
345517
346180
347105
347194
347487
347644
347648
347750
348154
348732
349853
350036
350119
350896
351370
351425
351454
351638
352117
353968
354061
355196
355460
355801
356280
357184
357707
359049
359593
359657
360206
360264
360690
360803
361093
361503
362239
362615
364604
364629
365260
365909
367144
367456
367503
368404
368930
369243
369538
370430
370830
371968
372286
372922
373197
373265
374193
374610
375220
375270
375366
375858
376252
378277
379195
379435
379446
380172
380242
380346
380756
380822
382138
382368
384175
385102
385549
386273
387607
389004
389281
389392
389402
390070
390770
391012
391503
391506
392101
392264
392345
392583
392816
392872
392997
393051
393265
393655
394229
394635
395184
395202
395316
395466
395504
396247
397637
397903
398404
398656
398939
399103
399436
399515
400084
401410
401647
401782
402575
403079
403374
403536
403624
404339
405066
406618
407607
408384
408811
408917
409180
409784
409859
410756
411116
411163
411426
412282
413124
413817
417006
417042
417078
417168
418155
418627
418791
418869
419202
419214
419909
420137
420569
421341
421777
421872
422289
422663
422947
422949
423528
423756
423762
425517
425695
426211
426277
427545
427770
428669
428822
429082
431108
432257
432352
433795
433832
435337
437946
437949
438550
439057
439647
440121
440143
440398
440405
441908
442258
442712
442765
443761
443970
444381
444882
444924
445457
445775
445899
445964
446630
446891
447257
447423
447527
447532
448725
451263
451525
452094
452526
452869
453546
454008
454658
454949
455808
455850
456116
456209
456424
456607
456777
456887
457262
457285
457395
457821
458376
458514
458928
459084
459515
460215
460659
461074
461350
461492
462599
462739
463254
463844
465009
465014
465473
466018
466265
466877
467059
467280
467324
468198
468225
468410
468608
469572
469652
469973
470213
470727
470751
471865
471962
472188
472629
472817
473263
474251
474794
474979
475230
475794
476974
477076
478150
478505
479187
479252
479707
479895
480496
480732
481658
483246
483864
484426
485005
485678
486268
486273
488470
489894
490115
490292
490663
490860
491352
491697
492533
492795
493005
494134
494302
494349
494618
495273
495549
495637
496137
497039
497040
498076
498080
498161
498230
498908