480
1071
1540
2103
2945
3157
4727
4899
5607
5765
6371
6894
7668
8352
8541
8671
10027
11241
12237
13621
13785
14278
14438
14589
14857
15073
15253
16321
16564
16784
16865
16947
18118
18257
18356
19298
19853
21650
21805
22119
23714
25008
25100
26183
26875
27075
28280
28514
28703
28735
28921
29005
29675
29695
29738
30666
31252
31812
31952
32749
33567
33647
34844
35708
36345
36672
37097
38366
38519
39089
39112
39192
40315
40340
40845
41609
42514
42830
43204
43327
43549
43641
44058
45312
45774
46030
47990
48427
48465
48607
49741
50021
50057
50853
50964
51150
51290
51533
51772
52031
52227
52334
52439
52731
52851
53185
54247
54820
56103
56224
56651
56791
57094
57177
57580
58019
58110
58690
59022
59376
59696
59833
59882
60411
60689
60823
61025
62255
62760
62944
63937
64121
64392
64654
64895
65410
65621
65826
66200
66466
66665
67870
68786
69086
69673
71646
72240
73034
73426
73655
73757
73767
75406
75525
76928
77181
77489
77632
77718
77819
77868
78160
78291
78462
78649
78695
78764
79009
80873
80905
82254
83187
83478
83799
84992
85268
85949
86443
87109
87219
87766
88098
88212
88961
91340
92298
93284
94233
94333
94345
94379
94733
96398
96544
96596
96628
96827
96964
98319
98416
98679
99213
99582
100344
101232
102219
102522
103465
103571
104237
105137
105441
105993
106396
107376
107438
108302
110390
110851
111147
112354
112655
112799
112973
113241
113350
113557
113823
113836
114530
115098
116080
116967
117037
117243
117424
118267
118798
120265
120348
121517
121998
122358
122547
123016
124088
124470
125571
126378
129039
129047
129059
130151
131086
131114
131333
131498
132001
132804
133261
133643
133800
134818
136488
136511
136639
136664
137845
138005
138373
138967
139170
139887
140014
140517
140952
141401
143331
144075
144229
144797
144978
145340
146131
146434
146699
146874
147595
147930
148011
148379
149055
150084
150204
150257
150576
151365
153072
154078
154632
154819
155027
158685
158863
160331
160352
160460
161008
161090
162830
164399
164459
164772
164793
165245
165338
166189
166548
168298
168366
168747
168928
169246
169276
169447
171128
171132
171827
171996
173350
174243
174286
174550
174644
175020
176024
176113
176556
176780
177132
177338
177449
179475
179742
179748
179882
180126
180718
181315
182212
183625
183976
184346
184651
185404
185778
186482
186725
186919
187004
187242
187317
187492
187800
189562
189778
189923
190301
190617
190761
190916
192457
192578
193043
194878
195727
195823
195849
195858
196052
196318
197075
198460
198609
198814
198979
200041
200552
200755
202320
202418
202566
202634
202839
203040
203241
204211
204329
204342
204610
204626
204730
204733
204987
205096
205265
207035
207960
209071
209414
209421
209826
213761
213791
213889
214025
214506
214668
215227
216021
216420
216582
217089
217180
217655
218823
219307
219309
219342
219483
220471
222341
222667
223239
223386
223625
223801
224269
224364
224371
225359
225942
226304
226393
226762
226864
226882
227078
227812
228287
228457
228602
229114
229423
229642
229877
230028
230081
230512
230734
231312
231471
231500
232424
232610
232767
234382
235849
236123
236171
236671
236805
237747
238333
239848
239907
240026
240393
240533
240669
240978
241231
242090
242377
242598
242790
243818
244228
244736
245474
245826
245849
245912
246385
246497
246554
247399
247546
247765
247985
248489
249675
249787
250020
252906
253397
253425
254764
255144
255631
255712
255956
258373
258375
258377
259695
259912
260444
260880
260929
261312
262743
263648
264093
264480
264518
265966
266247
267171
267768
268537
269455
269615
269640
270083
270228
271220
271569
272334
273107
273201
273209
273430
275677
275845
277071
277448
277920
278018
278533
278788
278827
278999
279777
281656
281801
281897
282139
282174
283737
284767
284976
285151
287074
287154
287407
288742
289363
289610
290326
290587
290717
290765
291541
292134
292290
292623
292691
292930
294620
295238
295427
295580
296175
297365
297936
298471
299019
299078
299188
300769
300778
300788
301212
301330
301891
301912
302279
302448
302748
302967
303421
303778
304368
304418
304704
304958
306796
307091
307244
307396
308193
308259
308358
309895
310036
310686
311039
311915
312374
312380
312659
313171
313989
314306
314819
314823
315616
315754
316093
316228
316791
316950
316962
316969
317167
317739
318134
319267
320249
321103
321733
322862
323638
324634
324959
325525
325697
326273
326275
327331
327508
327538
329229
329524
330008
330519
330981
331320
332955
334186
334401
336325
336858
337627
337672
338386
339068
339803
340115
340166
340238
340894
341221
342517
344496
345192
345348
346290
346450
347345
347770
348413
348561
348693
348775
348861
348946
349788
350888
352141
352851
354106
354262
354290
354770
354867
355578
355620
355635
355796
356322
357482
357948
358265
358713
358755
358902
359407
359460
359870
359877
360150
361033
362584
362645
362715
362851
363331
363413
363739
364265
365014
365612
365724
366520
366607
366679
366965
366983
367544
367857
368376
368793
368966
368974
369149
369394
369524
370477
370869
372131
372438
372620
372729
373397
373860
374470
374988
377543
378015
378556
379293
379844
380588
381787
382030
384123
384231
384448
385438
385572
385768
385887
386912
386981
387217
387359
387542
387867
388169
388213
389483
390303
391272
391429
395758
396308
399563
400259
400936
401109
401977
403707
404278
404385
404810
406159
406416
407066
407246
407434
407550
407684
408727
409572
410108
410796
410926
411020
411139
411198
411363
411505
412512
412938
413056
413205
413302
413539
413891
414064
414857
415246
416304
416615
416616
416685
417092
417247
417372
417696
417807
418412
418505
418778
419140
420744
420849
422635
422712
424357
425286
425400
426457
426485
427251
427330
427704
427814
427911
429233
429418
429559
429799
430007
430184
430751
430906
431069
432379
433349
435394
435730
436116
436955
437768
437848
437877
437899
439071
439183
440497
440588
441702
441800
441973
442139
442410
443178
443603
444646
444682
444951
445292
445528
445957
446072
446740
446996
447828
448476
448564
448978
450470
451080
451352
451403
451477
451915
452701
452751
452792
452981
453079
454314
454456
455322
455386
455564
455701
455735
455848
455929
456412
458184
458589
458976
459000
460383
460857
461107
461491
461632
461649
461939
462034
463091
463290
463585
463781
464119
465232
465960
466111
466705
466759
467295
467619
467653
468007
468330
468525
468919
469001
469266
469336
470519
470660
471066
472648
472758
473285
473377
473729
473770
474295
474707
475057
476097
476600
476782
476812
477067
477841
479930
480183
480365
480570
480969
481046
481111
481527
481949
482123
482142
483222
484562
484996
485322
485480
485664
486873
487753
488008
488033
488476
488594
488783
488837
489160
489204
489478
489762
489823
489958
492826
493061
493919
494040
494186
494846
495344
496211
497261
497389
497700
497732
498185
499898