224
1032
2289
2380
2426
4251
5205
5390
6043
6143
6476
6801
7137
7733
7851
8520
8856
9467
9582
9860
11058
11700
11837
12742
13186
13206
13414
13415
13824
14509
14847
15250
16083
17628
18674
18703
19070
19181
19261
19926
21039
22031
22095
22152
22160
22371
23344
23842
24088
24219
24320
24499
24633
25204
25592
26425
27430
27803
28747
29102
29157
29386
29469
30388
31126
31457
31492
31825
32160
32558
33812
34244
34428
34494
35680
36455
36847
37311
38093
38108
39809
40364
41280
41609
42095
42255
43986
44081
44711
44826
45758
46088
46125
46218
46433
46758
46959
47256
47483
47698
48235
48845
49087
49810
50258
50735
51150
52007
52109
52234
52365
52392
52857
53078
53509
53539
53652
54182
54249
54665
56359
56533
56643
57432
57478
57572
58361
58528
58874
59176
60112
60414
61017
61089
62604
62812
63378
63869
64389
66889
68005
68848
69652
69852
71145
72215
72821
73089
73118
73247
73983
74708
75154
75173
75428
75780
77266
77862
77996
77999
78901
78994
79014
79049
79330
79366
80088
81399
81488
81864
81952
82045
82178
82673
83429
83707
84313
85130
85147
85267
85338
85556
86071
86084
86295
86939
86942
86993
87008
91048
91429
91719
91828
92557
92631
92755
93822
94516
95306
96453
97200
97529
98286
98875
99499
99659
100298
100469
100993
101330
101796
102104
102979
104093
104460
104932
105033
105738
105800
106273
106573
106581
107350
107822
108091
108132
108297
108382
108724
109257
109399
109701
109728
109925
110201
110246
110427
111344
112279
112365
112434
112477
112600
115264
115422
115657
116180
116191
116249
116291
116769
117340
117353
118098
118486
118521
119219
119282
119417
120660
121464
121962
122163
122410
123994
124146
124324
124371
124636
124766
124774
125420
125518
125680
127161
128015
128201
130055
130130
130301
130650
130864
130981
131147
132180
132725
133564
135263
135273
135601
137654
137833
139225
139291
139375
139742
139879
140214
140443
140882
141979
142132
142270
142544
142608
142873
143247
143521
143978
144495
145081
145455
146609
147581
147701
147856
147885
148187
149275
149738
150793
151662
151991
152566
152672
152701
153034
153345
153522
153951
155151
155858
156268
156626
157249
157328
157600
158140
160059
160143
160252
160676
160723
160912
160932
161323
161734
161840
163452
164232
164807
164824
164914
165447
165630
166112
166345
167397
168406
168496
168827
169318
170595
171154
171188
171582
172978
173700
173919
174071
174411
175455
176818
177478
177584
180120
180447
180546
180685
180739
183126
183919
184135
184157
184232
184477
185648
186140
186272
186273
186550
186887
187967
188921
189216
190267
190689
192320
194561
197206
197853
198767
199223
199344
199749
200213
200661
201595
202247
202248
202273
202814
203022
203290
203813
205041
205854
206335
207696
208513
208566
209106
209771
210255
210277
211383
211688
212352
212393
213628
213793
214339
214342
214463
214867
215664
215911
216949
217156
217963
218164
219677
219697
220007
220185
220463
221123
221582
221749
222128
222210
222805
223169
223175
223270
223299
223832
224247
224380
224750
224903
225206
225495
226033
226039
226624
227533
227653
227752
228379
228441
228446
230286
230722
231422
232348
232752
232850
233696
233775
234617
234675
234692
234903
235319
235757
235855
235906
238288
238962
239352
239461
239779
239807
240099
240229
240606
241213
241989
242580
242591
242829
243624
244572
244639
244685
245341
245661
246499
246586
247093
247387
248379
248514
249027
249135
249846
250295
251598
252019
252150
252167
253442
253595
254186
254907
254915
255914
256057
256557
256657
257510
257711
258253
258930
259654
259856
260421
260721
261083
262255
263084
263235
264106
264766
264855
265053
265180
265235
265546
266207
266339
266533
267573
267701
268066
268143
269137
270114
270511
271104
271121
272111
272385
273098
274117
275278
276680
276681
277257
279507
279596
279695
279836
279947
280288
281816
281995
282079
282741
282774
283461
283687
284026
284389
284413
285442
286174
286177
288401
288610
289418
289468
289554
289963
290755
291685
291904
292650
292832
293683
293880
294413
294876
296281
296615
297047
298868
298898
300416
301094
301745
302087
302238
302327
302340
302404
302761
302973
303200
303819
304083
305368
305498
306324
306434
307363
308159
308910
308979
309071
309314
309326
310255
311852
312430
313265
313497
313838
314091
315555
315697
316161
316451
318606
319173
319455
320602
321505
321558
321851
322373
322456
322544
322582
324282
324424
325128
325315
325703
325928
326373
326563
328025
328929
329771
330077
330415
330768
332889
332898
332993
333509
334111
334818
334828
335044
336068
336444
336572
336826
337220
337751
338077
338183
339137
339217
340022
340357
340362
340880
341209
341323
341942
342161
342403
343690
343763
343800
343859
344016
344505
344736
346581
349797
350796
352100
352298
352299
352415
353282
353838
353955
354058
354945
355493
356038
356497
357156
357478
357817
359834
360404
360863
361687
362210
362406
362703
363067
364017
364680
365008
365055
365795
366374
368514
368785
369033
369938
370555
370692
370831
371792
372415
372498
372591
372976
373171
373205
373889
373937
374076
374939
375449
376068
376278
376373
377071
377718
378069
378600
378792
380352
380958
381022
382144
382395
382559
382712
382803
384314
384679
385107
386206
386656
388195
388543
389015
389735
389846
390064
390313
390768
391120
391539
392842
393027
393493
393953
393994
394458
394693
394803
396015
396701
397677
397680
398632
399375
399697
402094
402412
402910
403652
403783
403956
404389
407124
408192
408393
408579
409642
410244
410351
410407
410596
411860
412219
412523
413412
413937
415737
415928
416308
416503
416866
417070
417334
417464
418510
418524
419061
419458
421019
421076
421581
421677
422205
422296
422905
422916
423324
423866
423950
424149
424998
425610
425777
427194
427239
427331
427599
428292
429066
429577
429852
430821
431748
432950
433003
433791
433986
434156
434157
434167
434683
434814
435144
435330
435512
435917
437607
438319
438327
439103
439132
439213
440085
440299
440834
442160
442394
442543
443135
443751
445262
445569
445599
445668
446307
446367
446656
447177
447530
447766
448589
448638
449355
449670
450418
450974
451401
451630
451722
451740
452288
454812
454992
455047
455199
456265
456622
457444
457452
457687
458114
458160
458189
458341
458729
458789
459381
459385
459970
460225
461036
461239
461593
461605
462235
462644
462928
463735
464492
465277
465541
465909
466311
466581
466596
466726
467485
468359
468450
469423
469452
469781
470169
470310
471830
472158
472517
473142
473477
474757
477303
477640
477970
479096
480558
481869
482200
482318
482443
483141
483940
485111
485812
485961
486017
486835
487865
488148
488299
488482
488875
488887
489556
489685
490725
490746
491215
491864
492571
493787
494293
494450
494537
494767
495213
496324
496413
496740
497363
497856
498013
498778
498944
499027
499716