1159
1186
3528
3811
4320
4692
5082
5135
5691
6361
6814
8133
9004
9035
9204
9921
10750
11213
11862
12130
12317
12788
12946
13110
13892
14261
15510
15565
16008
16288
16419
16437
17172
17232
17531
18225
19344
21332
21469
22020
22487
22537
23596
23614
23781
23876
24537
24886
25468
25551
25644
26794
26871
27094
27713
28050
28440
29175
29379
29427
29844
29983
31055
31627
32081
32894
33090
33367
33970
34023
34092
35228
35613
35822
36446
37441
38210
38389
39126
39932
40118
40284
41238
41756
42067
42277
42591
43550
43710
45943
46250
47502
48632
48700
48899
49088
50360
50813
50843
51341
52110
52402
53724
53986
56688
57422
57587
57682
57740
58195
58216
58282
58407
58461
60326
60681
60908
62074
62361
63455
63686
63735
63861
64452
64722
66062
66652
68214
69087
70559
70638
70724
70783
70830
71336
71557
71574
72336
72952
73082
73124
73588
74456
74652
74882
76440
76529
76917
77367
77971
78064
79810
81650
81945
82005
82301
82577
83019
83298
83369
83995
84664
84851
85243
86150
86183
86404
86461
86761
87288
88103
88421
88447
89709
91294
91317
91728
92226
92250
92394
92997
93166
93438
93830
94268
94681
94750
95031
96507
96698
97145
97539
97945
97998
99708
99766
100748
101319
101478
102095
102152
102749
102990
103019
103547
106300
107385
107602
108247
108410
108466
109097
110240
110326
110390
111815
112140
112493
112637
113221
113736
113751
114530
115307
115542
116242
117298
117722
118226
118567
119097
119487
120813
120952
121076
121415
121576
121893
123861
124655
125353
125984
126576
126939
127128
127373
128385
129052
129739
130633
130668
130690
131006
131553
132015
132572
132801
132982
133436
133592
135868
136711
136881
137066
137872
138162
138617
138933
138996
139000
139704
139966
140477
140739
140821
142564
142622
144195
144269
144908
145328
145421
149012
149229
149372
149419
149798
150260
150799
151040
151096
151149
151275
151810
152331
154502
155404
155480
155500
155902
156469
156508
156756
157630
158913
160066
160113
160369
161015
161272
161395
161656
163709
164375
165342
165676
166598
166704
167369
167589
168995
169376
171146
171668
173528
173558
174216
174306
174348
175391
175621
175682
175699
175710
176484
176726
176790
176816
179004
180202
180238
180437
181646
181908
182018
182084
182186
182294
182395
182502
182888
182982
184494
184709
184727
185084
185142
185212
185636
185968
186976
187378
187644
188256
188421
188496
189701
189778
190702
190742
191690
192693
194487
194538
194623
195591
195915
196726
197092
197203
197363
198059
198707
199569
199686
199809
199830
199918
201521
203037
203622
204973
205927
206012
206318
206412
207517
208427
208546
208883
209675
209697
210134
211007
211066
211214
211658
212195
212424
213460
213773
213824
214489
214606
215174
215338
215863
215920
216133
216414
216933
217398
218130
219198
219326
219669
220254
220510
221612
221823
221842
222524
223783
224227
224685
225471
226322
226357
227103
228556
229491
230137
230676
230695
231589
231838
231907
232168
232258
232264
232362
232445
235955
236455
236722
236799
239561
239824
240241
240256
240287
240952
241053
241282
242329
242438
242678
242806
242868
243430
243976
244810
244991
245198
245296
245353
245370
245389
245880
246944
247122
247421
247670
247980
249824
250768
251755
252374
252846
254007
254139
255764
256889
257672
258408
258561
258583
258625
259690
259755
260552
260731
261263
261843
262903
263264
263720
264390
264843
264864
265979
266836
267475
269075
269180
269217
269530
269674
270378
270689
271397
271459
271631
272482
272685
273225
273254
273602
273702
273936
274158
274590
274819
274838
275393
276517
277205
277731
278595
278846
279303
279379
279910
280315
281505
281771
281967
282442
282508
282617
282907
283417
284456
284511
285566
286163
286509
286961
287500
287517
288019
288846
289295
289672
290902
291166
291939
292165
293220
293671
295157
295907
296993
297030
297075
297082
298058
298349
298992
299105
299138
299423
300458
301854
302094
303475
304453
304572
304682
304717
304780
304803
304826
304929
305001
306337
306342
306423
306593
307257
307291
308159
308221
308541
308676
309097
309983
310013
310050
310370
310471
311336
311605
311617
312222
313391
313394
313407
313485
313682
314652
315044
315158
315178
315584
316644
317396
317449
317601
317645
318061
318453
318950
318958
320012
320034
320118
320714
322157
322459
323056
323289
323934
324405
324451
324535
324698
324956
325651
325699
325769
326177
326251
326267
326707
326730
327103
327962
328039
328064
328290
328420
328901
329023
331000
331079
331133
331195
333169
333423
333895
334515
334653
335234
336616
336698
336976
337026
337841
338256
338530
338943
339939
340270
340698
340878
341120
342556
342556
342627
343120
343267
343595
343644
343756
344959
345202
345382
346178
347257
347365
347427
347724
349129
349670
350041
350170
350240
350417
350893
352500
352676
353100
353105
353249
353250
353301
353725
354532
354627
355098
356109
357052
357091
357153
358680
358862
359213
360185
360578
360583
361114
361588
361622
362940
363148
363540
364915
365206
365374
365612
365860
367040
367754
367796
368251
368273
371353
371901
371913
372022
372687
372826
373198
375168
376057
376992
377507
377594
377974
379102
379351
380711
381458
381676
381835
382989
384159
384280
384877
385484
385695
387983
388212
389804
390465
391347
391603
391660
391997
392108
392198
392717
393061
393382
394035
395227
395505
395506
395521
395719
396402
396484
397586
398144
398246
398530
398628
398828
399080
399565
400191
401448
401654
401893
401942
402102
402352
402453
402554
404379
404581
405490
406086
406105
406622
406656
407036
407323
407663
408212
408213
408893
408899
410685
410723
412862
413016
413670
414441
415125
415687
416095
416293
416424
416781
416790
417430
418046
418556
419519
420001
420046
420277
422124
422142
422550
423024
423174
423842
424375
425077
425474
425761
425863
425954
426747
427256
427496
427544
428317
428676
428677
428835
429609
431074
432145
432181
432562
432607
433490
434360
434856
435553
436172
436292
436905
437022
437704
438051
438175
439275
439300
439922
440050
441366
441606
442381
443240
444703
444867
445086
445129
445327
446029
446385
446601
446620
446998
447107
448144
448328
448567
449027
449750
451086
451107
451495
453141
453858
454975
455151
455415
456780
457185
457224
458204
458383
458867
459220
460086
460354
460946
461603
461836
462110
462533
462562
462830
463850
464319
464357
465642
466254
466272
466947
467466
467479
467748
468458
468659
469295
469301
469512
469802
470477
471235
471261
471463
471695
471877
472162
473020
474155
474254
474418
474709
475913
476947
478296
478595
479327
479729
480422
480585
481821
482090
483738
484855
485238
485699
485717
486178
486676
486844
486973
487570
488257
490270
490614
490793
491049
491232
491246
492202
492465
495817
496084
496274
496997
497235
497561
497707
497890
498108
498564
498709
499003
499364
499499