465
576
1264
1290
1495
3466
4804
4873
5979
6111
6271
6488
6608
7351
7411
7536
8424
9137
9210
9342
10594
10664
10882
12193
13013
13074
13424
13937
14447
14485
14626
14820
15349
15509
15535
15680
16630
17787
18381
20025
20611
20786
21409
21632
22329
22411
23001
23288
24330
24396
25864
26863
27449
27728
28035
29053
29314
30088
30689
30860
31054
31423
31507
31899
32806
33100
33286
33907
34303
34323
34506
34893
35691
35854
36216
36276
36514
36791
37343
37963
38047
38732
40101
40457
40886
41857
42036
43706
44193
44387
44609
44905
45481
45703
47797
49015
49881
49930
50729
51433
52035
52549
53351
53664
54901
55032
55667
56446
57245
57836
58680
58824
58921
60058
60701
61049
61533
62076
62187
62466
62488
62667
63168
63556
64388
64848
64974
65071
65130
65311
65671
67911
68513
68700
68722
69183
70301
70339
70787
71112
72716
73750
73939
74502
75251
76289
76295
76924
76959
77227
77851
78225
78419
78971
79540
79799
80463
80473
80621
81304
81344
81868
82021
83004
83109
84006
84201
85301
86342
87166
87289
87373
87606
87866
87998
88719
90070
90515
91280
91282
91628
91789
92255
92772
93600
93781
94481
96009
96633
96816
96907
96925
97000
97388
98104
100054
100257
101170
101172
101219
101242
101470
101839
102259
104242
104483
104805
105001
105431
105606
105812
105844
105943
106107
106557
106884
107213
108049
110068
111272
111842
112168
112232
112774
113249
113766
113768
115163
116402
116473
116930
117013
117764
118110
118116
118127
118443
119331
119543
121351
122027
122816
123217
123858
124162
124677
125904
126557
126938
126986
127702
127758
127834
128205
128288
128350
128666
128670
129177
130411
131237
132547
132747
133747
133991
133995
134138
134688
134869
135183
135401
135493
135886
137862
138193
138733
139445
139752
140098
140475
141143
142262
142767
142962
143130
143811
144082
145274
145902
145999
146115
146244
146740
146784
147824
147900
148602
148844
149813
150491
150727
150914
151392
151863
152155
152406
152407
153161
155854
156853
157802
158923
158985
159659
160497
161390
161640
161832
162614
163071
163470
163551
164142
169209
170094
170292
171707
172179
172945
173168
173724
174667
174879
174884
175169
176952
179654
180053
182246
182837
184445
185154
185552
185632
185646
185743
186438
186510
187151
188005
188149
188311
188528
191320
191774
192554
192869
193647
194178
194530
194567
194747
195193
195210
195232
195486
195601
195637
196199
196587
196686
197018
197343
198096
198142
198724
199141
199699
200107
200730
201166
201774
202593
203342
203485
204262
204729
204961
205180
205235
205290
206502
206519
207538
207844
208012
208054
208508
208513
208667
209814
210332
211198
212017
212230
212660
213364
213445
213707
214118
215392
215694
215795
216639
216753
216896
216976
217042
217814
217997
218295
218408
218873
219185
219618
220322
220893
221250
221542
221828
222435
224091
224095
224324
224507
225185
225316
225612
226090
227254
229908
230018
230869
231580
232679
233260
233806
233937
233967
234476
234888
235825
236418
236579
236628
237502
237566
237613
237806
237917
238078
238420
238769
239001
239390
239390
239906
240820
241536
241823
242061
245305
245354
245850
246693
247144
247287
247884
248181
248613
248667
248815
248961
249209
249279
249465
250361
250467
250666
251712
252018
253889
254108
254158
254701
255523
255753
255927
256307
257163
257359
257702
258275
258816
259315
259789
259874
260247
261741
261785
261810
262683
263269
263721
264005
264283
264994
265113
265509
265555
265715
266423
267229
268081
268212
270098
270469
270986
271138
271350
271634
273065
273705
273731
273866
273965
274453
274903
275761
275886
276900
277231
277414
277433
277588
278444
278840
279083
279509
279712
280951
281578
281608
281746
282191
282589
283215
285060
285266
286317
287089
287194
287520
287960
288300
289165
289195
289542
289796
289923
290717
291685
291867
292463
292611
293199
293793
294024
294227
294242
294306
294314
294813
295346
295861
296111
296673
297192
298908
298939
299329
299434
299611
300449
300727
300947
301724
301888
301894
302273
302797
303630
303791
306545
306654
307439
308536
308684
308758
309097
310806
310875
311049
313140
313225
314050
314460
314806
315146
315330
315781
317246
319017
320044
320308
322796
324814
324902
324995
325276
325573
325678
325716
327134
327200
327364
327573
329977
330609
330965
331263
331386
331386
331914
332525
332727
332741
332915
333081
333478
334913
335276
335368
335656
335922
336691
337687
337979
338969
339216
339248
339552
339561
340218
340835
341757
342046
342100
342562
342640
342970
343627
344050
344100
344797
345398
345619
345625
345947
346565
347213
347820
347950
348020
348731
349791
350325
350412
350916
351174
351555
351664
351705
352044
352172
352716
353938
353963
354111
354184
354258
354710
355434
357551
357684
357990
358536
358717
358728
358903
359162
359797
360164
360280
360413
360465
361117
361989
362069
362684
363390
364440
365030
365553
365638
366658
367723
368123
368188
368506
368509
368930
369005
369128
370272
370818
371101
371475
372344
372572
372801
373862
373930
373987
375006
375076
375200
375360
376987
378054
378698
378965
379428
379703
381266
382293
383229
383473
383739
383764
383774
385168
386239
386389
386941
387163
387324
387358
387394
387680
388095
388691
388861
389361
389402
390285
390516
391054
391250
393079
393403
393715
394543
395072
395802
396027
397588
397602
398104
398334
398628
398720
399162
399286
399857
400352
400731
400993
401744
402790
403182
404201
404298
404681
406010
406822
407750
408504
408564
408652
409256
410053
410692
412149
413223
413262
413357
413910
413962
414054
416077
416078
416211
416239
416674
416689
416866
417009
417490
418399
418577
418751
419257
419969
420583
420720
421578
421676
422258
422439
422489
423022
423141
423148
423754
423893
424962
425397
425428
425761
425897
426383
427603
427803
428008
428159
428649
429142
429262
429514
429608
430325
431060
431307
431783
432266
432455
432654
433607
434002
434126
434792
435408
435465
435866
436456
436757
437456
438163
440112
440554
440687
441160
441364
441595
442368
442694
443365
444211
444599
445972
446015
446376
448196
448573
449066
449197
449357
449521
449949
450080
450875
452188
452189
452562
453038
453513
453828
454451
456875
456890
457252
457802
457902
457915
459374
459924
460117
460649
461619
462689
462984
464516
464597
465687
465745
466084
466636
467061
467243
468488
469509
469762
470461
470541
471186
471276
472678
473843
474328
475088
475458
475534
476078
476359
476633
476880
476926
477174
479945
480481
481282
481360
481360
481500
481732
482007
483014
483304
484410
484765
485435
485457
485938
486475
486870
487040
487141
487301
487551
487975
488929
489060
489433
489642
490418
490899
491177
491373
491452
491540
491960
492036
492195
492282
492965
493063
494451
494704
494945
495565
496085
496478
497112
497495
497821
498272
498355
499160
499249