103
319
1025
1302
1448
2451
3054
3091
3429
4242
4484
4568
5002
5267
5407
8300
8609
10456
10522
11612
11791
11885
12362
13641
13978
14510
15463
15520
15785
15975
15976
16966
17065
17287
17482
17525
18632
19890
20360
20380
20990
21126
21175
21182
21990
22941
23072
23442
23971
24312
24821
25201
26101
27877
29682
30725
30726
31819
31974
32111
32399
33427
33611
33794
33807
33961
33963
34195
34480
35808
38312
38342
38467
38485
38561
39739
40072
40365
41126
41391
42117
42318
42889
44586
45145
45207
45292
45677
45996
46240
46669
46848
47490
47686
48652
49309
49835
49984
50346
51411
53178
53522
53542
53914
54308
55503
55917
56059
57175
57250
58788
59664
59803
59995
60132
60434
61003
61026
61494
61507
61666
61905
62181
62193
62272
62310
62532
62909
63175
64253
64399
65293
65704
65860
66332
66708
67360
68468
69075
69617
69645
70658
70783
70931
72075
72692
72908
73861
73863
74053
74965
75344
75571
75582
75586
75843
75902
76639
77445
77897
78208
78352
78942
80061
80437
80532
81295
81510
83423
84516
84537
84685
84845
85045
86453
86904
86950
88108
88666
88743
88866
89064
89174
89581
90090
91404
92227
93162
93825
94052
94338
94357
94404
94928
95452
96949
97076
97207
100012
100693
101042
101070
101119
102006
102221
102383
102659
103266
104071
104675
104897
105179
105557
105863
106129
106270
106484
107247
107567
108196
108323
108962
109728
109742
110468
110803
110809
111026
111298
111980
112938
112962
113780
114135
114376
114946
115733
116010
116619
116999
117824
118154
118540
118771
119770
119772
120264
120333
120666
120879
121040
121445
121997
122164
122714
123180
123502
124673
125354
125603
125721
126452
127616
127883
128413
128426
128721
129113
129510
130440
131249
131428
132503
133201
133219
134541
134822
135264
135610
135673
136004
136241
136923
138037
138121
139104
139430
139552
139591
139882
139914
139926
140727
140846
141029
141034
141090
141376
142655
143338
143662
144278
144308
144592
144791
144957
145755
145938
146319
146346
146422
147420
147886
148513
148544
149841
150480
150985
151040
151174
151188
151894
152596
152638
153501
154255
154350
155430
155686
156069
156243
156270
156986
157039
158581
159526
160965
161292
161924
162486
162910
163311
163939
165078
165542
166087
166181
166800
167039
167526
167983
169228
171117
172073
172627
174504
175013
175670
175956
176119
177040
177583
177673
177943
178086
181308
181335
182315
183741
185608
186246
186315
187094
187132
187580
187656
188865
189079
189793
189839
189848
190051
190988
191323
193081
193420
193456
194127
194318
194607
196110
196601
196756
196983
197204
197853
197870
198233
199561
199690
200757
201315
201516
202100
203649
203932
204111
204143
204358
204501
204722
204727
204813
205076
205818
206578
206869
207416
208553
209220
209252
209836
210795
211233
211548
212151
212269
213049
213567
214477
214645
215003
215203
216214
216859
217321
217446
218981
219187
219342
219482
220669
221957
224115
225483
225610
225777
225932
226028
226339
226482
226983
227242
227395
227776
228993
229133
230737
231257
231458
231702
231931
232173
232510
233284
235199
235285
236376
237033
237712
237881
238869
239043
239224
239342
239927
240440
240580
241125
242784
243024
243443
244255
245095
245699
245883
245896
246081
246350
246708
247182
247237
247327
247753
247821
247961
248162
248307
249290
249665
249723
249805
250121
250972
251833
252293
253452
253669
254760
255077
255177
255582
255747
256184
257152
257247
257880
257926
258211
258565
258859
259199
259253
260834
260879
261005
261922
262418
262467
262768
263705
264627
265317
266019
267136
267447
267782
267955
269677
269760
270061
270428
270564
271357
271426
271612
272214
272289
272622
272661
272918
272975
273109
273187
273953
275844
275888
275944
276689
278069
278323
278540
279199
279820
280543
280858
281752
282262
283345
283982
284660
284866
286004
286057
286748
287232
287632
288315
289270
289837
289878
290020
290450
290580
291211
291513
292336
292388
292550
293587
294116
294552
294970
295900
296934
298731
298771
298893
299235
300529
301314
301394
301628
301777
302102
302649
303301
303342
303466
303706
303725
304309
304750
305155
305478
305654
305680
306000
308389
308915
309164
309665
309700
309745
311559
311710
312069
312305
312342
312599
313605
313607
315746
316209
316462
316960
317308
318821
319773
319810
320179
321333
321703
322065
322093
322600
323764
324867
325548
325670
325717
325804
327087
327396
327998
328190
328954
329702
330209
330384
331234
331801
332489
333422
333828
334092
334915
335014
335159
335454
336426
336496
336811
337007
337148
337327
338458
338624
339338
341255
342110
342234
343908
344106
344428
344441
344495
344864
344995
345834
346763
346940
347698
349827
351364
351410
351727
351989
352315
352961
353690
353706
354186
354210
354497
356250
356555
357113
357176
357626
357635
358953
359065
359322
360080
360153
360207
360276
360347
360872
361950
362017
362057
362237
363353
363603
363698
364230
364338
364441
365060
365403
365576
365978
366152
366267
366393
367246
367457
369968
370285
370420
371107
372355
372400
373348
374201
374699
375061
375997
378279
378288
378558
378648
380726
380788
381152
381862
382561
384051
384061
384093
384751
385062
385498
385930
386238
386355
386390
386843
387939
388169
388964
389740
390709
390850
391191
391282
391849
392239
392510
392571
392702
393205
394518
394942
395843
395903
399303
399787
400003
400043
400358
401098
401971
402324
404014
404066
404114
404171
404644
405066
405123
405193
405711
406130
406243
407200
407835
408560
408594
408791
408875
409410
409507
409545
411116
411172
413660
413670
413789
413874
414513
414556
414809
415050
415851
416766
417210
417416
417779
418226
418617
418660
419532
420072
420275
421198
421345
421518
421531
421591
421883
421956
422707
423142
423287
423347
424081
424596
425024
425081
425402
426825
426854
427398
428155
429319
429751
430547
431063
431250
431836
432134
432716
433454
433826
434961
435939
435981
436281
436529
436568
436731
437297
437451
438969
439644
440421
440527
440675
442203
442914
442916
442920
443224
443274
443519
443545
444312
444678
444765
445358
445754
445902
446001
448699
449575
450780
451037
451228
451782
451900
452544
452660
453555
453560
453869
454088
454579
454882
454909
455790
455954
456476
457212
457248
457942
458251
458771
458787
459555
459763
460053
460312
460852
460885
461321
462305
462682
463355
463443
463943
464386
464524
465623
468391
469390
469745
469983
470212
470308
471463
472015
472198
472441
472812
472880
473310
474299
474826
474882
475131
475373
475790
476284
477138
478363
478398
479327
479777
480047
480420
480826
481982
482151
482424
482788
484338
485110
485819
486107
486501
487793
488120
488319
488493
489313
490015
490122
490656
491818
492884
493298
493716
494309
494309
495041
495068
495939
496015
496259
496442
497417
497484
497520
497878
498241
498416
499746