757
1328
1844
2181
2443
3152
3693
4368
4693
5070
5256
5298
5987
7538
7626
8220
8494
8536
8972
9182
9691
9872
9996
10059
10428
11362
11391
11839
11918
12948
13212
13661
16431
16758
17099
18126
18835
19779
22101
22554
24085
24427
24482
24742
25776
26692
27130
27239
27245
27741
27872
28475
29262
29917
31317
31388
31441
31873
33060
34240
35279
36250
36281
36518
36985
39494
39871
39877
39980
40626
41140
42133
42182
42498
43662
44433
44434
45474
46212
47432
47614
47634
49123
49483
52350
52422
53102
54175
57506
57562
57695
58370
60034
60076
60300
61666
61824
62925
63184
63451
64033
64572
65281
65309
65334
65364
66086
66149
66535
66645
66673
66998
68030
68141
68166
68409
69495
69583
69782
70288
70528
70791
70887
71980
72619
72684
72738
73105
73320
73452
74160
75885
77257
79789
80369
80473
80879
81315
82260
82281
82951
83518
84247
85530
87746
87883
87895
87900
88258
88652
89180
90572
90983
91283
91950
92149
92811
93588
93760
94023
94573
94669
95151
95301
95425
95471
96625
96703
96722
98495
98624
98782
99099
100148
101065
101121
101175
102003
102169
102395
102570
103646
104017
105912
106695
107103
107442
107519
107566
107617
107680
108434
109692
109704
109809
109878
110813
110837
111216
111332
111494
111682
112193
112321
112444
112558
113616
113757
113972
114184
114194
115032
115558
116020
116377
116833
116909
116976
117341
118104
118178
118185
118724
119097
121105
122772
123214
124500
124548
125330
125349
125642
126270
126403
126625
126807
127306
127377
128066
128342
128352
129712
130650
131022
131312
131560
131875
131970
132839
133184
133259
133342
133365
134694
135006
135478
135503
135842
136069
136387
136795
137232
137258
137616
137747
139928
141764
141990
142366
143446
143579
144420
144828
144956
145919
146059
146593
146632
146948
147096
147998
148986
149130
149582
149725
151253
152132
152564
152651
152661
152727
153686
153991
154101
154235
154501
154603
155592
155994
156070
156487
156634
156982
157225
157272
157451
157511
157823
157863
158031
158690
159006
159491
160699
161922
162306
162780
163524
163603
165074
166078
166938
168698
169009
169360
170014
170116
170182
170500
171501
171502
171647
171816
172168
172220
173155
173200
173203
173362
174809
175441
176463
176591
176666
176778
176785
178004
178307
179187
179809
179865
180306
180701
181186
181912
183358
186718
187688
187976
189101
189378
190028
190599
190638
191226
191666
191736
191846
192736
192952
193137
193768
194036
195099
195211
195842
196451
197550
198040
198730
198938
199073
199639
200601
200846
203292
203408
203563
203801
204184
204938
205837
205870
205892
206524
206594
206855
207858
208116
209140
209461
209462
210363
210632
210665
211598
212215
212953
214248
214709
214741
217037
217040
217182
217393
218938
219002
219426
219915
220122
220622
220932
221875
221913
222294
222759
224363
224394
224519
224590
224989
225150
225233
225287
225368
225688
225809
226315
227123
228620
228763
228964
229492
229542
230383
231243
231721
232160
232304
232315
233426
234507
234522
235190
236194
236250
236632
237832
238029
238667
238817
239970
240399
240634
240986
241618
242376
242641
242858
243316
243590
243799
243931
243981
244263
244574
245817
247781
247967
249141
249269
250456
250732
250855
250962
251269
251443
251516
253555
253743
253805
254305
255172
255496
256045
256790
256986
258737
260167
260391
260613
260929
261957
262064
262092
262349
262931
263952
264421
264769
265160
267184
267191
267279
267371
268112
268532
268569
269425
269496
271098
271125
271458
271805
271900
272186
272788
273516
273930
274455
274747
275215
275315
275471
276415
278049
279383
279557
279561
281139
284193
284973
285503
285612
285683
286741
286773
287243
287336
287544
287744
288052
288381
289022
289081
289320
290106
290293
291143
291258
292046
292218
293685
294978
295629
295830
296103
296113
296835
296854
297342
297393
298421
298983
299089
300019
300069
300133
300770
301677
302085
302137
303240
303611
304231
304901
305671
305701
306579
307696
308065
308217
308397
309205
309416
309545
309696
310264
310468
312337
312413
312745
312843
313032
313813
314259
315496
316485
316678
316795
317369
317451
318071
319258
319330
319897
320467
321917
321927
323783
324389
324590
324616
325300
325992
326193
326644
326901
327509
327752
327762
327883
327902
328047
328246
328315
328909
329575
329816
331287
331671
331869
333113
333364
333528
334202
334248
334256
334368
334908
335280
335388
335465
335504
335701
336114
336322
337520
337804
338114
338350
338721
338821
338988
339664
340405
340675
341349
341367
341959
342666
342687
342967
343067
343128
343684
343828
344450
344599
344738
345152
347706
348701
348896
349479
349940
350046
352092
352231
352471
352818
353395
355451
356025
356228
356242
357044
357047
357121
357216
358149
358275
358783
358786
358868
359237
359465
359493
359790
360623
361069
361142
361634
362508
363602
364581
364893
364918
365861
365989
366077
366336
367313
368117
368123
368256
368399
368925
369545
370017
370092
370520
371200
371585
371758
372389
372604
372967
372971
373324
373542
373737
373961
374634
374669
374889
374926
375012
375266
376150
376484
376815
376995
377404
377953
377965
378161
378923
379140
379229
380033
380289
381838
382470
383022
383109
383539
384067
384541
384916
384931
385403
385772
387726
389031
389392
389466
389884
390315
390373
392254
393371
393499
394393
395260
395578
395652
396037
397008
397448
397549
398089
398107
398150
398379
398880
401268
401649
401738
402241
402455
404040
404306
404342
404508
405598
407444
407769
407996
408008
408433
408463
408948
409238
409510
409786
410098
410700
410883
411165
411458
411655
411702
411852
412194
412432
413152
414302
414499
415149
416116
416385
416846
416960
418044
420288
421337
423525
424481
425263
425306
425766
426483
427109
427523
428066
428112
429724
429975
430487
430567
431881
432359
432947
433139
433624
433790
434153
434475
434617
434652
436854
437543
437678
437810
438366
438475
438733
439246
440588
440919
440936
440973
441191
441679
441918
442438
442702
443527
443903
444945
444966
445078
445312
445689
446383
446664
446668
448166
449425
449440
449491
450686
450703
451869
452094
452119
452501
452531
452553
452620
452802
453301
454059
455169
456063
456159
456936
457586
457676
457869
458964
459044
459206
460797
461073
461675
461779
462056
462057
462211
462398
463066
464395
464637
465198
465746
465963
467244
467369
467866
468146
468339
468588
469146
469257
469310
469408
469422
470418
470706
470734
471261
471332
471340
471695
472184
472303
472349
473441
473662
473714
475542
476337
476715
477048
477147
477933
478466
478739
478964
479726
481493
482138
482287
482544
482552
482825
483869
484790
484894
485786
486228
486275
487296
488612
488883
489348
490024
490108
490394
490719
491083
491089
492263
492624
492717
492909
493653
494333
495095
495171
495280
495943
497413
497911
497983
498772
499000
499263