595
667
2016
2095
2274
3126
3200
3248
3311
4521
4837
6698
7047
7540
7544
7663
7859
8009
9024
9669
10209
10361
10770
11919
12123
12567
12701
12795
12805
12887
13103
13121
13264
13416
14204
15450
15675
15823
16796
16916
17151
17452
17922
18591
18645
19980
20294
20314
20804
20861
20948
21214
21276
22737
22869
22989
23565
23704
24212
24229
24479
24702
24779
24858
24900
25454
25506
26722
27662
29176
29190
29811
31355
32548
33003
33297
33505
34307
34796
35541
36156
36534
36916
37420
38131
38567
39360
39483
39688
40026
40172
40345
40395
40696
40899
41074
41134
41708
41916
41918
41928
42405
42508
43186
43263
43700
43736
43919
44230
45443
45474
45751
45856
47887
48360
49091
49630
51180
51395
51994
52956
52993
53150
53377
53929
54443
54816
54938
55500
55701
55994
56191
56200
56738
57704
57871
59354
59514
59695
59732
59824
60358
61247
61356
62449
63291
63446
63712
64145
64350
64689
65059
65536
65929
66571
66757
67865
67911
68695
70650
70999
71130
71304
72075
72466
72513
73659
74438
74667
74999
75081
75375
75519
76166
77753
77882
77888
78722
78907
79141
79421
79660
80088
80204
80260
80314
80515
80651
81570
81890
83558
83797
84065
84434
84716
84772
84816
85242
85573
85976
86065
86277
86842
87988
88467
89453
89587
89852
90042
94090
94616
95596
96729
97068
97096
97659
98432
98998
99796
100462
100505
100866
100972
101762
101809
102196
103081
103124
103472
104227
105309
105895
106083
106143
107431
108244
109157
109324
111220
111400
112120
113639
115681
116460
116751
116788
117511
118670
119467
119527
119796
120134
120575
121640
121774
123723
123824
123951
124634
124690
125281
125698
127174
127414
127677
128284
129110
129555
129648
130274
130493
131451
131661
131749
131857
132093
134419
134747
136476
137415
137460
137647
138130
138222
139048
139658
140092
140796
141426
142042
142625
143021
144560
144921
146275
146859
146984
147617
147953
148652
149256
149462
149656
149971
150865
151566
151885
152541
153669
153781
154437
154622
154966
155269
155398
155470
155883
157431
158397
159590
160696
160699
161128
161369
161660
163109
163236
163608
163690
163794
164433
164465
164933
165982
166216
166448
167473
167809
168327
168338
169148
169390
169590
170830
171311
172166
173013
175108
175213
175296
175569
176170
176358
177370
177496
178048
178136
178781
181201
181849
182689
185365
185917
186084
187298
187327
187686
187749
188736
189095
189215
191023
191223
192416
193138
193833
194519
194651
194882
194987
195434
195601
195712
195860
195912
196253
197167
197605
197661
199291
201034
202411
202642
203035
203250
203305
203774
203910
204945
205049
205738
206233
206410
206465
206794
208063
209349
209994
210523
212816
212982
213074
214558
214740
215903
217277
218681
219307
219919
220532
221440
221955
222481
222699
222792
223040
223067
223857
224313
225829
225906
226481
226502
226868
227123
228742
229190
229464
229612
230385
230401
230468
230643
230655
231628
232787
233631
234177
234747
235048
235776
235829
236063
236235
236457
236783
236819
237388
238565
239853
241382
246251
246967
248416
249271
249951
250397
251127
251446
251977
252948
253336
253643
254014
254134
254421
254556
255422
256330
257899
258232
258255
259039
259305
259455
259575
259907
260050
260252
260569
261127
262090
262318
262367
262472
262695
264016
264032
264697
264994
265527
265638
265677
265843
266180
266942
267373
267409
267445
267460
267552
267624
267820
267893
268043
268152
268922
268990
269483
269484
270071
270412
270654
270986
271813
272118
272148
273105
273565
273953
274427
274759
275446
275646
275786
275942
276118
276461
276913
278397
278713
279078
279082
279236
279619
281207
282106
282463
283314
283694
283712
284762
284984
285149
285317
286218
286310
286716
287484
287811
287957
288482
288501
288570
288640
288819
288835
289230
290951
290969
291886
292032
292132
292442
293375
293477
293844
294168
294794
295094
295471
296009
296057
296378
297317
298191
298725
300695
300920
301074
301294
301374
301686
301908
302069
303998
304691
305027
305728
305979
306415
307433
307576
308057
308209
308643
308731
309471
309481
310140
310252
310670
311355
311919
312735
312837
313602
314006
314089
314884
315338
315622
315683
315881
317180
317602
317606
317823
318855
319574
319826
319927
320014
320647
321259
322374
323259
324827
324981
325118
325163
325636
326133
326638
327115
327616
327860
328554
328713
328716
328751
329360
329415
329728
330548
331736
332443
332681
332761
333099
333509
333798
334155
336408
337921
338228
338746
338806
339349
339421
340511
340886
341424
341517
341640
341824
342053
343788
343965
344373
345362
345451
345774
345851
346322
346518
346780
347487
348750
348805
349236
350001
350157
350566
350929
351220
352163
352464
352580
352622
354085
355213
356016
356225
357140
357383
357398
357921
357998
358763
359334
360471
360969
361261
361357
361685
361816
362212
365229
365395
365679
365733
365956
366519
367149
367845
367941
368424
368601
369236
369740
370033
370768
371437
371766
371971
373501
373835
374330
374565
374938
375179
376108
376406
376549
376554
376585
376753
377289
377693
377972
378134
378338
378619
378926
379480
380944
381591
382307
383118
383277
383533
383945
384420
384945
385428
385923
386592
386769
386931
387343
387626
387787
388194
388543
388583
388916
389023
389370
389548
389798
390209
390636
391388
391967
392974
394069
394897
395316
395409
396164
396574
398871
399546
399795
399973
400806
400992
401403
401540
401595
402058
402198
402890
403801
403962
404350
404630
404898
406058
406082
406659
406977
407056
407341
408714
408825
409247
409555
412140
412220
413501
413943
413945
414343
414657
415676
415885
417651
418123
418215
418560
418827
419265
419347
419436
419440
420309
421958
422216
422764
422884
423499
423672
423831
423885
424424
425318
425484
425555
425919
427279
427293
427742
428486
429476
429514
430561
430606
430988
431046
431226
433319
433402
434542
434831
435002
435433
435447
436344
437113
437460
438278
440368
440374
440908
440925
441678
441889
442654
443093
443342
444253
444780
444825
445114
445755
446710
447575
447581
447804
448059
448331
448551
448931
448978
449159
450056
450476
452127
452537
454405
454846
455165
456133
456625
456660
456783
458336
459154
459354
459576
459713
460073
460197
460565
460750
460849
461865
462470
462514
462697
462857
463373
463723
464761
464781
465500
467163
467696
467774
468394
468945
469403
469518
469695
470401
470421
470491
470933
471146
471348
471506
472137
473335
473910
474712
475556
475656
476160
476544
476653
477775
479474
479835
480564
480913
481120
481403
481496
481990
482543
483239
483542
483548
483713
484032
485499
485790
487282
487523
488029
488082
488432
489132
489822
490428
491026
491141
491308
491592
491663
491720
491838
492132
492392
492887
493413
493534
493942
494436
494509
494788
494931
496602
498279
498625
499174
499295
499351