210
349
1240
1905
2487
3210
3303
3434
3965
4680
5144
5152
5271
5363
5464
5756
6592
6841
7669
7999
8528
8730
9101
9448
10024
10839
11034
12067
12223
12937
13134
13538
14013
15030
15288
15639
15807
17522
17530
18008
18821
19131
21299
23377
23435
23957
24110
24175
24225
24310
25026
25373
26668
26945
27305
27356
28023
28340
28715
28806
29392
29462
30186
30764
30916
31180
31455
32663
32987
33601
33750
33998
34922
35461
36309
36536
37035
38536
39078
39199
39210
39737
39847
40023
40058
40099
40457
40857
40899
41094
41249
41347
41728
41910
41927
42215
42777
43995
44218
44784
45124
45191
46350
47142
47273
47279
47321
49422
49933
50087
50677
50770
51228
53454
53508
54667
54853
55221
55273
56573
56911
59260
59545
59856
60327
60866
61322
62126
62576
63115
63401
63905
64710
64952
65693
65703
65789
67050
68189
68979
69248
69325
69515
69949
71629
71678
72104
72456
72754
73815
74442
74460
74870
75179
75637
75709
75915
76385
76796
76895
77629
79160
79435
79785
79931
80475
80842
81223
81249
81389
81964
82352
82562
83107
83137
83297
83833
83890
84631
85374
85981
86748
86822
88556
89196
89231
89300
89530
89556
89864
90835
91518
93504
94036
94147
94153
94246
95127
95184
95708
96116
96995
97132
97168
97729
99466
99551
100027
100414
101483
101660
101861
102518
102843
103199
103328
103440
103630
103676
103863
104118
104131
105986
105993
106153
106421
107692
107739
108187
108750
109325
109980
110221
110626
111069
111291
111744
112101
112115
113369
113766
114147
114172
114888
114908
116373
116912
117124
118521
118605
118952
120001
120233
120581
120952
121443
122101
122321
122853
122926
122992
123421
123495
123662
125622
125683
126504
126595
126921
128269
128811
128866
130341
130508
130971
131394
131957
132882
133037
133072
133628
133674
133763
134805
135500
136004
136755
136872
137060
137526
137869
138635
139196
140717
141080
142298
143131
144274
145837
146011
146415
146738
147141
148683
148728
148865
150276
150630
150973
151686
151720
151723
151941
152437
152787
153069
154803
154907
155273
156181
156284
157238
157783
158096
158909
159061
160272
160903
161274
161451
161591
161759
161896
163956
163972
164831
164940
165731
167089
167724
168369
168569
168817
169065
169451
169542
169574
169923
172041
173139
174327
174432
175464
175515
175678
176571
176735
176871
177839
177930
178447
178449
178522
180706
181641
183202
183596
183637
184042
185393
185576
186089
186303
186591
187188
187737
187867
188297
188366
188651
188720
189362
189688
190372
190533
192365
192510
193904
194303
194392
194731
196594
199760
201418
201478
201832
201914
202484
202493
203277
204196
204196
204582
205106
205254
205478
206130
207406
207646
207824
207948
208140
209148
209825
209876
209999
210244
210416
211444
211660
211993
212003
212614
213359
213861
214123
214156
214414
214539
215881
216231
216735
217120
217286
218077
218121
220009
220491
220627
221723
221815
222189
222208
222235
222362
222474
224010
224234
224488
224727
225219
225483
226291
226390
226956
226974
228116
228215
229059
229636
230212
230576
230646
230794
231077
231510
231849
232021
232042
232410
233005
233716
234231
234394
234589
234591
234898
235303
235313
236511
237438
237814
238364
238492
238586
238616
238956
239919
240274
240437
240697
240913
241103
241402
242662
243517
244491
244952
246179
246240
246266
247061
247655
248233
248492
248720
248911
249027
250080
250563
251357
252164
252170
252364
252755
253353
253994
254048
254192
254362
255705
255974
256307
256826
256908
256973
257323
258065
258406
258594
259820
261050
261441
261758
261779
261987
262706
263240
264041
264098
264630
264681
264855
265028
265241
265526
265716
266399
266641
266935
267313
270538
271011
271292
271497
272289
272749
274290
274318
274559
274980
276531
277090
277198
278410
278760
279272
279551
280110
280624
280694
280948
281042
282002
282690
284798
285908
287131
287457
287695
289352
289519
290235
290964
291170
292198
292563
292705
292847
293106
294076
294094
294217
294217
294229
295320
295481
295561
296010
296028
297154
297625
298231
298579
298609
298996
299169
299203
299522
300140
301041
301987
302804
302987
303352
303367
303625
303953
305020
306161
306269
306561
307229
308044
308126
308480
308650
309050
309346
310024
310560
310576
311104
311122
313047
313422
314573
314619
314656
314681
314981
316234
317811
318270
318612
320250
320346
321055
321220
323373
324586
324889
325662
325737
325975
326572
326898
327352
327659
327852
327901
329496
330445
330611
331010
331155
331589
331719
334118
334353
334879
335094
336748
337616
338177
338492
338824
339481
339692
340156
340204
340423
341521
342291
342647
342966
343391
343547
344570
345573
345597
346029
346533
346583
346618
346718
347416
348092
348319
348448
348513
348834
348970
349283
349423
349544
350523
351114
351680
351961
352128
352152
352224
352642
353582
353862
354386
354620
354708
354870
354960
355784
356209
356390
357131
358292
359056
360124
360237
360383
360709
360867
361280
361336
361417
361756
362265
363004
363686
364034
364311
365167
365416
365462
365751
367193
367227
367877
367938
368362
369086
369414
369522
369817
370938
371061
372266
372692
373305
374235
374634
375081
375108
375246
375446
375606
375802
375960
376259
376315
376622
377299
377668
377990
378491
378521
379036
379543
379673
380317
380446
380787
380960
381100
381475
381713
382425
383146
383982
386245
386258
386651
387484
388042
388130
388334
388642
388664
388687
389504
391131
391614
391654
392269
392837
392910
392912
393253
393272
393685
393741
394248
394940
395123
395448
395495
396722
397030
397487
397506
397729
397762
397855
398098
398795
398926
399052
399848
400020
401960
403146
405116
406752
407438
408376
408488
409306
409378
409995
410575
410954
411424
412467
413531
413824
414809
415572
415637
415660
416487
417177
417676
417914
418608
418727
419608
419869
420113
421028
421714
422634
422748
423826
423865
424298
424584
424672
424911
425789
425811
426974
427238
427892
428696
429699
430395
431134
431190
431481
431701
431728
432984
433513
434201
434576
435826
435978
436807
437317
438792
439542
439675
439938
440584
440749
440788
441102
441261
441275
442089
442257
442270
442812
443209
443666
443679
443932
443960
444896
444968
444984
445423
446138
447223
449977
450051
450477
450868
451789
452090
452605
453555
453573
453905
455565
456376
457543
459078
459214
459728
460264
460622
461199
461286
461547
461657
462109
462995
463699
464044
464294
464627
465090
465630
466204
466614
467222
469000
469259
470149
470513
470937
471503
472295
473324
473580
473968
475340
477355
477519
478109
478267
478925
479353
479613
479776
479858
480321
480762
481877
483969
484002
484397
484622
484659
486013
486828
487105
487213
488214
488817
489028
489890
490475
491579
492662
492720
492770
493227
493708
494450
494752
495020
495131
496375
497696
497811
499261
499461
499939