744
781
908
1287
1332
1694
2405
3418
3764
3954
4517
4709
6033
6120
6231
6726
9373
9455
9559
9817
10546
10557
11465
11789
11790
11919
12044
12841
13014
13352
13425
13564
15390
16396
16604
17055
17175
17214
17705
18277
19549
20746
21044
21341
21409
21803
22141
22865
23343
23470
24223
24314
24684
25674
25991
27398
27501
28144
28257
29470
29580
29747
30361
31678
33001
33415
33713
34113
34159
34935
35509
35930
36261
36738
37153
37527
37973
39812
41166
41831
42185
42558
43218
43447
44996
45422
45946
46170
46430
46511
47554
48028
49024
49280
49315
49700
50491
50822
51319
51887
52245
52936
53844
54494
54838
55077
55468
56352
56551
57184
58535
59098
59989
60515
60881
61069
61359
61361
61512
61597
63104
63264
63409
63659
63999
64112
64475
64828
66214
66994
67661
68089
68783
68849
69096
70297
71329
71536
71567
71675
72175
72651
72726
74345
74394
74467
74599
74898
75877
76011
76521
77282
78481
78763
78904
79031
79486
80323
80904
82823
84148
84161
84559
85629
86050
86129
86195
86513
86671
87542
87630
87736
87903
88224
89120
89239
89424
89981
90552
91027
91044
91834
92065
92123
92498
92594
93832
93900
94106
94730
95515
96129
96144
96339
97035
97697
97872
97896
98285
98824
99648
100390
101291
102481
102801
103277
103583
104632
105464
105886
106844
107120
107364
107930
108620
109457
109718
109807
110105
110847
111195
111885
111962
112386
112993
113294
113436
114792
114859
114981
115497
116073
116648
116927
117875
118158
118584
119095
119160
119247
119534
120485
121316
121823
123232
123342
124849
125354
125426
126203
126269
126580
126725
127128
128199
128755
129141
129377
129500
129626
129712
129983
130358
130439
130477
130500
130786
131349
131824
132529
132673
132917
133583
133913
134174
134399
134714
134976
135768
135922
136169
136191
136673
136788
137339
137772
138095
138155
138175
139009
139034
139043
139067
139983
141096
141680
142018
142493
142950
143164
143495
144214
144380
144692
144870
144934
145676
145751
146436
147154
147563
149245
149273
149621
149778
150134
151423
152086
152269
152440
152798
152825
152848
152886
153042
153096
153462
153552
153834
155442
155465
155556
155998
156055
156359
156622
157590
158541
159406
159844
160379
160602
161013
161357
161448
162103
165068
165931
166726
166991
167603
167857
167952
169122
169305
169319
169516
169677
170204
170292
170742
171088
171386
172700
174118
174626
174831
175098
175385
175399
176065
176448
177506
178107
178155
178807
179478
179848
179887
179910
180105
180446
181367
181610
182194
183340
184202
184365
185511
186281
186465
186665
186921
187318
187372
187603
187666
188414
188979
189106
189806
190272
190619
190705
191392
191679
191953
192701
192909
193580
193874
193936
194113
194228
195952
196269
196626
196638
196938
199119
199744
199848
200302
200585
201652
201822
201940
202204
202222
202327
202389
202689
202852
203598
204620
204654
205437
206910
207157
207184
207302
208164
209286
209467
210275
211186
211559
211951
213350
213655
213674
214195
214251
215366
215453
217092
217247
217490
218281
218283
219143
219208
219326
219535
221997
222066
222425
222492
222756
222980
224614
224775
225251
225989
227092
227392
227415
227741
227885
228749
228968
229922
230497
230507
230994
231039
231730
232095
232106
232214
232409
232569
233436
234197
234666
234784
234898
235992
236335
237354
238482
238616
238687
238717
239193
239263
240134
240842
242137
242156
244112
244370
244541
244652
245557
245782
247445
248250
248414
248668
248691
249251
249383
249425
249916
250343
251081
251807
253253
254935
255573
256058
256165
256191
256434
256586
256667
257580
257634
257688
259166
259620
261257
261501
262283
262515
263057
264554
265805
265945
265972
267177
267954
268687
269510
270157
270393
270575
272579
272824
273025
273415
273417
274185
274587
274799
274826
275766
276533
276982
277263
277825
278215
278460
278915
279677
279967
280093
281541
281620
282285
282287
282579
283557
283896
284056
284891
284983
285079
285409
285421
285542
285626
286181
286628
287072
287174
288423
288821
288872
289187
289308
289470
290318
290452
290518
291700
292072
292173
293131
293160
293735
294206
294648
294811
295979
296543
297465
297663
297840
298606
298779
299143
299258
299569
299624
299981
300080
300827
301113
301536
303143
303391
303782
304363
304907
305154
305389
305563
307377
307394
309600
310007
310657
311213
312030
312604
313181
313927
315187
315829
317294
317440
317758
318144
319123
319833
320398
320413
320596
320701
320904
321154
321254
321267
321691
322154
322154
323288
324582
324912
324946
327586
327692
328272
329307
330394
330521
332029
333878
334532
334774
335358
336063
337833
337928
338566
338637
338985
339339
339531
339899
340404
340842
341032
341730
342597
343135
343213
343265
343893
344561
344654
345725
347119
347453
347954
349345
352890
353139
353571
353858
353886
354704
355396
355725
356661
356816
356845
358966
359158
359719
359729
360194
360411
361375
361869
362103
362337
362411
363423
364056
364795
365272
366794
367734
368672
368843
369041
369633
369688
369903
369921
370053
370156
370863
370868
372308
373397
373757
373951
373984
374393
374438
374629
375062
375342
375599
376616
377238
377445
377541
378340
379049
379372
380061
380134
380681
380700
380897
380933
381331
381787
381797
382379
382802
382840
383836
384062
384298
384639
384655
384777
385167
385238
385594
386361
388425
389106
389439
389447
389681
389922
392046
392694
393331
393697
393958
394287
395574
395896
397058
397123
397720
398472
398869
399481
399616
399873
400360
400747
401010
401135
401421
401570
401609
402139
402432
402591
403003
403062
404764
405056
406278
407058
407124
407834
408128
408715
409039
409481
410595
410868
411027
411111
411658
411923
412255
412653
413282
413360
413991
414120
414773
415225
415886
416055
417060
417586
417813
419065
419431
419472
420005
420050
420261
420564
420821
422105
423073
423116
423405
423546
423710
423819
424109
424741
425202
425249
425302
425633
427209
427601
427859
428318
428566
428797
429188
429419
430078
430369
431806
434497
435777
435994
436031
436571
436684
438168
438426
439116
440214
441272
441636
442840
443693
443731
444753
445000
445412
445650
445946
446446
446540
446982
447017
448591
448619
448883
449402
450016
450117
450276
451594
451833
451991
452038
452041
452559
452865
453352
453737
454047
454829
454865
456082
456276
456418
457539
458616
459627
461178
461685
461866
462208
462830
463372
463941
464008
464355
465928
466471
466893
467168
468158
468950
469353
470400
470761
471328
471394
472500
472598
472648
472836
472917
472941
474224
474421
474506
474525
474626
475218
475682
476083
476589
476658
477291
478243
478464
481219
481574
481645
481655
482349
484184
486023
486146
488137
488137
488490
489605
489703
490397
492049
492743
492989
493178
494546
494823
495318
496251
496572
496647
497742
497836
499039
499246
499299
499377