468
731
3106
3807
4454
4495
4723
4761
5798
6495
6529
6869
7031
7275
7591
7682
8357
9499
10405
10415
10560
11096
11327
12185
12356
12769
13439
14172
15362
15428
15979
16093
17610
17798
19542
20528
20683
20979
21723
23496
23625
23926
24110
24394
24624
25722
26612
27018
29355
29357
29609
29961
30509
31188
31334
31806
32861
32973
33053
33294
33422
34518
34533
34756
35189
35518
35950
36287
36906
37179
37516
38887
39099
39333
39569
39713
41222
41224
42441
42897
43195
43915
44547
44727
45932
46773
47071
47370
47785
47911
48185
48474
48614
49020
49027
49112
49254
49550
49636
49672
50335
50821
51264
51423
51437
51545
52539
53336
53659
53844
54073
54543
54939
55562
55603
55649
55802
56562
56649
57203
57226
57725
58157
58269
58739
59083
59891
59991
60526
60795
60888
61161
61321
61386
62635
62659
62821
63739
63874
64506
65190
65258
65915
65956
68114
68810
69304
69682
71167
72399
73475
73942
75307
76191
76616
76644
76824
76844
76987
77031
77465
77479
78537
78586
78837
80637
81338
81985
82399
82872
83230
84222
84548
84625
85093
85922
86869
87248
88922
89019
89231
90184
91500
91994
92845
93080
93352
93436
94161
94162
94720
94978
95318
95601
95925
96166
97028
98142
98290
98800
101009
101269
101438
102588
103077
104514
104622
104695
105558
106497
107600
107842
108398
108796
108880
108951
109196
109548
109614
110365
110657
112034
113385
114562
115941
116655
117635
119429
120213
120536
121308
122841
123452
123739
123874
123976
124478
125168
125284
125582
126016
126136
126843
126986
127647
127652
127813
130372
130465
130879
130969
131042
131506
131804
133041
133072
133728
134257
134555
136350
136498
136618
137167
137227
138018
139430
140446
142251
142391
142588
142778
142862
143849
143858
144022
144278
144719
145233
145233
145601
147735
148139
148392
148991
149177
149198
149566
150103
150324
150680
150835
150839
150919
151697
151770
152549
152766
153070
153072
153356
154003
154117
154227
154721
155446
156050
156123
156303
156560
157228
157517
157641
158120
158616
158967
159079
159170
159230
160235
160536
160616
160754
160871
162190
163777
163942
163987
165439
165758
167185
167984
168011
168437
169862
169936
170412
172228
172431
172467
172909
173381
174294
174635
174736
175418
175598
175824
176027
176029
176549
177991
178579
178923
180283
180728
181219
182721
182917
183834
184644
184864
185809
185934
185997
186411
187119
188634
189510
189920
190023
190224
190256
190960
191083
191119
191328
191677
192537
193495
195714
195950
195967
196709
196730
197669
198385
198783
198795
199366
199768
199970
200113
201494
201545
201936
202073
202699
203215
203389
205752
206017
206316
206780
207750
209274
209735
210401
210593
211430
211436
211774
212388
213708
214021
215511
215840
215919
216022
218018
218324
218742
219510
220289
220712
222648
222734
223915
224449
225975
226370
227705
227862
228037
228683
228710
228721
229467
230184
230859
231257
233938
234421
234921
235274
235294
235469
236851
237537
237842
238594
239226
239639
240062
240068
240069
240146
240162
241192
241695
241994
242416
242584
243069
243567
243674
244149
244255
244264
244380
245047
245079
248308
250310
250952
251364
252368
253005
253908
254188
255414
255995
256059
256253
257307
258765
259580
260509
261370
261437
262352
262531
262887
263410
263661
264080
264630
265390
266240
266356
266515
266656
266706
268531
269529
269720
272187
273097
273440
273961
274082
274705
274991
275095
275124
275140
275228
275958
276408
276655
277825
278550
278614
279095
279216
279244
280289
281163
281279
281460
281612
281853
282450
282529
282664
282746
282787
282962
282976
283200
283515
283820
284323
284999
285431
285459
286002
286132
286220
286422
286892
287395
287511
287724
288140
288422
290089
290800
290809
290823
290956
292186
292338
293024
293604
293636
294172
294528
294875
294906
294941
294994
295579
296716
296972
297362
297621
298772
300572
300881
301029
301544
301835
302295
303609
303990
304371
304520
304743
304779
305750
306012
306087
306545
306757
306950
307946
308040
308096
308480
309348
309521
310057
310694
311620
311709
311981
312032
312209
312363
312436
312539
312697
312917
312928
312937
313371
313684
313970
314034
314749
316289
317139
317297
317481
318318
318607
319274
320113
320391
320756
321475
321580
321868
322525
323381
324014
324677
324722
325614
326241
327143
327378
328110
328480
328490
328859
328991
329793
330130
330419
330771
330917
331483
332212
332322
332479
334029
334382
335354
335437
335564
336712
337580
337616
339185
339802
339916
340874
341550
341614
341746
342178
342922
343324
343690
343781
344557
344997
345436
345945
346166
346485
347469
347685
347872
348381
348947
349109
349236
349273
349948
350067
351370
351804
352038
352099
352504
355067
355200
355431
356327
356463
357509
357521
358069
358459
358461
358910
358931
358983
359028
359247
359606
359871
360379
360738
361203
362021
362672
363349
363356
363514
363991
365149
365317
365671
366443
366647
366824
367725
368441
368472
369413
369800
370253
370954
370993
370994
372212
372466
372842
372923
373063
373506
373620
375325
375439
375455
375702
376224
376883
376997
377128
377390
377744
378009
378489
378545
379288
380132
380346
380488
380795
381270
381420
382712
382821
382937
383110
383255
383840
385028
385426
386264
386454
386539
386816
388431
389466
390077
390348
390417
390859
391509
392536
392690
394718
394946
396085
396515
396534
397106
399086
399909
400114
401730
403071
403911
404841
405529
406880
406958
407014
407254
408164
408563
408602
409291
409579
409699
410490
410632
410650
410779
410981
411054
411122
412098
412177
412392
412526
413870
415208
415412
415742
416446
417271
417927
418326
418901
419798
420115
421162
421525
422371
422857
422901
423609
423959
424069
424926
425049
425382
425646
425925
426501
427180
427215
428000
429035
429409
430260
430348
430439
430488
430601
431434
431865
432186
432597
432607
433135
433444
434326
435192
435369
435681
436911
436948
437831
438805
439800
440048
440273
440542
441210
442160
442209
443097
443097
443977
444029
444120
444131
444333
444545
444568
444968
446752
446807
447032
447181
447666
447759
448282
448350
448867
449213
449608
449786
449814
450129
450315
450428
451770
452721
453109
453150
454823
456019
456166
457132
457302
458497
459053
459124
459960
460617
460712
460863
460905
461169
461401
461668
461817
462001
463064
464389
464486
464990
465215
467689
468492
468739
468761
468883
469223
469280
469873
470144
470341
471232
472635
474712
475168
476412
476592
476767
477691
477706
479712
480449
480575
480612
480746
481486
481487
481610
481696
482465
483111
483460
484212
484437
485638
486696
487020
487466
487671
487741
487945
488889
489574
489659
489682
490374
490527
490568
491337
491527
491766
492103
492540
493014
493499
493698
493710
493737
494094
494303
494503
495045
495121
495408
495579
496602
496779
497221
497610
497836