94
619
932
1589
1621
1637
3093
3669
3977
4980
5366
5722
6365
6460
6996
7453
7590
8289
8523
8563
8716
9305
9689
9718
11536
11822
12041
12887
12895
14290
14839
15034
15175
15242
15624
16053
16271
16383
17072
17102
17323
17393
17807
18218
18297
19317
19977
20750
21006
21344
21469
21606
21613
22670
22923
23055
23955
24152
24555
25194
26437
26447
26629
26761
26821
27079
27209
27463
27594
28034
28165
28706
28913
29374
30443
31013
31451
32296
33279
33851
34273
34620
35361
35441
35845
37462
38076
38428
39569
39999
40453
42067
42341
42995
43132
43982
44043
45663
45916
46074
47397
47880
47933
48115
48442
48767
49087
49180
49424
49637
49801
50551
50726
51466
51574
51934
52017
52112
52641
52874
53020
53446
53660
53995
54418
54751
55206
55883
56073
56698
57455
57511
57779
58416
59891
60366
60671
61863
62281
62617
62638
62866
62867
62894
63207
63902
64324
65475
65987
66685
67219
67265
67898
67997
68076
68740
68943
69022
69391
70903
71040
71140
71267
71469
71949
71977
72083
72098
72671
72886
73266
73331
73470
74732
75384
75473
75531
76036
77159
77302
77396
77635
78423
78461
78672
79066
79636
79802
79936
80195
80567
80852
82074
82808
83161
83261
83882
84071
84488
84885
84951
86464
86811
87577
87601
87807
88595
89270
90103
90368
90953
91523
92016
92627
92992
95665
95712
95979
96244
96366
96787
97334
98761
99381
100411
102494
102534
102606
102695
103091
103152
103415
103689
104483
105086
105171
106272
106406
107161
108046
108276
108468
108608
109217
109441
109812
110448
110450
110595
110900
111122
111314
111384
111527
113051
113076
113124
113621
113941
114926
117482
117625
117767
117850
118139
118541
119647
120987
121073
121152
121342
121554
122543
124092
125015
125573
125701
126288
126465
126838
127068
127415
128173
128365
128495
128592
129076
129282
129333
129992
130470
130578
130597
132122
133934
134222
134737
135515
136104
136935
138051
138462
139187
139663
139915
140366
140452
140554
141141
141334
142085
142149
142305
144215
144705
144970
145093
145376
145383
146129
147272
148169
148248
148440
149233
149846
150179
150744
150767
150979
151224
151747
152044
153130
154096
154108
154643
154741
154958
155213
155734
156402
156476
156718
156840
157740
158136
158264
158487
159060
159397
159688
160156
160198
162744
162925
163087
163320
164124
164186
164762
165258
165327
165413
165714
166089
166407
166693
166774
166851
168526
169136
169811
169986
170041
170095
170280
171282
171327
171575
171577
173301
173432
174052
174330
174621
175955
176221
176570
177462
177483
179171
179546
179732
180645
181417
182150
183287
183433
183593
183688
183696
184642
184767
185924
185998
186417
187185
187605
188391
189953
190290
190703
192121
192969
192996
193955
194391
195300
196387
197500
197668
197723
197911
197944
198939
199568
199655
200689
201274
201688
202495
203690
203938
205695
205801
205878
206067
206221
206473
206578
206827
208228
208762
208897
209223
209729
210867
210879
210900
211693
211904
212296
213054
213071
215278
215384
215750
218239
218423
218597
218909
219206
219433
220153
220521
220544
221520
222094
223013
223775
223888
225346
225792
226222
226926
227057
227560
227687
228776
229843
230096
230668
230884
231402
231447
232242
232574
232682
233079
233953
234031
235217
237418
237798
237870
238836
239211
239495
240232
240980
241124
242354
242650
243017
243623
246556
247348
247711
248298
249092
249241
249571
249721
250132
250545
250871
250872
252937
253040
253915
254823
255098
255121
255270
255805
256734
257089
260178
260191
262152
263322
263828
263888
263916
263989
264256
264457
264496
264553
264747
265193
265603
266189
268720
269185
269228
269608
269698
270143
270595
271454
272172
272370
273457
274153
274300
274612
274670
276526
276920
277017
277018
277997
278041
278212
279878
279959
280250
280425
280861
281418
281696
282469
283103
283256
283632
283703
283996
284050
284071
284121
284525
284705
286112
286634
287458
287470
288149
288581
289255
289300
290220
290891
291015
291064
291127
291461
291869
292305
292345
292977
293143
294212
294340
294509
294685
295391
295602
295812
296844
297033
298111
298201
298412
299510
299992
300593
301678
302057
302223
302396
302458
303527
303543
304243
304248
305206
305895
306950
309179
310166
310206
310803
311159
313464
313475
313665
314045
314064
314388
314912
315450
315878
317138
317414
317529
317992
319968
320255
320609
320864
321374
321556
322157
322910
323524
323841
324469
324822
325297
327105
327145
327899
328294
328385
328626
329825
329999
330454
331702
331818
331824
332135
332934
334599
335066
335131
335871
336257
336972
337442
337655
338218
338264
338275
339167
339297
340050
340410
340567
341555
341852
341879
342164
343582
343664
343747
344075
345387
345810
345971
346417
346681
347854
347864
348744
348785
349200
349331
349562
350244
350378
351348
351796
353118
353630
354731
354737
354824
354867
355520
355671
355828
356624
358040
358661
360043
360458
361781
361796
362349
362748
363586
363644
364138
364157
364390
364968
365067
365158
365959
366210
367606
367822
368010
369047
369055
369101
370489
371661
372312
372523
373014
373165
373654
373805
373822
374281
375746
376301
376514
377548
378081
378679
378924
379525
380324
380857
380870
381052
381240
381709
381888
382888
383749
383830
383835
385053
385253
385806
385832
386705
387032
387110
387282
387657
387845
388053
388199
389648
389919
390002
391508
392337
392673
392741
393382
395432
395833
396489
396749
396879
396917
397915
398274
398499
399318
400645
400916
401365
401700
401970
402204
402246
403318
403419
403422
403491
403614
403919
404506
404529
404904
406089
406199
406911
406991
407407
407912
408189
408456
408691
409113
409340
409846
409922
410142
410483
411031
411033
411192
411289
411490
412357
413906
414099
414426
415221
415228
415954
416596
417292
417466
418080
418818
419510
419569
419673
420051
421150
421353
421408
422457
422964
423069
423474
424376
424715
425257
425258
425431
426671
426766
427243
427833
428155
428820
428925
429070
429101
429961
430819
430834
431158
431221
432177
432571
434112
434138
436045
436134
438977
440524
441531
443128
443269
443738
444072
444661
444848
445064
445604
445962
446748
447217
447497
447789
450090
451151
451482
451492
451724
452156
453012
453471
453635
454016
454136
454157
454228
455784
456211
456896
457218
459109
459498
459515
459632
460936
460967
460970
462580
462863
463130
464360
464489
464499
465447
465872
466887
467085
467154
467329
467746
468435
469308
469849
470317
470524
470889
471470
474796
474943
475448
475745
475893
476776
476993
477001
477149
477498
477781
478137
480156
480281
480730
480773
480921
480961
481300
481346
481384
482042
482379
482679
482870
482994
484779
484889
485095
485364
485710
486858
486977
487047
487061
488458
489116
489666
490494
490712
491853
492953
494276
495776
496421
496423
496483
499315