206
1166
1571
1931
2309
3272
4664
5023
5695
5886
6859
6979
7769
8712
9064
9571
9657
10998
11049
11274
11458
11503
12158
12187
12362
12401
12458
13601
14419
15096
15316
16474
17259
17699
18845
19958
20117
20472
20990
21173
21628
21715
21830
22182
22904
23292
25429
25866
25928
26422
28466
29260
30394
30656
30742
31252
31413
34022
34290
34558
34596
34830
35120
35130
35168
35275
35881
36133
36180
36362
36746
37674
38058
38329
38818
39300
39555
40214
42007
42532
43081
43127
43316
43948
44462
44586
45147
45392
45929
46111
46154
46164
46467
46605
46713
47450
47620
47925
48681
49033
49681
50250
51219
51339
51832
52294
52928
53146
53332
53337
54269
54630
54951
55703
56059
56791
56987
58841
59157
59427
60171
60345
61216
61262
62829
63005
63099
63700
64251
64768
64961
65126
65450
65782
65980
66381
66699
66949
67123
67486
67606
67994
69072
69291
70535
70772
72215
73396
73526
73794
74928
75884
76605
76668
77728
78176
78603
78636
78991
79048
79822
79888
80306
80912
80984
81310
82041
83350
84820
85204
85225
85473
86153
86259
86449
86650
88826
88944
89567
90036
90145
92447
93247
93786
94483
95659
96866
96876
97876
99574
101202
101369
101474
101622
102890
103547
103947
104302
104336
104774
105414
105933
106965
107596
107692
107785
107912
108258
108776
110864
111351
112198
112424
113048
113779
114459
115680
116461
116714
116869
117394
117429
117528
117701
118025
118504
119762
119814
121309
121855
122511
123190
123350
123526
123819
123920
124808
126107
127112
127655
127790
128289
128386
128627
129642
133044
133046
134027
134325
134688
135143
135625
135898
136005
136265
136375
136465
136989
137506
137817
137889
138263
138603
138835
139760
139970
140256
141074
141283
141969
142187
142343
142763
144314
144485
145114
145311
145442
145747
146514
146572
148160
148428
148942
151186
152040
152182
152413
152736
153349
153371
153808
153839
153864
154174
154792
156466
156923
157205
157292
157328
157819
160854
161276
162562
162643
163616
163698
163812
164591
164932
165063
165231
165281
165291
165470
166218
166237
166438
166991
167012
167152
167287
167362
168237
168276
168929
169829
169904
170353
170465
170844
171414
171873
171880
172908
173094
173663
174336
175600
175668
176119
176877
177345
177914
178125
178225
178508
178867
179717
179902
180122
180790
180818
180925
181270
182469
182799
183032
183242
183863
183971
185384
185429
186350
187304
187651
188179
189206
189417
189532
190236
190499
190606
190784
190967
190987
191005
191323
191826
192624
193254
193462
194158
194882
195044
195177
195654
196049
196363
196398
196894
197170
197465
197612
197788
197905
197982
199504
199520
199650
200681
201247
202129
202835
202969
204274
204499
204714
205922
206120
206910
206977
207438
208095
209737
210927
211284
211900
213044
213416
213417
213431
213657
214095
214810
215531
216223
216321
217022
218960
220322
221072
221471
221471
221511
223444
223978
224337
224481
225303
225557
226172
226751
226985
229073
229305
229960
232154
232181
233405
234250
234378
235000
235108
235307
235481
235808
235838
236181
236341
237359
237504
237918
239669
240137
240958
241126
241164
241681
242375
242890
243078
243640
244187
244393
246279
246379
246735
246781
247049
247790
248977
249343
250102
250126
250662
251140
252151
252302
252906
253574
254212
254269
254754
255484
255731
255773
256259
256803
256816
257404
257666
257936
259304
259463
259915
260359
260426
260594
260993
261012
261050
261400
261475
261702
262889
263116
264361
264733
264992
265704
265837
265989
266459
266592
268044
269570
270438
271117
271693
271856
272336
272527
272784
272933
273351
273511
273534
273884
274337
274482
275231
275323
275397
275399
275946
276434
276708
276839
276881
277685
277703
277826
278147
278340
278713
278946
279279
279740
280055
281183
281205
282208
282859
284030
284494
284877
285376
285647
287119
289956
290326
290711
291475
291526
291740
293441
293720
293936
294157
294416
294564
296571
296640
297212
297761
298100
298192
298204
298612
298685
300388
300564
300680
300791
300855
301566
302129
303406
303844
303942
303989
305242
305735
305793
306978
308425
308526
308880
309034
310024
310886
311092
311918
312832
312893
313796
315193
315438
315524
316425
317875
317959
318226
318301
319886
320135
320499
320503
321404
322019
323575
324854
325198
325882
326977
327531
327862
327971
328237
329032
329077
329639
329879
329986
330314
330598
330633
330682
331644
331973
332362
332719
332736
334946
335630
335727
336045
336173
336627
337551
338391
338469
339122
340000
340624
341334
342050
342607
342835
343312
343621
343697
344121
344377
344508
344677
344857
346163
346299
346582
347394
347421
347632
347752
348075
348421
349017
349305
349487
349498
349820
350186
351631
352496
352502
352510
352627
353392
353567
354283
354835
355083
355495
357236
357928
359840
359847
361023
362448
362548
362622
363539
364336
364596
364976
365185
365752
366032
366089
366480
366976
367586
367590
367623
367812
367959
368271
368570
369656
369774
369920
370578
370711
370886
371248
371622
371628
372627
372726
373187
373290
373999
374376
374613
375715
376098
376953
377694
377847
378532
378590
378778
379269
379596
380225
380436
380713
381024
381072
382235
382383
382538
382650
383659
384478
384519
384699
385270
386359
387098
387131
387307
387498
387725
387771
388572
389054
389208
389318
389700
389785
390694
391804
391984
392079
393163
393501
394512
395481
395739
396028
396392
396597
397841
398657
399596
399725
400366
400541
400547
400575
401288
403341
403859
404630
404804
405069
406562
407208
408044
408394
408401
408795
409039
410144
410797
411452
411736
412050
412238
412274
413033
413227
413264
413500
414449
414553
414711
415137
415429
415557
415641
416654
417540
418545
418707
418749
418818
419460
419548
419940
420530
422120
422299
423338
423426
423442
424213
424408
424668
424913
425752
425760
426088
427483
427630
427855
427928
428434
428597
429391
429433
429759
430535
431582
432679
432945
435085
435227
436606
437225
437402
437701
438832
439000
439665
439850
439998
440028
441186
441224
441348
442228
442513
442838
443100
444087
444256
444299
444442
444504
445392
445708
445997
446371
446996
447078
447363
447476
448121
448624
449478
449623
450339
450363
450389
450908
451267
451348
451459
452647
452819
452831
453988
455107
455690
455960
456395
456612
456665
458453
459805
460659
461257
461359
461839
463521
464095
465309
465313
465536
465542
465616
468153
468322
469677
469748
470057
470171
470792
470909
470912
471488
472008
472656
472723
473009
473836
473906
474167
474583
474983
475453
475525
475757
476881
477795
477823
477906
478048
479528
479643
479663
479665
479918
480338
480847
482382
482490
483994
484073
484318
484421
484436
484475
484828
484858
484898
485157
485389
486259
486361
488031
488680
491764
491796
492725
494049
494650
495861
496180
496423
496567
496676
496763
497982
498877
499247