19
678
1296
1620
1676
2304
2446
2504
2972
3119
3725
4509
4805
5914
6678
7071
7362
8675
8920
9320
9444
9787
9867
10143
10218
10594
10805
11194
11438
13108
13531
13535
13591
13667
14055
14256
15638
15810
16678
16923
17638
17850
18288
19196
20842
20904
21694
24265
26371
27796
29877
29930
30113
32175
32348
32389
32410
32655
32729
33631
34353
34525
34999
35112
35242
35716
36038
40095
42415
43204
43672
45480
45532
45708
46281
46993
48231
48758
49874
50257
50830
51429
53751
53803
54610
54685
55134
55134
55273
55564
55593
56226
56377
57002
57454
57753
57760
58961
58972
59157
59435
59953
60319
61410
61644
62203
62401
62583
62639
63008
63104
64428
65086
65390
66334
67597
68605
68702
69017
70713
71488
71635
72264
72896
73823
74698
74754
74803
75115
75742
76046
76463
76567
76980
77484
77505
77690
78148
78160
78880
78956
78973
79058
79914
80585
80876
81200
81209
81581
81929
82961
83121
83216
85166
85235
85860
86292
89460
90181
90313
90614
90726
91066
92291
92543
92567
93951
94744
95651
96129
96932
99522
100036
100392
101522
101523
102296
102786
104179
104346
104386
104792
105166
105755
108061
108428
108448
109032
109813
110524
110954
111150
111377
111442
111910
113011
114148
115015
115563
115807
116434
116516
116585
116675
116855
116901
117219
117819
118368
118484
118792
118814
118926
120753
120758
121624
122230
122279
122393
122588
122594
122780
123006
123065
123474
123787
124248
124456
124610
124620
124760
125229
125508
125847
125903
126430
126818
127190
127463
127942
128930
129545
129675
129709
129824
130188
131015
131399
132715
133106
133516
133520
133816
133980
134323
134338
134429
134443
135392
135477
135485
136231
140164
140242
140302
140371
140947
141094
142154
142611
142827
142870
143542
143713
143994
144760
145954
146060
146649
149972
150509
151331
151390
151629
151964
152524
152634
152691
152972
153236
154485
155330
157035
157528
158240
159787
159927
159953
160456
160930
163016
163533
163885
163940
164782
164918
164989
165540
165931
165940
166114
167930
168218
168420
168747
170352
170757
171225
171556
171671
172765
172969
173228
173404
173478
173691
174620
174850
174957
175397
175425
175610
176302
176494
177110
177533
178161
179244
179322
179453
180394
180511
180750
181538
181615
182316
182359
182659
184799
184815
184951
186185
187058
187292
187646
188066
188528
189162
190280
190711
191027
191209
192076
192233
192382
193015
193538
193635
193939
194204
194309
194379
194759
195243
195379
196743
196853
196888
198244
199233
199852
200183
200421
200603
200840
200856
201747
201883
201939
203375
203401
204631
204981
205730
206368
207393
207773
207924
208320
208775
208785
209948
209991
210015
211014
211718
211921
212496
214221
215030
215479
215669
216936
217429
217568
217860
218546
219282
219784
220135
220484
220499
220632
221082
221484
222041
222992
224026
224259
224311
226244
226875
227019
228662
228680
228803
229832
229991
230030
231790
232493
232663
233781
235482
236282
236342
236982
237419
237432
237687
238223
240210
240298
240454
240766
240983
241123
241258
242286
242355
242386
242398
242867
242994
243095
243180
244134
244389
244589
244703
245217
245651
246113
246285
246899
247581
247945
248148
248533
249580
249898
250835
251513
251704
253055
253659
255046
255258
255730
257419
257516
258096
259602
260055
260477
260976
261099
261625
261849
262447
262466
262667
262733
263268
263521
264148
264566
266284
267347
268213
268714
269269
269454
269460
269718
270088
272401
272528
273169
273455
273912
274054
274434
274651
274891
275504
276444
276705
278971
279328
279879
279948
280096
280254
280389
280507
281025
283048
283320
283826
284198
285054
285195
285201
285382
285691
286850
287578
287814
288031
288078
288284
288915
289943
289977
290123
290852
290868
291353
291502
291986
291990
292278
292525
292835
293634
294644
295291
296299
297617
298306
298339
298465
298819
299058
299260
300260
300551
300587
300718
300824
301652
301673
302286
302440
302881
304213
304774
305344
305448
305612
305636
305921
306189
306834
307147
308005
308610
309699
311868
311935
312455
312505
312742
312861
313015
313410
313460
313465
313753
314592
314888
315560
315718
315992
316173
317218
317296
317424
318015
318628
318766
318834
319070
320596
321485
321766
322369
322523
323629
324037
324261
324503
324835
325535
325632
326214
326256
326659
326730
326747
326814
327537
327689
328060
328172
328291
329349
329474
329739
329890
330273
330508
330530
331276
331441
332016
332181
333377
335871
335918
336806
337631
337990
338275
338432
338680
339100
339199
339953
339985
340187
340360
340831
342065
342220
342747
344593
344608
344951
346445
346753
346997
347438
348591
350431
351393
352266
352451
352460
352724
353259
354944
355880
357025
357212
357236
358572
358652
359151
359233
359413
359827
360143
360458
361328
361392
362490
362491
362829
363218
363415
363738
364634
365069
365174
365304
365389
365656
365799
366739
366847
368371
368530
368720
369350
369429
369470
369534
369592
369984
370173
370660
371245
371418
372206
372366
372693
372813
373028
373348
373535
373834
374032
374173
374261
374526
375746
376264
376390
377905
378077
379193
379830
380169
380599
380637
380799
381609
381780
382201
383679
384086
384441
385075
385672
386887
387521
387631
389042
389703
390226
390924
391671
391863
392282
392382
392942
392975
393078
394068
394914
395046
395078
395220
396333
397571
397806
398674
398740
399363
400702
401342
401391
402172
402305
402521
403313
403904
404076
404090
404575
404686
404755
405293
405300
405369
406131
406658
406986
407002
407579
407833
408620
409163
409259
409755
410659
410753
410779
410818
410981
411972
412010
412158
414139
415707
415838
416200
416535
416895
417018
417069
417568
417750
418140
418278
418655
419117
419735
420216
420441
420485
421163
421416
422726
422803
423127
423576
424011
424484
424629
425358
425393
425393
426271
426290
426307
427070
427435
427808
428200
428356
428480
429016
429405
430236
430274
430498
431312
431431
431663
431892
432164
432182
434551
435231
435510
435799
436692
437508
437516
437861
437995
438505
439406
440714
440929
441070
441144
441431
442544
442590
442768
442896
443790
443964
445483
445823
446728
446971
447228
447481
447895
449037
449456
449826
450268
450330
450849
451439
452001
452211
452845
453224
453967
454866
454962
454997
455377
456195
456950
457723
457947
459964
460382
461663
461721
461736
461954
462435
462451
463316
463504
464292
464428
466102
466239
467169
467258
467569
467801
468441
469421
469589
469921
471526
472059
472261
472298
472860
474173
474211
474239
474321
474447
474890
475123
475956
476016
477526
478457
479328
479593
480883
481120
481410
482067
482689
482949
483212
484512
486221
486474
486664
486788
486907
488032
488623
489482
490887
490938
491322
492480
492552
493073
493261
493422
494277
494554
494845
496877
497398
497924
498111
498526
499140
499312
499555
499630