94
175
1484
1979
2212
2865
3662
3666
4089
4701
5064
5238
6196
6264
7478
7963
8522
8792
8959
9395
9527
9611
9690
9813
10296
12879
13471
13673
13890
14220
14724
14856
14887
15489
15600
15621
17646
18562
19001
20577
20589
20702
21512
21678
22939
22964
23197
24047
24805
25212
25467
26063
26249
27068
28048
28520
28578
28903
28988
29394
29868
31037
31429
31486
31549
31705
33804
34053
34281
34355
34913
35062
35098
35309
35460
35874
36540
36816
37512
38831
39324
39750
40309
40312
40501
40839
40896
42134
42603
42677
42920
43006
43026
43409
43469
43518
43832
44320
44935
45301
45378
46156
46359
46809
46829
47039
47090
47098
47635
47728
47963
48499
48596
48778
48896
49139
51209
51268
51356
51406
51928
52862
53268
53309
53524
53980
54200
54658
55595
55703
55732
57774
58023
58698
60284
61350
62118
63280
63379
64407
65534
66362
66555
66953
67044
68587
69836
70018
70242
71038
71205
71342
71571
71689
72739
73554
73663
73803
74011
74623
75191
75679
75901
75986
76140
76488
76576
77045
77257
77730
78107
79101
79735
79888
81732
81933
81948
82591
83063
83253
84561
84702
85041
85340
85378
86204
86480
87368
88167
90396
90689
91320
92092
92435
93686
94076
95862
97437
97632
98865
98924
99390
99803
100296
100627
101303
101562
102945
103786
104043
104890
105271
105588
105678
105956
106145
106518
106958
108565
108758
109462
109488
110507
110636
111382
111722
111784
112402
113252
113848
113885
114406
115472
115513
115737
116668
117496
118042
118440
118916
118943
121771
123159
123272
123898
125303
125774
126727
127971
128174
128463
129852
130287
130798
131784
132692
133452
133771
134550
134714
134968
135040
135361
135698
135715
135786
136010
136162
137070
137441
137727
138601
139264
139421
139613
140166
142653
143904
144882
145438
145668
147036
147322
147874
148785
149744
150373
151246
151623
153162
153521
153594
153617
154188
154635
154918
155371
155518
155863
155966
156288
156358
156367
156818
157302
158160
158918
159582
159753
160008
160069
160670
161008
161496
162044
163262
163306
163593
164056
164119
164435
165505
166147
167025
167136
167216
168114
168476
168771
169313
170103
170315
170375
171038
171101
171181
171361
171686
171939
172824
173050
173489
174214
174247
174651
175080
175577
175896
176770
177237
177877
179164
179428
180420
181382
181604
182023
182364
182713
183163
183435
184685
185667
185780
186075
186631
187129
187424
188813
189370
190268
190367
190456
190663
190922
191146
191154
192181
192384
192491
192743
193208
193850
195118
195491
195511
196085
196126
196480
196878
198196
198292
199013
199165
199708
200627
200811
200877
201396
201475
202091
202618
202907
203675
203908
204542
205006
205128
206130
206882
207219
208256
208713
208997
209330
209593
211373
212663
213227
215114
216149
216248
216538
217102
217209
217303
217331
217582
217657
217845
218174
219094
219663
219859
220026
220932
221358
221597
221726
222932
223611
224377
224529
224770
224873
225400
225594
226104
226736
227123
227929
228821
229263
229342
229367
229949
229954
230086
230090
230117
230294
230421
230775
231071
231677
231858
232241
233291
233299
233329
233393
234003
234896
235027
235246
235428
236018
236721
238597
239868
240054
240346
242177
242616
242792
243999
244295
244472
244608
245014
245600
245928
246013
246108
246362
246517
246908
247427
248326
248739
249138
250280
250320
250817
251860
252900
252949
253121
253588
255388
255851
256722
257076
257698
257972
258300
258302
258692
258729
259084
260281
260765
261232
261256
261308
262156
262466
263303
263510
264129
264317
264329
264978
265349
265773
266619
266897
266971
267038
267646
268738
269205
269642
270438
270598
271695
271946
272406
273244
273713
274181
274465
274741
275232
275310
276032
276785
277250
278420
278468
278474
278999
279976
281078
281385
281473
281779
282217
282370
284075
284146
284964
286562
287444
288674
289279
289759
290500
291764
292020
293457
293553
293736
294406
294520
294541
294672
294799
294861
294964
295422
295985
296852
296975
297346
297569
297757
298105
298255
298633
299144
299167
299241
299382
299705
299753
300093
301080
301200
301420
302425
302740
303024
303369
303596
303833
304062
304234
304733
304945
305086
305232
305317
305550
305564
305573
305672
305773
305950
306045
307156
307621
307952
308417
310613
310701
311833
312798
313305
313720
314066
314272
314635
314939
315132
315426
315497
315708
316453
317088
318072
318531
319022
319582
320679
321104
321428
323184
323379
323769
324839
325770
326552
326586
326686
326728
326905
327050
327108
328538
328691
328898
329164
329617
329788
330412
330647
331362
332949
333372
335504
336577
336920
337059
338582
339588
339765
339810
339864
339893
340020
340177
340272
341314
341813
342654
343045
344073
344397
344451
346722
346885
347026
347106
347197
347284
348478
348994
349325
350698
351034
351622
351797
352103
353963
354274
355086
356310
356434
357959
358109
359455
359776
359825
360717
360884
360937
362018
363227
363549
363840
364127
364835
364841
365510
365986
366019
366342
366787
366970
368012
368219
368365
369216
369311
370003
371789
372420
373068
373718
373921
374052
375352
375831
375865
376513
376774
377347
377671
377840
378212
378366
378694
379298
379566
379668
379983
381791
381825
383006
383178
383240
383456
383690
384803
385762
386396
387072
387173
387949
388405
388675
388865
388926
389182
389409
390555
391663
391785
391990
394022
394371
395115
395427
396083
396405
396737
396937
397158
398181
398266
398632
399190
399381
399682
399848
399869
399988
400271
400354
400380
400509
401016
401192
401352
401631
401681
404841
405301
405594
405753
406479
406808
407281
407528
407877
409481
410262
410352
410612
410903
410916
411304
412567
412591
412779
413228
413789
414196
414306
414776
414790
415671
415767
416797
417010
418158
418441
418884
419289
419444
419594
419792
420382
420551
421274
421909
421954
423347
423510
423907
424228
424455
424474
425197
425542
425738
425957
426256
427549
427602
427678
428543
429072
429881
430631
430641
431036
431378
431678
432486
432850
433274
433280
433339
433381
434283
434326
434929
434930
435390
435414
435486
435996
436664
437074
437475
438917
439888
440959
441697
441834
442045
442689
443218
445135
445565
445795
446139
446390
447338
447649
447919
448872
449383
449389
450119
450704
451740
452000
452628
453105
453271
453733
453851
454863
456189
456279
456402
458462
460222
461242
462488
462771
463120
463160
463325
464016
465015
465557
466887
467146
468099
468723
468734
469085
472178
472406
472567
473076
473411
474099
474663
475176
478054
478207
478435
479348
479506
481302
481460
481544
482088
482932
483367
484802
485071
485335
485346
485373
485507
485829
486463
486571
486705
487852
488435
488485
488639
488844
489208
489336
489624
489987
490182
490549
490667
491069
492992
493185
493451
493593
494433
495734
497096
497531
497572
498078
498760
499298