760
1105
1580
1866
1994
2267
2606
2764
4889
6149
6230
7709
8628
8941
10111
10439
10514
10827
10972
12163
12201
12308
12434
13071
13808
14858
16149
16256
16421
16680
17158
17206
17299
17591
18646
19719
19946
19960
20074
20578
20967
20980
21122
21519
22312
22473
22537
23024
23427
24141
24154
25047
25048
25841
26373
27586
27619
27802
27906
28684
28838
29063
29180
29654
29967
30413
31009
31327
32214
32910
33664
34265
34876
36575
36670
37080
38573
39511
41280
41567
41818
42750
43415
44177
44569
44781
44906
45161
45593
47212
47474
47507
47590
47735
47791
48563
49233
49899
50437
50491
50629
50635
50779
52077
52246
52443
52879
52883
53260
54210
54315
55700
55734
55894
57605
57740
58838
59107
60924
61958
61991
62008
62318
62988
63123
63308
63529
64059
64730
65208
65421
66435
66473
66610
67670
67758
68851
68895
69609
69900
70800
71392
72541
72599
73725
74466
75841
76133
76296
76432
76723
76998
77570
77854
79576
79604
80176
80690
81151
81421
82178
84238
84430
84482
84904
85644
85908
86686
86885
86887
86921
87189
87265
88283
88420
88771
89044
89343
89819
89980
90203
90531
90784
91197
91303
91375
91415
91623
91638
91761
92114
92218
92680
92816
93292
93706
93932
95015
95292
95377
95406
95650
95908
96766
98006
98200
98435
98541
98698
99781
100078
100281
100378
100599
101813
102135
102277
102879
103724
103733
103846
105773
105835
106077
106092
106546
106633
106689
106704
106977
107291
107524
107855
107973
108282
108705
108707
108934
109071
109136
109593
109671
110174
111508
111612
112058
112145
113845
114286
114730
115227
116120
116181
116566
116604
118921
120655
120690
120974
121265
121347
122445
123251
124397
124524
125657
125919
126022
127507
127656
128606
128658
129325
130118
131031
131272
131574
131984
132265
132809
133390
133542
133802
134221
134384
135839
136474
137298
137863
138031
138073
138260
138265
138600
139384
139556
140220
140425
142399
142716
143105
143869
143894
143932
144377
144597
144896
145288
145603
146265
146335
146891
151016
151413
151717
152134
153453
153597
155223
155297
155461
155732
155768
157029
157115
157220
157603
158344
158470
159042
159337
159544
159617
159710
159832
160589
161206
161652
161917
162088
162776
162811
163291
163818
164013
164625
165600
165955
166163
166580
167467
169128
169194
169674
169762
170516
170741
171215
171995
172494
173007
173064
174054
174367
175025
175706
177369
177995
178305
178464
179289
180363
180728
181020
181179
181293
182289
182398
182645
183086
183170
183181
183947
184149
185297
186122
186878
188051
188148
188432
189095
189145
189338
189792
191267
191924
191949
192264
192520
192991
193180
193527
193712
194106
194397
194751
194805
194829
195049
195416
196179
196663
196713
197277
198429
199046
199546
199919
200018
200036
201006
201219
201348
202297
202312
203577
204311
204971
206248
206280
206653
206816
206892
206944
207346
207843
208362
208630
209382
210355
210543
210589
212392
213007
213101
213680
213715
213817
214644
214987
217067
217431
217673
217696
218594
218884
219033
219286
219731
220724
220892
221215
221352
221561
221960
222597
224406
224604
225304
225743
225971
226780
228313
229114
230219
230296
230883
231413
231624
231891
232005
232122
232988
233027
233424
234858
235068
235115
235509
236993
237463
238328
238520
238781
238977
239290
240222
240234
240394
240472
242400
242524
242955
243949
244536
244959
245306
245966
246064
246205
246867
246958
246998
247173
247186
247982
248297
248300
248824
249040
249140
250054
250099
250272
250809
251101
252048
252495
252663
253784
253848
254285
255609
256379
258005
258783
258899
258923
259623
259666
260552
260758
261014
261200
261285
261574
262174
262899
263155
264949
265580
266533
267317
267540
269151
270374
270631
271772
271942
273294
273310
273672
275030
275624
276430
276507
276793
276986
279881
280453
280561
280856
282019
282102
283405
283758
284515
284803
285204
285528
286088
286623
286778
287107
287744
287954
288102
289062
289322
289395
290699
291951
292289
292389
293964
294602
295079
295089
295840
296198
296284
296327
296844
298194
298570
298717
299229
299830
300439
300707
301642
301756
302031
302400
303241
303921
304163
304665
306235
307029
307037
307453
308275
308696
308747
308883
308909
309892
310138
310437
310877
311282
311428
311490
312547
312631
312700
314462
315603
315694
315903
316108
317301
318037
318463
320830
321803
322852
323369
323400
323625
323970
324445
324862
325071
325899
325960
326519
326588
326811
327463
327950
328107
329514
329656
329764
330057
331232
331816
332427
332554
333486
333550
333799
333949
334148
335171
335934
336662
336759
336814
337731
337923
338811
340334
340795
341613
341654
341933
341982
342089
343467
344065
344632
345085
345364
347694
347922
348076
348173
348257
348917
348922
349044
349108
349148
349222
349304
350715
350883
351414
351519
351996
352029
352776
352992
354805
355244
355421
355830
356072
356679
358080
359268
359368
359698
359832
360725
361166
361278
361521
361761
362278
362391
363445
364449
364619
365394
365534
365734
366038
366966
367127
367245
367480
367949
368460
369114
369512
371434
372091
372283
372715
373019
373428
373717
374186
374901
374993
375124
375130
375147
376058
376196
377199
377417
377459
377938
378015
378041
378753
379366
379554
379924
380136
380619
380776
380782
382057
382156
382277
382517
382840
382931
383757
383952
384311
385549
387114
387345
388426
388698
388791
389305
389361
389758
389850
390236
390239
393482
393823
394367
395105
395232
395636
396217
396675
396963
397293
397809
397919
398740
398796
398847
400553
401618
402264
403191
403698
404455
404830
405256
405258
406922
407471
407644
407927
408448
409186
410203
410619
410854
410861
411214
411461
411490
412577
414367
414455
415082
415521
415973
416750
417784
418401
419108
419269
420730
420771
421403
421678
421753
421917
422234
422510
424013
424023
425057
425539
426115
426731
427373
427668
427683
427778
427910
428520
429318
429743
430307
430744
430965
431305
431358
432697
432917
432955
433016
433483
434701
435178
435417
435561
435978
436673
437857
438193
438348
438589
440843
442048
442225
442350
442666
444449
444861
446900
446967
447256
448257
449294
449495
450889
450919
451044
451978
452015
453380
453620
454026
454567
454603
455668
455694
455836
456214
457422
457510
457515
457532
457802
458360
459330
459755
460660
461151
461980
462116
462560
462596
463624
463725
463851
463994
464937
465851
465851
465952
467324
468925
469149
469169
469450
469650
469837
469863
470593
471922
472690
472764
474051
474336
475111
475289
476253
476380
476443
476585
476822
478868
479580
479627
480977
481449
482640
484174
484266
485035
485837
486065
487271
487925
488009
488578
489473
490508
491072
491373
492601
492685
492817
493104
493502
494257
495221
495476
495515
495730
495961
496084
496108
496715
496758
496914
497261
497381
497695
498432
499144
499929