44
898
1548
1934
2162
2295
3283
3563
3734
4752
4920
5105
7112
7158
7342
8489
8695
8841
9187
9195
10575
10979
11056
11556
11835
14235
14248
14393
15113
15502
16036
16533
17308
18077
19194
19445
21563
22105
22667
22712
22865
22890
24656
25253
26321
26762
27115
27264
27713
28496
28507
29230
29254
29271
29505
30810
31014
32021
32077
32409
33036
36558
36584
36982
37135
37608
37721
37723
38499
38882
39243
39366
40877
41014
41917
42488
42953
43604
45584
46070
46427
47253
47985
48162
48753
48980
49926
50062
50128
50458
50749
50815
51310
51420
52354
53053
53123
53307
53447
53601
53640
53816
54313
54621
54925
55345
55393
55580
55725
55810
56158
56178
56217
56347
56726
57776
58073
58915
58986
59591
59996
60069
61091
61848
62497
62760
63641
64735
65194
65477
65906
67003
67241
67493
67501
67585
68008
68703
69098
70258
70641
71900
72235
72563
72589
72763
73363
74153
74573
74585
74893
75190
75207
75373
75445
75464
77133
77409
77479
77540
78249
78309
78791
79501
80426
81050
81795
82155
83268
83387
84457
85399
85854
85867
86300
86994
87272
88138
89251
89891
91457
92006
93028
93963
94101
95724
95967
96904
97493
97524
97655
98393
98947
98961
99847
100575
102072
102209
104330
104912
105079
105229
105578
105867
106011
106126
107144
107179
107612
107692
109688
111197
111338
112338
112714
114652
115252
117083
117137
119828
119930
121172
122777
122958
123068
123468
123879
124053
124430
124886
128415
128597
129028
129536
129643
129731
130035
130166
132054
133481
134231
135534
135949
136474
136965
137256
137347
138290
138919
139920
140294
140724
141162
141350
141386
141597
141703
141704
142339
143243
143943
144042
144839
146137
146753
147005
147407
147475
148735
149035
150189
151414
151458
151611
151648
152347
152419
152610
153653
153929
154076
154456
155517
155980
156222
156304
156321
156908
157197
157220
157421
158059
159050
159070
159192
159519
160629
161164
162488
163720
164520
165940
166367
167288
168014
168079
168837
169503
169564
171194
171326
172063
172457
172781
173550
173838
174023
174119
175832
175932
177608
177848
178183
178732
179051
179302
179867
180779
181111
181410
181434
182108
183379
183566
184192
185160
185466
185744
186396
186900
187102
187309
187894
188182
188222
188252
188668
189722
189831
191055
191099
191578
192368
192559
192600
193507
194425
195264
195389
195742
196115
196232
196274
196598
197185
197220
197297
197680
200627
201032
201102
201379
202457
204285
204608
204876
204911
205943
206231
206610
206616
207043
207079
207283
207894
207988
208740
209079
209742
210001
210039
210741
210795
210971
211079
211095
211234
211479
214975
215811
215846
216126
216489
216923
217288
217963
217977
218795
219555
219583
220138
220714
222147
223109
223375
223531
224114
224802
226115
226457
227083
227259
228131
228313
229113
229631
230350
230356
230370
230469
230534
231227
231375
231418
231572
233721
234213
234910
235180
235194
235308
237903
238007
239340
239367
239414
239427
239649
239980
240104
240394
241013
241300
241387
242251
242572
242929
242943
243727
243901
244126
244155
244500
244633
245120
245247
246207
246268
246432
247151
247199
248181
248582
248804
249242
249740
250092
250498
251060
252098
253743
253830
254979
256298
256479
256553
256987
257174
257268
257977
258419
260216
260251
261277
261283
261585
261815
261881
262367
262556
262716
262881
263198
263614
264064
264370
264844
265771
266921
267021
267229
267241
267376
268567
269193
269899
270130
270401
270506
270684
271147
273171
274878
275520
276522
277162
278155
278408
278814
279692
280025
280484
280609
280610
280766
280882
281960
281962
283253
283320
283430
283649
285273
285748
285828
286157
286175
286311
286426
286479
286628
286688
286716
287111
287398
288411
288593
288896
288921
288924
288967
289352
290164
290751
292821
293165
293573
294083
295238
295926
296418
296554
296873
298115
298369
299212
299318
299817
299918
300634
301315
301417
301567
301760
301933
302419
302507
303288
303387
303869
303955
303999
304017
304104
304130
304365
305549
305603
306428
306723
307006
307453
308184
308230
308678
308823
309882
309886
310012
311143
311341
312301
312481
312795
313995
314066
314943
315119
315844
316444
317348
318747
318859
320409
320601
320905
321498
321547
321862
322134
322379
322980
324064
324421
324616
324669
325030
325063
325276
325301
326075
327367
327368
327430
328080
328087
329123
329588
329630
330277
330293
330599
330873
331174
331366
331478
332421
332887
333253
333481
334648
335743
336030
336405
337192
337209
337386
337400
337604
337728
337803
338346
338489
338914
339356
340109
340207
340641
341695
342029
342104
342278
342632
342961
343772
344873
345201
345403
347503
348301
348352
348732
348873
349258
349279
349620
350644
351249
352836
354391
355353
355597
356165
356565
357151
357357
358294
359991
360166
360566
360737
360750
361560
363114
363762
365019
365800
365969
366409
366524
367233
367370
367782
367815
368376
368429
368909
369179
369416
370007
370183
370994
371061
373035
373245
373386
373665
373717
374364
375000
375196
375226
375366
375463
375516
375735
375790
375935
376814
377012
377147
377333
377783
377936
378390
378683
381244
381537
382055
382295
383136
383433
384005
385002
385302
385639
386023
387717
388829
389338
389646
390038
390322
390577
391434
391591
392333
392478
392563
392819
393191
393705
394847
395290
396391
396566
396752
397632
397849
397857
398310
398946
399313
400143
400550
401154
402053
402287
402605
402748
403125
403178
403377
404577
404598
404663
404959
405177
405297
405363
406440
407700
407777
408764
408798
408942
410555
410998
411225
411363
411405
412094
412133
413024
413717
414006
414266
414353
414610
414907
416454
416898
416925
417470
417606
417750
417903
418052
418109
418714
418737
419651
419715
420595
420949
421102
421194
423298
423695
424335
425100
425567
425663
425733
425792
425846
426195
427115
427848
430070
430556
430806
431170
432399
432404
432780
433745
434189
434775
435064
435084
435157
435918
435943
436798
436865
437811
439039
439361
439380
439540
439850
439960
440583
440921
442652
443233
443336
444522
445875
446238
447194
448272
448338
448455
448674
448914
449308
449582
450195
450614
451907
452164
452577
452709
452810
452969
453160
454503
454569
454670
455144
455497
456476
456854
457071
457350
457865
458561
458905
459037
459594
459751
459804
461089
461342
462233
462316
462349
463055
463626
463956
464637
464705
466439
467011
467021
467254
467954
469185
469194
469984
471009
471154
471894
471911
472342
473207
473335
473403
474127
475261
475961
475985
475994
476043
476071
476837
476899
476994
477480
477511
478873
478893
479090
479867
480267
480875
481160
481908
482267
482377
483264
483338
483987
485216
486061
486143
486763
486865
486986
487841
489052
489677
490081
490483
491764
492287
492490
492529
493801
493931
494217
494756
495090
495271
496028
496405
499071
499619