405
1000
1679
1687
1739
1949
4305
4383
5798
6273
6929
7089
7176
7511
7563
9704
9837
9867
10146
10222
10599
11649
12799
13439
14455
14674
15093
15114
15616
15799
15900
16850
19275
19479
19505
19903
19948
21687
21933
22352
22749
22809
23007
23025
23309
23828
24315
24961
25056
25555
26408
26684
27189
27216
27343
27550
27802
27927
28007
28124
29654
30002
30022
30770
31325
31350
31886
31969
32691
33112
35018
35125
35248
36574
36839
37233
37364
37489
37585
38618
39585
39878
40919
41017
42253
42730
43243
43295
43675
44649
45265
45408
46307
46525
47287
47757
47834
48276
48871
49000
49660
50188
50246
50427
50635
50691
50972
51904
52916
53019
53184
53609
54540
54733
55408
55563
55735
56998
57025
57806
57948
58284
58442
58624
59476
59688
59846
59914
60000
60048
60108
60121
60513
60628
62544
62657
62865
62896
63175
63255
63283
63563
64975
64982
65290
65422
65571
65972
66310
66454
67559
67810
68187
68237
69983
70137
70363
70490
70979
71401
72404
72696
73240
73479
74790
75224
77685
78338
78857
79626
80839
81420
81560
83092
83379
83911
84029
84068
85301
85304
85577
85881
86695
87752
87784
88925
89228
89692
89803
90662
91132
92137
93425
93561
94732
95173
96658
97418
98468
98756
99496
99606
100133
100344
100900
101124
101214
101852
101880
102108
103460
103543
105483
106930
107477
107723
108106
108149
108485
108800
108981
109052
109976
110444
110649
110668
110782
110877
111844
113327
115280
115635
115722
116610
117692
117735
117866
118660
119104
119892
121555
121833
122705
122732
123897
124087
124485
124545
124619
125757
125829
125854
126152
126981
127827
128297
129088
129789
130166
130902
131167
131240
131392
131500
131902
132128
132331
132793
132846
132948
133055
134917
135017
135458
136714
138300
138486
139310
140965
141441
141760
142335
142508
142514
142641
143838
144896
145053
145799
146028
146121
146313
146514
146550
147983
148337
148391
148841
149781
149897
150028
150059
150115
150886
151700
152179
152488
153129
153533
153912
153950
154972
155153
156337
156545
156607
156633
157085
157315
157887
157958
158368
158660
159249
159423
159544
160045
160317
160731
160957
162273
162370
162721
164457
164564
165421
166127
166193
166351
167470
167639
167675
172954
173004
173667
173863
174053
174266
174294
174553
174948
175677
176511
176654
176698
177630
178755
178964
179133
179406
179840
180648
181401
181712
181833
181921
182119
182375
183961
184124
184310
184368
184625
184780
185205
185475
186287
186399
186585
186961
187080
187278
188343
188377
188541
189026
189426
189670
189983
190776
192144
192247
192328
192972
193889
194388
194595
194626
195116
195398
195654
196331
197010
198107
198689
198804
198849
198877
199514
199866
200154
201058
201622
202203
202966
204140
204471
205328
205461
205604
206504
206575
207807
208240
208706
209788
210332
210632
211799
211925
212059
212202
213153
213196
214318
214402
215217
216180
217115
217216
217424
217833
217945
218090
218481
218617
219761
219830
220546
221151
221252
221442
222282
222707
223396
224999
225200
225215
225629
226022
226152
226255
226787
227018
227925
228073
228938
229277
230458
230493
231302
231625
232697
232778
233748
234084
234215
234296
234473
235090
235316
235403
235616
236124
236499
236634
236993
237062
237759
238409
238425
239728
240197
240634
240822
240974
241080
241444
241677
242053
242146
242481
242610
242765
243175
244477
244673
245962
246249
246352
246916
247509
249100
249191
249407
249452
249636
249788
250032
250222
250524
250571
251700
251783
252831
253162
254626
254718
255160
255366
255505
256927
257217
257512
257919
258589
258894
259782
260188
261436
261476
262582
262965
263019
263177
263557
263664
263804
263937
264061
264419
265221
265698
265762
266668
266878
266948
267916
268199
268453
268652
269938
270241
270389
270657
270713
270984
271546
271844
272309
272712
273142
273356
275445
275992
277596
278044
281042
282223
283075
283342
283492
283843
283872
284445
284694
285278
286680
286767
287293
287543
287579
287924
288057
288966
290381
290800
293025
294445
294669
295050
295168
297128
297925
298473
298544
298736
298789
299251
299643
299816
300035
301156
301221
301230
302125
303028
303099
303311
303649
303865
303994
305014
307184
307260
307546
307633
307661
307893
308125
308513
308709
309074
309754
310313
310816
311346
312381
312885
313175
313350
313449
314264
314717
314737
314797
314892
314910
315202
315269
315690
315730
315789
315876
317346
317440
317545
317665
317700
317798
317970
318041
320874
322199
322222
322360
322608
323005
323012
324112
324263
324630
324706
325273
325954
327316
327581
327681
328049
328364
328431
328517
328675
329264
329854
329874
330983
331000
331026
331685
332096
332872
332959
333613
333619
333924
334161
334650
336129
338609
338887
339504
339567
340955
341154
341366
341510
342310
342323
344357
345693
346437
346917
347204
347441
347898
348403
349241
349469
349846
350710
350993
351406
352601
354343
354510
354667
356291
356332
358916
358947
359320
359346
359384
359397
359865
360374
360412
361246
361249
363357
365318
367431
367783
367850
367919
368372
368564
368805
369295
370350
371186
371309
372359
372439
373917
374474
375107
375465
376177
376473
376479
376580
378178
378970
379220
379387
379419
380351
380821
380943
381502
381510
381548
381643
381862
382215
382222
382410
382990
383135
383882
383891
385165
385168
385959
386359
387053
387833
388091
388583
388665
388976
389090
389489
389756
391047
391524
391846
391920
392044
392604
392732
394611
394675
397090
397235
397363
397400
398385
398501
399119
399347
399479
400165
401283
402174
402643
403393
403913
404147
406292
406330
407154
408370
408407
408681
410014
410411
410610
410747
410797
411036
411709
412911
413199
413415
414675
414723
415943
416466
416771
416905
417157
417165
417309
417918
418337
419257
419722
420937
421556
421825
421949
422519
422676
423274
424302
424310
424839
425055
425497
425729
425929
426175
426222
426423
426817
427255
427446
430635
431576
431629
432210
432213
433081
433229
433362
434352
434393
434653
434690
435928
437841
438817
439379
439434
439629
439984
440265
440672
441385
442113
442668
443292
443425
443479
443627
444169
444572
445000
445111
446232
446515
446612
447633
448583
448948
449000
450014
450928
450955
451482
452272
452610
453367
453549
454160
454674
454968
455361
457274
457393
457562
458210
458316
458929
459153
459448
459531
459966
460012
460809
460959
460981
460993
462396
462480
462649
463014
463375
463418
463876
464561
465462
465858
466018
466074
467579
468144
468828
469597
470277
473468
473754
474370
474584
475212
475303
475606
475610
477476
477720
477793
479925
480516
481176
482734
484077
484865
485757
487204
487834
487993
488270
488731
489436
489642
489757
490160
490373
491070
491480
492287
492570
492858
492873
492895
493149
493848
494491
494843
495242
495682
496228
496869
498133
498755
499094
499465