28
53
840
1346
1610
1719
1926
2554
2870
3630
4267
4343
5584
5710
5979
6099
6514
7293
9127
9339
9625
9688
9870
10181
10315
10624
11677
11772
11843
11991
12241
13410
13580
13672
14460
14908
14908
14916
15703
16677
16687
17090
17143
17862
17888
19335
20847
21128
21383
22356
22736
23500
23820
24121
24965
26239
27457
28181
28673
29453
30973
30992
31373
32093
33082
33521
33551
33559
33951
34017
34407
34926
36176
36447
36579
36790
37461
38266
40355
41430
41801
41900
42201
42700
43352
44075
44465
45840
45853
46346
48798
49867
49969
50347
50913
51070
51849
51925
52407
52524
52537
52666
52997
53304
53616
55446
56290
57177
58770
59495
59720
59733
60067
60279
62030
62964
63150
63438
63492
63630
64002
64160
64783
65281
65307
65628
65644
67553
67599
67838
67957
68750
68922
69024
69175
69230
69647
70963
72294
72984
73512
73573
73708
74477
74703
75709
76849
77376
78407
78756
78971
79012
79270
80079
80116
80200
80229
80888
80895
81915
82240
82708
82907
83644
83784
85572
85905
86429
86527
86568
86734
86764
87280
87308
87721
87857
88596
89672
89932
90357
90521
90986
91066
91371
91482
92233
92796
93260
93488
95796
96378
96463
96481
96508
96684
96736
96809
97088
97322
97491
97503
97776
98058
98226
99037
99265
99822
100200
100397
100829
101382
101393
101637
101791
101808
103082
104099
104700
105333
105490
106099
106595
106819
107277
107338
109266
109713
109966
110344
115007
115705
115778
116107
116204
116793
118449
118457
118815
118873
120759
121197
121602
121728
121794
121925
122416
122666
122695
122741
123181
123963
124464
124544
124678
124801
124882
126022
127943
128181
128693
129252
129324
130026
130822
131253
131800
132840
132960
133627
133726
134002
135699
136179
136770
136816
137429
137735
138622
138642
138973
139315
139881
141182
141283
141529
141867
143125
143671
144391
144561
144870
145105
146060
146740
148128
148927
149070
149362
150761
150848
151255
152789
153167
153249
153421
154329
154601
156277
157080
157456
157563
157966
158277
158333
158985
159144
159676
160188
160678
161618
163224
163287
163419
163585
163640
164208
164625
164651
164745
164866
164897
165690
166774
167194
167285
167820
168464
169028
170407
170490
171154
171164
171982
172250
172385
174459
174953
175027
175278
176169
179004
179306
179666
180450
180459
180749
181053
181095
181546
182578
182900
183662
183733
184128
185122
185257
186232
186266
187233
187486
188411
190156
190544
191311
191499
191899
192601
192750
192880
194023
194476
195119
195944
197151
197343
197878
197887
198630
199981
200071
200093
200346
200841
201416
201937
202512
203256
203259
203518
203689
204545
205102
205431
205804
205989
206902
207447
208312
208381
209044
209375
209534
209570
209845
210346
210366
210973
211084
211314
211571
212381
212471
213003
213230
213915
214192
214686
215913
216384
216694
217438
218100
218385
218490
218852
219395
219465
220201
220231
220884
220998
222135
222506
222520
223513
224905
225439
225578
225722
226713
227637
228620
228837
229405
229585
229663
229861
232079
232270
232303
232345
232356
232531
234862
234932
234995
235278
237321
238128
238642
238736
242156
243493
244135
244265
244466
244610
245163
246145
246283
246336
247476
247533
247862
247933
248768
248954
250090
250785
251493
251668
252195
252638
252768
253371
253722
254550
254621
254680
255415
256025
256301
258469
258540
259136
259196
259302
259823
259829
259900
260172
261623
262690
263051
263226
264237
264624
265592
265936
266259
266563
266809
267018
267183
267255
268248
268276
268594
269147
269436
270559
270911
271309
271807
272763
272868
273042
273217
273464
274436
275346
275618
275929
276255
278514
279185
279607
280709
280716
281008
281991
282528
282596
282793
283157
283983
285487
285504
286597
286790
286962
287163
287257
288153
289983
290046
290818
290981
291055
291295
291826
292227
293369
293703
293741
293924
295417
295781
296080
296133
296208
296398
296641
296676
296711
296744
297574
297710
298200
298871
299335
299755
300012
300185
300308
300405
300788
301749
302324
302438
303844
304171
304516
306279
306378
306815
306956
308049
308251
308846
309090
309372
309919
310113
310340
311414
312664
312816
314447
314769
315426
315612
315630
315761
315891
315972
316129
316444
316670
317058
317345
317383
317676
318049
318279
318930
319035
319105
319201
319608
320422
320699
321059
321523
321900
321910
321999
322140
322990
323738
324336
324553
324956
325926
326532
326759
327567
327812
329527
330228
330255
330304
331954
332081
333994
334059
334748
335306
335357
337055
338997
339627
339964
339965
340731
340771
341199
341325
341408
342358
342972
343630
344154
344557
344883
345685
346321
346440
347769
348146
348274
349023
349124
349314
350259
350664
350996
351500
351518
351998
353877
353941
354275
354631
354866
356854
357351
358055
358519
358562
359527
359802
360069
360544
361465
361850
362069
362070
365866
366149
367053
367156
367262
367474
368147
368588
368722
368934
369144
369360
369710
370167
370720
371746
371810
371838
372303
372824
372837
373164
373238
373492
374423
374533
374597
375718
375930
375958
376585
377317
377330
377755
377771
377788
378759
379181
379305
379573
379808
380083
380189
380258
380362
380447
380641
381375
381576
382099
382140
382703
383274
384762
385013
385518
386425
386601
386668
386962
387258
387400
387606
387664
387972
388016
388307
388737
389419
390280
392180
393070
393340
393387
393900
393900
394070
394505
394773
394823
395771
396023
396219
397356
397396
397409
397609
397905
399093
400887
401064
401119
401188
401345
401535
401940
402131
402251
402682
403025
404201
404465
404609
405517
405533
405913
406097
408278
408281
409143
409450
409828
410310
410319
411033
412031
412190
412317
413967
414521
415391
415407
415596
415771
415902
415998
416232
416449
416871
417075
418157
418591
418908
419871
420855
420954
422217
423616
425108
425199
425888
426482
426543
428226
428373
428998
429613
430188
430235
430249
430830
431765
431827
434212
434596
436566
436595
437009
437592
437680
438358
438715
439239
440322
440776
441025
442049
443047
445044
445063
445400
445583
445915
447107
447380
447706
447848
449104
449212
449593
449772
450185
450442
450635
451246
451436
451554
452362
452416
452658
452897
452979
453406
453837
454312
454661
454737
454996
455423
455917
456340
456558
457203
457803
458372
459793
460505
460641
461105
462052
462055
462358
462471
462726
462917
463611
463941
464009
464116
465591
466869
467186
467491
468110
468574
468973
469519
470497
470671
470780
471167
471730
471777
472536
473210
473232
473401
473405
473413
474648
475051
475388
475562
476462
477566
477971
478127
478375
478987
480355
482515
483036
483058
483110
484111
484333
484695
484862
486421
487101
487588
488423
488477
489720
490289
490766
491250
491299
492209
492390
492793
492901
494794
495073
495387
495666
495698
496057
498057
498882
498974
499513