456
1345
1441
2042
3527
3704
4204
4326
4470
4521
5048
5112
6213
6850
6895
7572
8263
8627
8771
8988
10073
10120
10126
10315
10350
10702
11433
12172
12984
15308
16000
16298
16645
16699
16735
16990
17309
17364
18020
19132
19309
19695
20785
20890
21799
22139
22380
22664
23026
23808
23950
24405
24762
25913
27140
27183
27384
27722
29534
30761
31335
32147
32166
33046
33319
34046
34126
34706
34797
36041
36047
36191
36452
36767
36791
37990
38219
38245
38598
38693
38893
38922
39023
39080
39089
39160
39315
39455
39499
40820
40970
42986
43158
43236
43388
44086
44489
44782
45432
45658
46385
46965
47261
47404
48305
48315
49026
49033
49813
50154
50778
50819
50824
51487
51711
52453
52591
52714
52739
52824
53152
53239
53508
53991
54254
54425
54617
54682
55119
55501
55538
55796
56698
57638
58173
60130
60828
61359
61415
62161
62503
64001
64286
65521
65529
65993
66886
67115
67792
68482
68515
68761
68972
70463
70726
70976
71088
71261
71295
71915
72273
72586
73491
73924
74326
74356
74958
75345
76279
76364
76380
77276
78470
78877
79121
79647
80149
81253
82015
82131
82578
82912
82993
83037
84168
84198
85269
85645
85840
86881
87256
87600
87722
88187
88794
89571
89794
90894
91600
92007
92788
92883
93225
93584
94824
96646
96966
97840
98291
99044
99652
99675
100118
100147
100429
101437
101474
103225
103768
104080
105643
105649
106380
106527
106820
107992
108411
108912
109161
109577
109753
109963
111240
111308
113641
113768
114589
115031
115614
116540
116942
117075
117408
117637
117959
118072
118165
118470
118551
121359
122609
123477
123803
123816
124237
124314
124407
126403
126686
127641
127673
128504
129685
130569
130739
131090
131757
132578
133118
133801
134117
134137
134629
135074
137064
137650
138094
138207
138633
139003
139323
139339
139445
139665
140353
140384
141967
142457
143386
143752
144171
145695
146109
146123
147458
147481
147897
148075
148968
149042
149249
149297
149320
149420
149485
150449
151827
151862
151953
152406
152420
152741
153214
153219
153537
153749
155666
156076
157083
158928
158999
159062
159312
160071
160291
160298
160802
162867
166424
167082
167436
167878
168646
169063
169501
170285
170965
171305
171678
172584
173278
173581
174257
174408
174855
175057
175410
175806
175823
177070
177268
177945
178535
179483
180861
181478
183120
184068
184830
185471
185523
185536
185732
186058
186139
186285
187081
187359
187552
187621
187765
188037
188275
191249
191335
192330
192378
192730
192989
193605
194047
194225
195415
195895
196483
196789
197580
198816
200186
201982
202480
202769
203657
204312
204618
204955
206328
206512
206616
207172
207339
209001
209613
210846
210974
212306
212738
213068
213131
213223
216509
217296
217310
217955
218139
219415
219662
219863
220839
220840
222268
224288
224681
226304
226488
226540
226680
226912
227512
227860
229014
230421
230863
231351
231679
231867
232184
232682
232832
234789
235843
235942
235947
236016
236036
237199
237253
237308
237449
238210
238771
239033
239086
239422
240289
240453
240463
240590
240636
241809
242104
242356
242467
242548
243771
246714
247176
247314
247316
247374
247624
248889
249795
249888
251791
252241
252403
252574
252643
252651
253141
253147
253218
253745
254168
254620
254983
256732
256908
257216
258900
260433
260511
260813
261725
262094
263178
263308
263864
264136
264981
265973
266449
266667
267187
267717
267883
268515
268565
269983
270385
272259
272507
272820
272903
273479
273975
274356
275916
276234
276371
276559
276645
276790
277229
277532
277585
277728
277800
278052
281418
282788
283861
284052
284687
285685
285797
286466
286794
287191
287994
288572
288719
289173
290255
290305
290382
290673
291454
293566
293997
294086
294560
294605
295546
295886
295944
296320
297247
297332
297659
297874
297967
299234
299301
302274
302607
302791
304115
305082
305440
305634
305678
306224
306503
306641
307031
307048
307320
307878
309356
309448
309504
309543
310222
310426
310485
310646
311047
311145
311845
311933
312319
312736
313456
313862
313996
315254
315692
316368
317081
317662
318333
318357
318874
319553
319824
319889
321033
321250
321390
321501
321973
322373
322582
322732
323662
323918
324381
324535
324825
324895
324989
325050
325087
325336
325478
325547
325900
326206
326513
326888
327051
327543
327552
327689
327902
328368
328532
328686
329308
329798
330427
330646
330798
331882
332921
333004
335046
335109
336607
338003
338446
338476
338576
338975
339165
339909
340610
340643
340710
341138
341579
342096
343011
343014
343125
344480
344588
345459
345774
346322
346507
347017
347101
348192
348860
348990
349229
349236
349288
349980
349991
350113
350446
350547
350597
350623
350778
351600
352108
354400
354520
355131
355784
355800
356628
357012
357143
357472
358231
358874
359710
360030
360097
360780
361067
361072
361139
361403
361838
363088
363495
364411
364555
365268
365404
365890
366584
367261
367787
368881
369034
369221
369771
369900
370208
370714
372730
372800
373100
373286
373743
374129
375469
375931
377185
377323
377760
377802
377967
379057
380110
380617
381850
383525
383671
383773
384588
385015
385207
385527
385704
385722
385788
385948
385998
386925
387730
388073
388774
390450
391205
391907
392068
392096
392142
392522
392880
393800
394241
394801
394807
395177
395632
395820
396705
397374
398566
398749
399241
399401
399738
400079
400265
400280
401551
401552
401925
402096
402913
403205
403941
404177
404393
404491
404816
405238
405818
406247
406688
406876
407107
407775
408051
408095
408531
408607
409250
409573
410780
411015
411141
411248
411571
411923
411952
412200
412549
412570
412578
412827
413542
413565
413702
413839
415087
415429
415756
416676
417430
418265
418476
418955
420630
421136
421619
421678
421900
423253
423280
423505
423793
424214
424708
425005
425082
426409
426799
427064
427516
427711
427808
427808
427850
428011
428542
429040
429179
429496
431419
431475
432157
432852
433051
433670
433995
434203
434303
434329
435079
435493
435599
435668
436488
436569
437258
437438
437453
437708
437870
438289
438333
439374
439645
439975
440719
441534
441590
441639
441975
442075
443157
443460
443504
443814
444765
445853
446042
446219
446849
447097
447891
449041
449194
449800
450267
450334
450964
452573
452704
452952
453104
454761
454831
455302
455771
457448
458015
458884
459801
460314
460606
460640
460950
461307
461835
462477
462553
462744
463567
463650
463658
464326
464727
464959
465049
465302
465409
465446
466447
466692
466701
466757
467789
468999
469406
470212
470723
471582
471811
471960
472193
472301
472370
472375
473171
473514
476934
477443
477648
477698
477859
477877
478199
479774
479907
479979
480405
480536
480612
480803
480857
481142
481294
482076
482450
482601
484135
484334
485718
485825
486659
486661
486881
487749
488237
488506
489192
489622
490605
492068
492107
492396
492700
493361
493610
494635
495833
498537