47
452
1682
1751
2203
2370
3440
5017
5548
5856
6373
6797
6957
7017
7169
7230
7546
8287
8296
8643
9835
11583
11843
12404
12413
12610
12822
13104
13435
13845
13861
13982
14121
14677
14864
15130
16267
16404
16618
16791
17247
17334
17814
18262
18576
19454
20121
20387
21433
22118
22694
23082
23226
23341
23435
23459
23494
23682
24516
24711
25150
25971
26000
26478
26655
26689
26801
27700
28417
28751
28788
28896
29866
30197
31052
31433
31963
32404
32655
32932
33120
33703
33972
34223
35077
36258
36459
37612
38277
39235
40683
41057
41482
41641
42762
43268
43742
44283
44865
44926
45342
46533
46660
47154
48367
48687
49605
49723
50087
50182
50572
51148
51647
52476
52506
53109
53414
53864
54503
55628
56692
57532
58102
58973
59610
59750
59989
60306
60512
61568
62330
62588
62737
63128
64938
64959
65075
65609
65878
66396
66991
67119
67360
67776
68359
68542
68953
69437
69859
69923
70100
70534
71471
71776
72528
73766
74194
74790
75350
75629
75829
76163
78071
78380
78777
79033
79267
79333
81742
81788
81949
82277
82396
82537
82545
82773
83290
84070
84093
84233
85778
86147
86941
87024
87093
87267
87277
87393
87758
88631
89423
89606
90408
91188
92096
92554
92921
93005
94247
94893
95317
96507
97585
98379
99130
99507
99520
100494
100813
101203
101482
102085
102217
102550
106058
107419
107794
109112
109975
111061
111185
111342
111750
112112
112839
113585
114107
115192
115601
115602
115665
115935
115989
116124
116191
116460
117482
117557
117569
118714
118866
119092
119257
119828
120061
120688
124343
124981
125457
126324
126557
126618
127311
127545
128424
129021
129591
129671
132999
133855
134481
134779
134867
135498
136182
136892
138153
138434
139468
139838
140641
141012
142492
142934
143424
143431
143613
143629
144110
144321
144530
144732
144824
145652
146929
147232
147496
147513
147809
147837
148619
148940
149535
149583
149585
149589
150226
150522
150533
150765
151698
152092
152792
153523
155074
157040
158123
158304
159482
159551
160157
160171
160482
162005
163129
163149
163163
163426
164495
167092
168196
168325
168415
169327
169406
169930
170121
170410
170487
170568
171046
171454
171511
171854
175859
176176
177289
177636
178682
178831
178962
179337
179631
179963
180063
180333
180882
181144
181760
182286
182291
182878
183016
183065
183273
183522
183571
183632
184394
185213
185217
186660
188009
188299
188447
188627
188652
188930
189487
189814
190471
190954
191175
191447
191759
191909
192129
192830
193290
193377
193911
194263
194863
195715
195740
195894
195984
197280
197374
197876
198501
198801
199903
200164
200716
200810
200860
201473
201797
201984
202121
202224
204993
205239
208442
208595
209059
209954
210038
210609
210671
212596
215183
215715
215767
217238
217440
217464
217957
217958
218716
219297
220401
220478
220521
221016
221042
221122
221176
222311
225082
225319
225428
225712
225779
225837
226001
226122
226237
226509
227248
228117
229118
229903
230109
230621
231368
232624
232901
233293
234840
234903
235779
237912
238061
238685
239851
240120
240224
240241
240299
240580
241201
241223
242100
242313
242399
243124
243258
244376
245013
245851
246194
247058
247363
248371
248545
248844
249235
249596
250357
250400
251414
251525
251825
252729
252776
252877
253140
253580
253583
253936
254465
254633
255534
255718
255974
256601
257022
258106
258165
258482
258583
261477
261529
262797
263779
264019
264316
264583
264734
264875
266079
267704
268191
269412
269775
270057
270122
270201
271323
271741
272112
272249
272930
273436
274052
274533
275433
275690
275786
276321
276607
276703
277127
277388
277644
277713
277885
277940
278008
278418
278898
279024
279230
279493
279591
279731
279736
279874
280664
281455
281540
282373
282996
283145
283650
283983
284149
284804
285227
285390
285528
285534
285538
286364
287276
287308
288795
288828
289583
290197
290283
290920
291529
293530
293752
294059
294900
298041
298280
299259
299872
299878
300575
301100
301618
301914
302040
302053
303010
303401
303994
305595
306236
306696
306997
307055
307128
307160
307739
307823
308223
308331
308519
308621
309139
309865
310085
310666
310740
311522
311535
312713
312755
312846
313160
315840
316229
316855
317689
317733
318263
318354
319182
319288
320045
320640
320711
322549
322677
323122
324061
324402
325673
327266
327687
327731
330726
331236
331240
331434
331443
331561
332113
332687
333571
333589
333597
333671
334533
334577
335327
335641
337240
337240
337338
337654
337845
338531
339288
339502
340159
340641
341207
341440
341872
342585
342763
345635
345733
347872
347999
348227
348266
349091
349574
350605
352031
352888
353013
353169
353335
354161
354649
354749
354922
355306
355314
355363
355740
356110
356277
356371
356875
357488
358248
358872
359020
359179
359287
359398
359626
361376
362529
364628
364838
365283
365804
365906
366770
368486
369543
369865
372412
373033
373098
373257
373310
373504
373505
374425
376364
378050
378443
378674
379410
379528
379595
379600
379973
380242
380368
380401
380674
381204
381724
381982
382554
383165
383259
383289
384125
384811
385009
385696
385907
386011
386103
386299
386306
386368
386444
386561
386716
386813
387205
387521
388543
389238
389501
390177
391388
391446
391547
391567
392377
392464
393046
393343
394430
394564
395004
395022
395088
395927
396132
396251
396402
397905
398309
399056
400039
400476
400979
401271
401424
401568
401733
401771
401906
402983
403082
403121
403958
404039
404812
405082
405149
405369
405755
405986
408362
408974
409192
409330
409879
409887
409900
410613
410861
411110
411209
411278
411423
412043
412456
412826
413453
413791
414566
415125
415197
415286
415400
415549
416505
418379
418433
418489
418676
418852
419436
419915
420444
420925
421097
421483
422177
422509
422795
422860
423646
423660
424185
425090
425566
425580
426072
426124
426233
426518
426599
426912
427500
427517
427753
427962
428420
428715
430158
430278
430307
431124
432806
432865
433078
433752
433872
433963
434173
434305
434693
434732
435043
437182
437355
438209
438314
438545
438975
440987
442138
442435
443279
443780
443813
443976
444443
445585
445667
445932
446073
446668
446881
447022
447365
447720
448291
448879
449374
450452
451191
451307
451681
452060
452123
452318
452479
452732
453091
453389
453793
454080
454424
455040
455328
455998
456401
456822
456964
457075
457152
457993
458572
458917
459357
459605
460426
461081
462662
463288
463639
464610
464993
466067
466108
466553
467220
467305
467560
468099
469223
469434
470855
470878
471193
471499
471554
471582
472579
473764
475123
475888
476163
476610
477071
477172
477424
477525
479140
479873
480223
480813
481544
481622
481804
483227
483249
483398
483627
484282
485649
486695
487323
488699
488901
489516
490209
491605
492308
492701
493993
494085
494129
494225
494229
495023
495224
495272
495837
496242
496674
496723
496937
497799
498963
499564
499590
499866