16
220
974
1625
1664
2113
2745
2953
3805
3951
4170
4976
5492
5536
6469
6941
7110
7560
7682
8060
9000
10228
10974
11425
11722
11875
12900
13164
13712
14214
14371
14447
15675
16289
16475
16670
16961
18040
18096
18845
19144
20495
21816
22471
22707
22796
22847
24867
24914
25216
25700
25805
26207
26453
26859
26958
27059
28009
28109
28437
28993
29390
29544
30098
30192
30431
30495
31078
32015
32249
32301
32996
33467
34006
34386
34653
34895
34913
35040
35109
35302
35591
36462
36619
37107
39153
39534
39602
39667
40691
40711
41149
41216
41292
41667
42205
43169
43241
43911
43970
44581
46647
46852
47332
48042
48152
48203
48660
48810
49589
49825
50388
50641
50866
51050
51300
51796
52063
52354
53713
53762
54219
54221
57182
57677
58670
58959
60201
60820
61025
61492
61652
61710
62280
62549
63261
63313
63404
63673
63851
64389
65959
66658
66800
67218
68449
69380
69997
70117
70178
70442
72426
73409
73937
74269
74378
74425
75116
75349
76884
77102
77506
77572
78255
78568
78601
79085
79383
79467
80451
80943
81261
82143
83232
84018
84908
85984
86098
86749
87610
87665
88569
88594
88899
89782
90298
90508
91110
91911
93049
93189
94587
94980
95351
95584
95803
96038
96179
96481
98574
98692
99032
99323
99344
99538
99986
101220
101762
101933
102290
102342
102922
103314
103381
103850
104728
105032
105862
105905
107604
107649
107758
107847
108080
108148
108356
109369
109386
110014
110158
110806
111666
111842
113896
114936
115488
115574
115589
116830
117081
117973
118038
118438
119270
119361
119414
119723
120134
120139
121728
122086
122403
122668
123497
123897
123901
124303
124349
124613
124854
125088
125433
125501
126136
126433
126455
126595
126652
127677
128423
128707
129047
130022
130861
130971
131083
131251
131885
132871
133142
133242
134750
135181
135523
135610
135850
136335
136605
136799
136904
137044
137481
138232
138268
138480
138936
138937
139358
139441
139898
140977
141086
142862
143523
145521
145880
145933
146228
146940
147195
147380
147425
148526
148808
148941
149869
150171
151260
151678
151834
152381
152517
152639
153080
153176
154355
154550
154717
154732
154857
154891
155340
155558
155961
156589
156729
156941
157534
157927
158081
158721
158761
159228
159377
160219
160954
161154
161376
162226
162302
163578
164232
164671
165495
166515
166538
166583
166613
167061
167166
167429
167490
168373
168678
168875
169448
169885
170134
170662
170897
171449
171711
172543
172724
173433
174912
175198
175440
175655
177621
178008
178770
179239
179300
179549
179627
180072
180445
181072
181362
181405
181409
181884
182424
182811
183830
183896
183914
183942
183947
184086
184088
184264
184335
185009
185342
185413
185696
186295
186449
186523
187371
187525
188026
188431
189093
190097
190334
190594
190742
191100
192243
192864
193328
193413
193826
194287
194357
194405
194496
194669
194901
194998
196387
198009
198547
198963
199225
200074
200524
200550
201342
201351
202128
202736
202891
204280
206808
208161
208394
208733
209202
209231
209534
209756
209846
210201
210266
210567
211100
211707
212063
212917
213228
213502
213677
214899
215986
216331
216381
216848
217098
217661
217672
217770
217921
218993
219199
219254
219657
219690
219887
220235
220771
220858
221451
221453
221861
222527
223384
223433
224050
224556
224854
224978
225397
225560
225807
226000
226669
226675
227104
228871
229283
229876
230302
230505
231428
231568
231947
232338
232415
232789
233056
233310
234674
234924
235984
237374
237429
237898
237996
239596
239891
240348
241365
241495
242143
242426
242505
242940
243642
243645
243888
244057
245071
245654
245666
247451
248011
248362
248685
248949
249503
251910
252148
252328
252381
252837
252999
253545
253860
254046
254958
256078
256557
256692
258305
258677
258715
259915
261383
261953
262430
263307
263308
263853
264554
264795
265617
265899
266085
266126
266542
266866
266929
266948
267191
267771
269151
269275
269839
270108
270615
270842
271133
271467
271552
271579
272065
272323
272628
272972
272996
273163
273951
274480
275957
276046
276248
276297
278425
279290
280934
281613
283718
284067
284992
285112
285178
285854
286343
287037
287084
287763
288897
290455
290929
291399
291552
292018
292408
292673
293349
294436
294449
295780
295866
295999
296501
296865
297008
297523
298159
300358
300414
300752
300778
301047
301575
302016
302039
302337
303095
303125
303360
304085
304706
304877
306481
306667
306678
307052
307236
308076
308480
308584
309190
309312
310294
314874
316682
319039
319112
319319
319747
320536
320708
320883
321046
322029
323042
323367
323536
323845
324871
325119
325319
325410
326812
326906
327098
327413
328743
329053
329282
329349
329744
330265
330373
331673
331797
333124
333704
334249
334392
334974
336197
336198
336832
336851
337048
337384
337585
337608
338421
338508
338792
340089
340297
340604
342209
344154
344218
345863
345906
347270
347772
348621
348923
349200
349909
350393
350503
351125
351391
351414
351778
352210
352766
353187
353389
353939
354134
355194
355881
356023
356051
356193
356225
357252
358029
358087
359726
360176
360259
362033
362435
363104
363628
363834
364437
365100
366483
366630
367085
367516
368078
368313
369078
369508
369836
370212
370656
371672
371888
372079
372157
372687
373429
373495
373905
374824
375259
375435
377046
377162
377620
377832
379898
380103
380271
380915
381018
381168
381440
381474
381627
381811
383236
383908
384754
385290
385291
385333
385975
386732
386819
387761
388163
388316
388322
388876
389347
389549
389671
390067
390338
390629
391973
392426
392441
393197
395586
395815
396285
397269
397467
397476
398896
399020
399617
400043
400662
400663
400935
402350
402411
402711
402869
403026
404844
405079
406381
406403
406413
406462
406793
406811
407036
407172
407320
407952
408399
408864
408886
409244
409441
409518
409896
411375
411521
411584
412295
413425
414143
415365
416005
416090
416387
419639
419652
420389
422155
423256
424114
424803
425491
426189
426716
426847
427805
430147
430340
431413
431697
431699
431846
432283
432294
432499
432933
433146
434598
435450
437996
438208
439030
439443
439999
440315
441062
441258
441735
442430
443440
445706
446306
446377
446674
447167
448443
449063
449299
449402
449503
449720
449901
452593
452599
453064
453452
453979
454227
455053
455171
455798
456931
458094
458184
458604
459740
459778
459779
460501
461048
461436
461446
462798
463047
463169
464857
464884
465651
466062
466531
466690
467425
467563
468649
468866
469083
469119
470445
470657
470784
470807
471128
471760
472448
472561
472686
472772
473587
474018
474200
474976
475476
475915
476379
476997
477360
477514
477581
477724
477862
479725
480031
480495
482236
483617
484131
485358
485682
486311
487554
487561
487737
488366
489071
489090
489322
490223
490362
490797
491040
492806
492983
493050
493181
494748
495007
495150
495710
495772
496868
497780
498113
498446
498638