58
986
1594
1775
3381
3575
3735
3826
4034
4147
4215
6073
6423
7529
7868
8242
8517
8549
8655
8977
9083
9353
9688
10084
10116
10340
10466
10954
10984
11457
11600
11737
11780
11833
12445
12790
13967
14099
14118
14596
14635
14879
15650
16376
16968
17603
17912
17924
17953
18154
18493
19220
19247
19549
19842
20365
21078
22674
22891
24184
24634
24948
25296
25689
26074
26388
26899
27268
28785
28819
29392
30888
31578
31699
31899
32036
32280
34294
35237
35686
36648
37154
37180
37444
38390
38436
38962
39466
39807
40597
42586
42721
43333
43945
44038
45530
46260
46374
48265
48945
50080
51500
52325
52654
52674
53247
53658
54006
54318
54329
54412
54525
55299
55455
55874
56029
56352
57267
57308
57556
58016
58386
58647
58922
58970
60115
60259
60786
61283
62965
63053
63166
64243
65089
65505
66345
66814
67172
68558
69850
70655
71289
71291
71333
71548
71561
71990
72047
72353
72528
72777
73624
73676
73796
73879
73896
74313
74621
75827
75915
76236
76934
76948
77052
77327
79030
79101
79293
80992
81621
82375
82738
82743
82890
83199
83893
84012
84649
85051
86724
86837
87296
87370
87657
87828
89267
89294
89861
90169
90969
91088
91460
91540
91798
92127
92182
92743
92950
93267
93394
93605
94010
94034
94207
96493
96746
96791
99484
99690
100128
100162
100436
100520
101243
101494
101550
101575
101909
102102
102137
102404
102412
102512
102687
103852
104485
104666
104787
104892
105255
105845
107777
108236
109545
110290
110294
111065
112430
112585
112601
113169
113195
114733
115500
117283
117377
117821
118658
119016
119412
119909
120898
121862
121977
122023
122539
122615
123567
123581
124240
124675
124698
124914
125379
125469
125879
126063
126347
126391
127002
127068
127914
129392
130331
130864
131177
131536
131591
131748
131794
132594
132646
133066
133596
133857
134406
134511
134664
134698
134884
135296
135329
135398
135581
135853
136757
137025
137912
137960
138028
138081
138307
139003
139343
140382
140980
141007
141935
142210
142385
142512
142660
145966
146387
146509
149780
149953
150956
151223
151370
151434
151978
152236
152381
152383
152515
152943
153074
153077
153438
154616
155019
155437
155744
156023
157484
158931
159208
159694
160173
160837
161061
161993
162675
163472
163675
163832
164886
165271
165468
165956
166319
166680
167001
167004
167611
168226
168384
169297
170208
170948
171465
171632
171826
172172
172336
172377
173338
173720
174279
174323
176470
177059
177548
177907
178400
178556
178577
178981
179011
179371
179748
180110
180596
182998
184372
184507
184763
184921
185544
186402
186477
186649
186769
187653
187706
188100
189203
189823
190342
190570
190739
191195
192005
192462
192587
192818
193093
193435
193960
193977
194024
194713
195743
196620
197084
197290
197300
197958
199467
200553
200863
201110
201351
202695
203724
203918
204939
205383
205750
206573
207524
207590
207795
207880
208180
208647
208696
209367
210083
210148
210876
211169
211264
211551
212061
212349
212510
213310
213412
214084
214177
214435
214699
214727
215925
216405
217483
218596
218699
218979
219006
219657
220091
220170
220306
220488
220497
220888
222065
223650
224000
224195
224715
225653
226573
226685
228597
229772
229817
230078
230295
230388
231364
231823
232069
232487
232773
233186
233736
234090
234140
234209
234416
234912
235062
235069
235322
235910
237220
237551
237998
238224
238480
238836
239813
239949
240128
241568
241631
242039
243174
243930
246061
246594
246969
247579
248483
249185
249296
250095
250490
255387
256242
256487
257217
258026
258572
261833
262307
263177
263186
263407
264075
264362
265112
265528
265596
265738
266455
266753
266890
267630
267714
267862
267876
268659
268937
269151
269174
269339
269786
270398
271332
271415
271442
271516
272424
272550
272723
273394
274060
274495
274922
275033
275378
275877
276055
278353
278759
278792
279259
279312
280091
280433
280843
281877
281899
282912
283402
283805
284018
284095
284263
284777
285193
285290
285382
285714
285791
285888
286118
287042
287380
287578
287925
287995
288600
289630
289735
291710
291998
292252
292295
293169
294704
294961
295347
296010
296645
297871
298721
299967
300467
300958
301018
301446
301453
301595
301898
302108
303299
303759
304663
304869
306503
306675
308728
308735
309965
309986
310734
310819
311068
311121
311599
311748
312336
313343
314141
315377
315921
316551
316803
318352
318958
319096
319103
319258
319479
319736
320359
320395
320437
320643
321758
322570
322784
323525
324372
324704
325370
325707
325788
325892
326064
327565
327846
327872
327964
328438
328483
329253
330444
332523
332619
333449
333599
334412
334513
335740
336407
336759
337121
339346
340270
340519
340647
340760
341050
342450
343748
343892
344963
345740
345752
346251
346677
347098
347107
348807
349123
349336
349352
349479
351171
351187
351439
352630
352701
352786
352827
355643
355825
355988
357333
357729
358956
358989
359028
360527
362088
362686
364139
364968
365233
365352
365691
365865
366830
366888
366974
367427
367748
367789
368016
369239
369398
369538
371251
371638
373572
375336
375475
375643
376234
376244
376435
376516
376619
377690
377968
378134
379546
379990
380217
380276
380375
380491
381215
381445
382387
382388
382590
383482
383926
384281
385932
386481
386517
387170
387939
388937
389341
390365
390642
390765
390874
391346
391604
392691
393122
393284
393810
393816
394039
394081
394867
395094
395250
395275
395461
397641
398058
398942
399585
400022
400219
400591
402281
402950
403576
403654
403998
404119
404353
404521
404951
405890
407070
407267
407705
408585
408672
408726
408883
409556
409640
409747
410123
411728
412814
413260
414167
414264
414760
414784
415131
415368
415431
415478
415634
415935
416033
416543
416976
417009
417436
417640
417666
418632
421208
422087
422172
422219
422784
423961
424141
424824
426495
427385
428200
428201
428664
429500
429917
430565
430669
430989
431044
431665
432702
432838
433002
433488
433557
434653
434955
435551
435912
436129
436675
436711
437269
437642
438118
438396
438921
439562
439761
440291
441736
442087
442137
442381
442916
443092
443401
443523
444289
445278
445347
447067
447334
448149
448362
448800
449320
449595
450605
451595
451687
451956
452449
453931
454895
454960
455471
455808
457121
457408
458564
458834
459633
459737
459878
461361
461808
463255
463805
464010
464116
464448
464757
465655
465767
466110
466386
466454
466953
468277
468736
468960
469446
469524
470499
470909
470957
471098
471706
472158
473900
474033
474287
474468
474675
474890
475217
476521
476936
477684
477688
478018
479088
479915
480051
480710
480797
481156
481472
482107
482108
483126
483138
483194
483619
483753
484143
484223
484239
485323
486198
486509
487109
488284
488392
488682
488990
489099
489678
490981
491343
491543
491652
491837
492164
492532
493507
494339
494492
495187
495335
495980
496880
497099
497795
497859
498082
498541
498921