730
907
1117
1470
2052
2553
2621
2824
2868
2964
3428
4540
5569
6149
6307
6736
7997
8938
8961
8967
9027
9295
9723
9763
9882
10151
11218
12184
12342
13512
13860
13914
14244
15204
15679
16407
16519
16636
16963
17072
17717
17985
19666
20649
20847
21742
22219
22559
23008
26205
26284
27235
27242
29373
30270
30627
32209
32211
32236
32322
32394
32466
32725
33012
33063
34808
35240
35340
35442
35485
36101
36104
36753
36768
37033
37138
37317
37616
37671
38458
39622
39639
39693
40532
41101
42307
43293
44029
44322
44710
44904
44962
45435
46193
46344
46517
47985
48056
49631
49693
50114
50203
51137
51233
52332
52886
52954
53153
53495
53556
53594
53652
55547
55808
55842
55995
56524
56988
58276
58810
59613
59659
60257
60611
60855
61235
61579
63520
64583
64600
64728
65201
66318
66849
66888
67402
67792
68132
68850
69355
69373
69415
70166
70188
70509
70681
71006
71256
71503
71603
71887
71924
72099
72477
73288
74875
75086
75996
76461
76548
76559
76734
77479
77725
78358
79401
79913
80392
80979
81131
81646
81689
81898
81941
82339
82390
83570
87765
88644
89308
89422
89446
90587
90645
91567
92671
93193
94151
94439
94728
94904
95040
95116
95371
95663
95897
96152
96187
96903
97066
97671
97718
97780
97990
98507
98518
98813
99413
99821
100002
100121
100251
100872
101064
101171
102645
103074
103489
105563
105623
106077
106419
106577
107531
107730
108134
109177
109270
109498
109697
109983
110379
110608
111266
112146
112920
113611
114311
114587
115000
115021
115533
115995
116381
116601
117072
117488
117655
118415
119620
120687
120781
120861
121224
122534
122885
123230
124653
124837
125635
125756
126356
127122
131731
131845
133578
133798
134108
134239
134552
135350
135516
135894
136953
138435
138652
139204
139403
139867
140554
140559
140573
141706
142108
142235
142383
142584
142590
144833
145794
145807
146083
146501
147363
147369
148866
149109
149658
149973
151287
151317
151866
152851
153658
154983
155872
156995
157801
157995
158207
159412
159508
159595
159822
160482
160772
161153
161222
162013
162393
162807
163683
163813
164514
167082
167713
167900
168017
168712
169005
171463
171862
172993
173071
173340
173352
173424
173475
174606
175106
175766
177453
178381
178887
178931
179103
179133
179179
179902
180265
180739
181879
182537
182602
182888
182979
183051
183376
185193
185569
185671
186726
186914
187788
188074
188087
188791
189475
189838
189843
190123
191201
192850
193095
193234
193496
193840
194106
194470
195057
195386
196083
196245
196251
196369
197249
198085
199055
199426
200044
202693
202925
203276
203376
204179
204476
204558
205022
206215
206317
207022
207128
208318
208477
208734
209318
209956
210134
210754
210806
211236
212406
212530
213569
213847
215663
215934
216335
216569
217349
217479
218108
219013
219954
220251
220746
221039
221485
222727
223490
223932
224547
224943
226852
227090
227214
227534
227578
227957
227980
230428
231445
232192
232644
233075
233316
233339
233701
234059
234631
235873
235877
235970
236164
236632
237703
237821
239088
239194
239432
239489
239503
240272
240376
240453
240794
241079
241598
241860
242033
242552
242593
242844
243154
244282
245191
246357
246516
246939
248569
248636
249942
250271
250454
251433
251662
252233
252425
252701
252780
253422
253603
254455
254713
254841
254876
254973
255745
256330
257262
257983
258360
258564
258951
259267
259322
260070
260226
260681
262609
263575
264152
265355
265692
266026
266611
267802
268182
268202
268527
269496
269947
270175
270247
271076
271519
271659
272024
272046
272059
272248
272478
272652
273234
273513
274195
275221
275284
275323
275628
276142
276239
276606
277409
278144
279550
280940
281847
282182
282416
283563
284774
284863
284948
285171
285374
287196
287603
287883
289206
289702
290123
291074
291298
291317
291993
293546
293678
295139
295166
295241
295393
296107
296674
296846
297058
297985
298138
298353
298452
298860
299437
299716
300379
301175
301337
301881
302027
302503
303158
303622
303666
304600
305599
305701
305731
305945
307157
307861
308657
308836
309112
310178
311967
312083
312394
312486
312657
313458
313614
314772
314905
315393
315807
316028
316273
317249
318141
319674
320021
320034
320667
320875
321043
321362
321834
323982
324106
324308
324597
325164
325415
325800
325832
326819
328371
328403
328630
328826
329177
329729
331511
331934
332391
334469
335167
335219
335322
335621
336028
337163
337864
338019
338795
338962
339324
339405
339478
339849
339935
340135
340759
341044
341573
341633
341890
343094
343482
343754
343798
345121
345443
346168
346935
346945
348488
348687
350130
350372
352284
352598
353732
355344
356016
356846
357969
358043
358320
358626
358635
359164
359446
360124
360141
360451
360596
361174
361821
361868
363285
364068
364324
364715
364877
365242
365384
366094
366516
367079
367163
368370
368664
368690
369430
369685
369836
370345
370564
371465
371785
371830
371928
373265
373746
374141
374563
374824
375115
375165
375711
375906
376835
377330
377417
379696
379962
380033
381112
382795
383011
383115
384984
385231
385442
385475
385509
385710
385762
386283
386334
387113
387251
387725
388329
388614
388929
389186
389514
389828
390797
390877
392444
392905
393666
393981
394311
394467
394498
394500
394879
395612
395741
395852
396422
396583
397100
397130
397273
397660
398134
398605
398772
398881
399412
401863
402445
402555
402693
402799
404427
404562
404655
404794
404948
405682
405932
408013
408123
408411
408469
409023
409294
410957
410974
411163
411717
411731
411971
412204
412614
412714
413627
413790
413932
414729
415208
415231
415386
415516
415709
416297
417551
418181
418383
418575
418644
419040
419092
419768
421097
421308
422516
422720
423912
423940
423944
424519
424959
425457
426741
426921
427014
427217
427562
428030
428607
428646
429758
431062
432001
432374
433150
433378
433461
433662
434543
434938
434946
435100
435418
435480
435713
435828
436439
436761
437032
437403
437534
438112
438719
438836
439060
439397
439907
440719
441040
441530
442975
442979
443194
444379
444583
444785
445223
445324
445331
446007
446137
446375
446430
446619
447884
448263
448610
448733
449013
449036
450387
450443
450510
450668
450783
451048
451859
452360
453223
454901
454922
456173
456615
456850
456924
457039
457260
458171
459055
459108
459790
460211
461385
461773
463572
463983
466004
466109
467399
467623
468013
468153
468220
468437
468651
469072
469099
469250
470237
470602
470616
471005
471646
471993
472874
473093
473901
473970
473976
474269
475386
475927
476602
477180
477475
477602
478269
480039
480396
480484
480549
480995
481465
482507
483004
483694
483722
483743
484168
484202
484543
484782
485503
485854
486318
486322
488661
489821
489887
490122
490698
490719
491178
491225
491493
491930
492365
492423
492499
492657
492808
494843
495120
495294
495364
495916
496165
496565
497221
497907
497911
498553
499380