970
1039
1508
2049
3869
3967
4547
5697
6046
6141
7841
8340
8571
8953
9497
9737
9992
10065
10122
10174
10646
10971
10976
11073
11257
11683
11908
12706
12924
13939
14118
15372
15493
15724
18067
18922
19186
19366
20415
21709
21897
22641
23114
23177
24906
25401
25618
25995
26495
27165
27294
27634
27654
28014
28028
28168
29685
30391
31451
32738
33467
34095
34239
34433
35247
36855
37825
38057
38478
38594
38759
38813
39310
39468
40568
40644
41019
41284
42492
42727
43449
43512
44010
44909
45520
45661
46355
46416
46767
47459
47631
48648
48758
49477
49687
49766
49885
51529
51712
52131
52149
52294
52547
52690
53419
56116
56907
58157
58175
59060
59152
59718
60954
62032
62087
62339
63355
63393
63583
64532
64780
65107
65800
66302
66609
66944
67396
67730
68295
68557
68638
68890
70339
70610
70879
71174
71328
71774
71950
71969
72218
72307
72868
73117
73517
74088
75103
75470
75877
76726
76773
76909
77330
77397
77550
77712
78135
79002
81683
81945
82961
84379
84953
84978
85635
85810
86017
86196
86274
86995
87321
87486
87749
87854
87878
88623
88776
89202
89339
89577
90026
90126
91959
92154
92298
92973
93535
94030
94604
96456
96500
97144
98722
99188
100873
101532
102119
102261
102714
103198
103558
103647
104613
105022
106088
106683
107093
107133
107782
108144
108268
110744
111031
111577
112252
112914
113556
114639
115123
115205
115768
115932
116123
116770
116891
117071
117342
117900
119235
119434
120473
121760
122441
122529
122788
122862
122981
122988
123990
124772
124956
125715
125845
126236
126503
126803
127388
127622
127860
128327
128536
130228
130742
130847
130870
131223
131357
131665
132094
132342
132664
133191
133695
133746
133907
135095
135991
137008
137038
138146
138225
138562
139883
140907
141026
141451
141926
142001
142142
142406
142999
143246
143296
144169
145186
145344
145768
146402
146493
146517
147452
147910
147950
148724
149508
150974
151634
151898
152093
152296
152314
152858
153203
153625
154972
155336
155757
156349
156377
157853
157911
158210
158999
159589
159705
159762
160622
160947
161369
161522
161954
163856
165248
165794
166434
167454
168370
169457
169729
170719
171475
171605
172630
173084
173253
173439
173778
174037
174622
174724
174893
175028
175670
175889
176631
177065
177078
178021
178371
178657
178902
179059
179495
179809
181257
182138
182246
182373
182394
182510
182539
182566
182819
184380
185292
185378
185864
186578
186696
186834
189118
189174
189815
190135
190227
190316
190528
190658
191364
191466
192040
192065
192352
193119
193681
193910
194092
195410
195615
195670
196092
196143
196802
196807
197779
198026
198260
198334
198611
198969
199261
199297
199437
199539
200766
201933
202292
202413
202847
203094
203103
203119
204667
204870
204972
205024
205346
205989
206749
206785
206973
207109
207117
207363
207903
209994
210083
210244
210442
211793
211970
212104
212271
212592
213992
216009
216889
217895
217917
218196
218258
218351
219818
219971
220571
220724
220726
220882
220973
221728
221881
222674
222698
223561
225031
225300
226295
226816
227263
227750
227862
227867
228154
228877
229187
229514
230038
230459
230972
231341
231788
231844
232199
232892
233854
234396
234996
235209
235869
236085
236283
236570
236636
237793
238652
239109
239606
239862
240505
240702
241225
242617
244085
244655
245247
245323
245360
245769
246036
246341
247060
247221
249012
249338
250496
250621
250805
251623
252201
253325
256349
257090
257378
257712
258483
258863
258945
258948
259182
259540
259760
259969
260071
260911
262396
262411
263122
264201
265286
265328
265397
266100
266999
267788
269433
269446
269536
273221
274864
275521
276298
276418
276509
277799
277895
277899
278173
279038
279076
279265
279564
279695
280517
280707
281098
281550
281996
282193
282265
283420
283672
284067
285409
285944
287814
287867
288276
288587
288921
289078
289277
289308
290040
290239
290634
291219
292422
292737
293808
293953
294494
294843
295260
296276
296451
296532
296889
297094
298166
298871
298992
299538
299646
299787
300882
301282
301668
302495
302526
304467
304750
304805
305097
305105
305153
305558
305807
305820
306387
306643
307070
308120
308240
308441
308529
308580
309606
309649
309930
310401
310976
311975
312716
313494
313619
313949
314391
315315
315436
315618
316945
316952
317643
318577
319193
320358
320481
320519
320838
320950
321282
321587
321801
322772
323672
324352
324371
324471
324855
325057
325122
325133
325552
325981
326712
326908
328755
329356
330762
331449
331840
332001
332127
332262
332560
332886
333927
334663
335513
336274
336762
336767
337303
337461
337966
338005
338409
339464
339783
339885
341689
341958
342140
342161
342566
342578
342829
342869
344228
345865
346479
347115
347810
348046
349114
349446
350041
350506
352338
352849
353452
353747
353914
354151
354328
354632
355242
355698
355833
356389
357409
357604
358195
358382
359091
359389
360077
361975
364464
366299
367419
368598
368922
369398
369848
370610
371094
372121
372290
372726
373288
373294
374748
375385
375683
377306
377454
377877
378926
378926
379444
380559
380676
380792
381337
382174
382935
383009
384198
384765
385077
385164
385425
386062
386103
386354
387180
387296
387854
388593
389293
389993
390119
390735
390771
392459
394227
394584
394997
395892
396234
396268
396638
397001
397649
398362
398956
399171
399901
400701
401176
402377
402553
402621
402770
403559
403758
404553
404800
405087
405189
405807
406104
406382
406440
406777
406974
407171
407297
408011
408187
408207
408220
409459
410751
411140
411287
413036
414114
414117
414545
415101
416062
416774
417399
418121
418214
419029
419392
419714
419902
420034
420036
420222
420407
421247
421412
422261
422789
423319
423980
424684
424747
425734
427044
429385
429548
429785
430572
430791
431109
431244
431706
431752
432013
432187
432311
432612
432830
433273
433447
434558
435921
436111
436893
436945
438165
438480
439005
439209
439484
439755
439805
440666
442605
442790
442809
442988
443145
443183
443212
443380
443691
443834
444289
444296
445545
445807
446667
446840
446847
447187
447573
447817
448271
448684
448815
449204
449353
449360
449611
449811
449833
449888
450950
451336
451506
451668
452157
452296
452495
452826
453390
453613
453853
454312
454400
454832
454994
455015
455874
456034
456211
456607
456860
457631
458222
458898
460077
460773
461254
461320
461338
461415
461950
462147
462590
463775
464029
464187
464881
464883
465068
465084
465634
465872
465920
466971
467395
467618
467722
468141
468213
468385
469028
470173
470810
470839
471161
471533
472115
472245
473001
474621
475011
475124
476507
477349
477389
478185
478443
479055
480721
481833
482214
482333
482387
482605
482787
482818
485919
486008
486923
488032
488597
488635
489013
489082
489316
489708
490982
492071
492084
492165
492715
492810
492956
493468
493641
494286
495454
496679
496731
497092
497164
497377
497618
497805
498234
499554