263
294
481
738
979
2147
2429
2563
3722
5319
5748
6064
6199
6947
7174
7259
8364
9380
9493
10160
11963
12366
13467
13600
13697
13788
13930
14180
15467
15572
15696
16373
16469
16939
17767
19149
19757
20175
20786
21209
21423
22187
22207
22344
22493
22994
23262
24082
24186
24649
25239
26368
26516
26954
27245
27604
27657
28257
28838
29891
30232
30804
31349
31514
32870
33146
33672
34526
36708
36755
37105
37491
38074
38479
38629
38876
39686
40275
40506
40608
40927
42206
42444
42965
43587
43678
43848
44113
44731
44966
45429
45454
45470
45641
46209
46446
46654
46660
47138
47919
48491
48736
48862
49078
49555
49643
49771
49873
51056
51157
52032
52063
52357
52674
53416
54052
54705
54764
54871
55271
55589
55695
55862
56162
56432
57178
57465
58045
59115
59957
60450
60566
61201
62048
62240
62330
63448
63515
63732
63743
63814
64581
64834
65421
66176
66897
67000
67625
68127
69175
69426
69809
69944
70036
70861
72685
73691
74022
74295
74654
75284
75532
76224
76710
77125
77810
77835
79598
80033
80368
80578
81757
83926
84459
84485
85012
86674
86748
88318
88708
89278
89847
90922
92493
94581
95446
95453
95497
96651
97048
97399
97623
98255
98331
98550
99135
99642
99975
100559
100780
101269
101404
102427
102734
103177
103518
103564
104191
104380
105830
106379
106532
107167
108225
108417
111503
111710
111784
111884
112976
113640
114124
114249
114738
114791
114953
116125
116277
116874
117845
117941
118127
118639
119332
120054
121523
122455
122876
122931
123764
124394
124568
125100
125659
125801
126112
126435
126652
126766
127726
130305
131575
131915
132260
132343
132628
132648
133132
133506
133594
133848
133889
133995
134917
135198
135411
135520
135965
136074
136690
137100
137943
138308
138627
139936
140912
142197
142207
142545
142590
142700
144469
146266
146608
146836
148042
148221
148327
149922
150386
150628
151117
151293
151434
152927
152989
153579
154163
154187
154250
154320
154437
155025
155554
156979
157156
157423
157511
157897
158335
159182
159843
161566
162097
162554
162575
163974
164481
164800
164850
165731
166098
166621
167703
168129
170062
170119
170328
170942
171030
171208
171306
171324
171577
171652
171800
172328
172390
173242
173725
173778
174716
175085
175090
175480
175589
175900
176332
177355
177444
177845
177961
178104
178242
178686
178864
179002
179323
179536
179952
180238
180925
181039
181062
181207
181387
181503
181866
181918
181943
181989
182099
182102
183246
185688
186154
186186
186317
186406
186933
187739
188473
189084
189279
190797
191275
192129
192709
192875
193125
194024
194897
195648
196017
196267
196701
197032
197601
197618
197866
198260
198439
198797
199555
199888
199889
201388
201620
202121
202829
202913
203089
203192
203269
203887
203910
204485
204737
204767
205707
205799
205949
206101
206183
206606
206617
206973
207232
207665
207696
207816
207894
208040
208054
208666
208829
209081
209479
209685
209907
210249
212111
212762
213061
214262
214290
214486
215202
216263
217515
217962
218993
219267
220252
220387
220457
220525
220630
220641
220784
220786
220797
221230
221232
221358
221706
221762
222309
222804
223799
223835
225921
225951
226016
226923
227044
228554
229175
229667
230251
230986
231315
232823
233219
234746
235194
235241
236177
236643
236870
237244
238950
239413
241099
241106
242597
243045
243558
243633
244055
244605
244858
244939
245165
245753
246007
248101
248503
250042
250641
251337
252055
252645
252809
253063
253728
254697
255030
255636
256275
256569
257815
258784
259025
259505
259635
259926
260388
260933
261355
262028
263177
264457
264633
265250
266040
266102
266118
266427
266854
267364
267609
267654
269310
269579
269898
270862
272310
273139
273227
274508
274798
275911
276938
277413
278122
278687
279255
279741
280338
281372
281664
282028
282147
282443
283399
284434
284588
285187
285272
285696
285777
287242
287936
288471
290443
291485
291677
291821
293136
293140
293711
294087
294881
295142
297125
297129
297893
298075
298438
299762
300187
300341
300558
300769
302253
302587
303208
303240
303628
303884
304051
304828
305889
306137
306621
307169
308538
308717
308775
308805
311485
312419
312526
312526
312602
313447
314069
314280
314693
314807
315085
315288
315669
315785
317188
317250
317612
317725
317902
318009
318035
318350
318447
318455
319317
319500
320570
321248
321816
322096
322430
323285
323572
324007
324042
324061
324330
324870
326067
326437
326553
327059
328818
328856
329169
329218
329553
329609
329909
330090
330720
330865
331357
332067
332567
332586
332736
334452
336573
336751
336967
337682
337793
337893
338429
338732
339414
339604
340825
340829
341250
341331
341473
342701
343622
343731
343978
344326
344724
344772
345389
346516
347292
348354
348598
348731
348766
348996
349148
349570
349993
350049
350568
351707
351866
351989
352011
352052
352098
352197
352763
352783
352883
353557
353567
354010
354406
354765
354957
355186
355244
356144
356560
357118
358023
358625
358890
359998
360010
360125
360264
360281
361050
362499
362522
362547
364256
364565
364606
365755
367331
367471
367610
367900
368452
369250
369428
369878
370099
371133
372172
373870
374041
374943
376013
376064
377663
377826
378362
378831
379475
380508
380622
380829
381312
382399
382991
383393
383796
383852
383988
384060
384274
384339
384708
385094
385824
386136
386509
386793
386847
387376
388488
389141
389777
389800
389912
390647
391204
391413
392201
392571
392810
393469
394018
395876
396738
397523
398306
398339
399506
399721
400119
400412
400463
401790
403149
403405
404373
404423
404599
405001
405201
405545
406401
406519
408031
408910
409398
409690
409864
409939
410367
410376
410807
411034
411985
412817
413224
413327
413934
415461
416770
417188
417204
418027
418070
418896
419227
419230
419304
419700
421371
421500
421573
421817
422197
423718
424075
424218
424288
424542
424708
425432
426510
427108
427393
427532
427742
428819
429431
429570
429717
430389
431076
432048
432264
432422
433663
433952
434042
434397
434410
435491
435511
435651
436999
437125
437307
437539
440031
440897
442620
443037
444060
444222
444337
444783
445072
445910
446023
446078
446497
447213
447265
447984
448269
448928
449304
449756
452700
453228
454410
454536
454598
455755
456074
456136
456551
456564
457560
457738
458154
458408
458523
458989
459719
459759
460376
460526
460556
460609
461411
461488
462028
463832
464962
465400
465616
466013
466555
466764
467478
467527
467538
468032
468040
468144
468670
468749
469180
469766
470733
471172
471275
473563
473846
473925
473998
476445
477084
477334
477915
480651
480799
481165
481331
482300
482789
482796
482916
483117
484224
484397
485053
486378
486398
486615
486619
486700
486724
486993
487125
487217
487437
488099
489248
490368
490558
490832
490954
492220
492266
493031
494068
494328
495155
495376
495844
496764
497187
497292
497329
497655
497770
497888
499237
499699
499896