221
262
679
780
1949
2140
3572
4466
4519
4786
5156
5819
6281
6296
6553
6836
7397
7640
8085
9024
9070
9761
9848
11065
13075
13649
13896
15051
15630
15754
15918
16022
16340
16797
16928
17039
17240
18229
18590
18925
20314
20703
22011
23041
23966
24755
25326
25703
25756
25953
26291
26905
27299
28185
28442
29977
31390
32603
33711
34211
34267
34612
34882
34957
36079
36595
36777
37100
37235
37420
37973
39076
39356
39380
39743
40099
40487
40617
40678
40836
41620
42200
42317
43152
43300
43416
43556
43675
44582
44616
45431
45617
45817
46711
46792
47604
47747
48046
48913
49333
50179
50289
51041
51809
51979
52299
52323
52775
52902
52965
53293
53867
54323
54458
54765
55508
56252
56270
56345
56420
56732
57138
57539
57562
58141
58765
61385
61729
62780
63147
63564
63898
64124
64303
64680
64824
65014
65443
65538
65576
65902
66637
66795
66945
67444
68864
68977
69367
70020
70302
70637
70687
71881
72307
73565
74131
75386
75665
76311
76325
76352
76508
77221
77246
78149
78574
78860
79168
80202
80417
80765
81022
81788
82128
82408
82518
83155
84533
84558
84725
85533
86284
86983
88399
88571
89761
90195
90566
90577
90783
90844
91832
92455
93608
93615
97009
97088
97173
98223
98386
99028
99687
100053
100329
100711
101582
101712
102009
102041
102423
104891
105096
105927
106491
106848
106936
107486
107710
107848
107928
108084
109282
109429
109887
110508
110758
110944
111834
112068
112307
114003
114523
115757
115859
116031
118004
118020
118094
118288
118348
118444
118745
118865
119095
119115
119789
120707
121163
121701
122115
122613
123041
123145
123758
125356
125751
126894
127104
127303
127400
127885
128320
128418
128819
128891
129014
129056
129698
129917
130750
130886
131148
132245
133090
134666
137352
138341
138807
139158
139622
139891
140271
140899
141115
141495
141664
141746
141923
142776
142948
143827
143972
144215
144526
144615
145220
146036
146296
146767
146884
147292
147418
148477
150056
150167
150404
150548
151369
151548
151762
152176
153714
155015
155725
155764
156726
157615
157640
158195
158724
159318
162274
162540
163932
166284
168140
168432
168644
168682
169588
169810
171823
171926
171939
172279
172436
172468
173016
173158
173613
173957
174048
174209
174287
174620
174900
176511
176515
176812
177269
177309
177389
177461
177481
177532
178185
178322
178629
178655
178819
179174
180265
180350
180361
180794
180905
181349
181552
181608
181639
181656
181930
182894
183546
183820
184455
184679
186091
187111
187427
187880
188130
188203
188337
189277
189390
190456
190491
191089
191340
192700
192729
192870
193141
193179
193293
193526
193833
194333
194991
195186
195617
195653
197262
197450
198011
198055
198415
199114
200123
200142
200317
200841
200890
202061
202315
202573
203095
203422
203946
204532
204716
205067
206948
207427
207831
208364
208580
209005
209473
209677
209698
209884
210081
210829
210853
210948
211174
211380
211389
211686
211734
212191
212238
212508
213599
213837
214355
214950
215979
216245
217734
218131
218396
218756
219130
219251
219538
219545
219682
219944
221481
221884
222009
222110
222352
222480
223772
223796
223866
224445
225613
225985
227683
227750
228459
230775
230966
231049
231633
232971
233159
234756
235514
235664
236765
238425
238781
238851
239110
239218
239237
239784
240250
241692
243040
243421
244353
244463
244958
245854
246869
246985
247041
247741
248156
249032
249325
249992
250274
250737
250793
251423
251570
251823
251944
252117
252362
252366
252561
253134
253524
254743
254776
254877
255132
255624
255998
256196
256418
257008
257158
257921
258530
258753
259155
259448
259547
259737
259811
260219
260298
261779
262153
262722
263136
264722
265363
265508
265628
266765
266933
267747
267788
267970
269167
270003
270374
270443
270453
270625
270999
271237
271432
273408
273512
273920
274363
274417
274427
275067
275727
278179
278753
279357
279971
280813
281911
283467
284222
284417
284880
284930
285728
285981
286471
287897
289128
291594
291910
292265
292592
292730
293296
293364
293465
294044
294101
294863
294994
295340
295804
296337
296899
297714
297981
298833
299066
299710
300836
301156
301470
302929
304415
304548
304641
304702
304931
305065
305208
305308
305750
306199
306919
307333
307388
307724
307760
308022
308355
309179
309443
309513
311323
311394
311973
312063
312752
312803
313680
314305
315105
315314
316205
316887
317875
318560
318719
319753
320137
322898
322947
324096
324792
324803
324899
324993
325178
325298
325471
325785
325799
326549
326768
326862
327129
327697
328041
328538
328876
330109
330841
331152
331278
331334
331694
332498
332857
333283
333448
334248
334447
334451
334462
334552
334820
336236
336577
337080
337911
338072
338418
339031
339208
339642
341321
341798
342650
342813
343239
343961
345289
345898
346384
346677
347597
347819
348591
349183
349736
349874
349974
350046
350475
350689
350936
351122
351663
352126
352329
353467
353641
353744
353789
353923
354344
355208
356138
357755
359105
359348
359550
359601
360667
361595
362227
362677
363604
363767
364160
364511
365313
365998
366296
367146
368324
368673
369163
369471
369553
369835
370140
370185
370225
371004
371597
372423
373104
373661
373829
373969
374285
374401
374639
376284
377012
377289
377401
377488
377684
378128
378292
378527
379283
379873
380904
381551
382238
382450
382536
383040
383433
384206
385949
386705
388568
389215
390431
390448
390712
390759
391534
392101
392405
392629
392778
393303
393538
393749
394423
394508
394775
394919
395295
395715
395786
396959
397982
398282
398852
400013
401620
401808
402381
402973
403432
404125
404297
404421
404527
404558
404594
404875
405231
405372
405654
406086
406151
406885
407261
407947
408775
410074
410118
410823
411343
412186
412360
412361
412484
412535
412903
413179
414014
414332
414522
414585
415136
415260
417202
418017
419332
419600
420410
422533
422710
423019
423531
424674
424730
425327
425974
426992
427021
427184
427238
427390
427483
427725
427904
428617
429049
429699
430298
431151
431286
431717
433514
433626
433646
433884
437450
438469
440025
440048
440881
441410
441458
441499
441891
442122
442417
442816
444334
444626
444848
446575
446863
447038
447497
447686
447820
448431
448577
448616
448701
448841
449047
449306
449333
450037
450227
451180
451347
451745
451816
452309
453123
453988
454982
455747
455812
456238
459547
459818
459931
460887
461633
462406
462714
463149
463538
463983
464040
464303
464374
464937
466204
466386
469756
470151
471664
472175
472317
472407
473895
474249
474499
474562
474662
474675
475782
475925
476077
476800
477122
477203
477322
477541
477850
477908
478879
479558
479893
480166
480258
481471
482475
482903
483428
483645
483868
486655
486895
486990
489191
489636
489636
491636
491867
492402
492586
493109
493152
493169
493664
494936
495296
496303
497195
498248
498254
498954
498967
499096
499294
499390
499408
499742
499961