203
1070
3113
3639
3953
4200
4235
4699
4918
5054
5803
6607
6854
7453
9000
10348
11531
11963
12669
12766
13828
13883
14368
14977
15557
15660
15913
16076
17135
17202
18200
19790
19965
20219
20370
20513
21232
21514
21655
25352
26578
27190
27384
27491
28178
29123
31107
31327
32544
32952
35990
36092
36378
36525
36830
36988
37145
37290
38646
38823
39043
40290
40475
40655
40714
40924
41913
42364
42761
43241
43400
43744
44925
45117
45234
45372
45883
46136
46269
46734
46758
48693
49387
49999
51162
51255
52705
52864
52930
52954
53195
53252
53549
53845
54611
54716
54725
55101
55167
55334
56606
57116
57241
57635
57873
57898
58496
58744
59064
59859
60074
60637
61110
61175
61641
62027
63886
63933
63994
65079
65881
66199
66957
67113
67231
67538
69075
69133
69205
69435
70298
70382
71061
71090
71113
72542
72693
72948
73517
73789
73959
74429
75318
75797
77086
77223
78264
78948
79596
79746
79842
80753
80757
80798
80890
81005
83097
83116
83482
83544
84211
84328
84331
84738
86702
86746
87264
87403
87883
88202
88821
89133
89328
89594
90491
92200
92391
93433
93640
94354
95618
95738
95836
97037
97621
97697
98388
99678
99814
101730
102402
103057
103094
106105
106408
106740
109042
109161
109290
109477
110394
110890
114034
114265
114678
115720
116591
117236
117457
117609
117627
117900
118469
119080
119156
120395
120439
120941
121131
121623
122696
124371
124896
124945
125301
126798
126810
127373
128548
128983
130524
131083
131633
133196
133619
134006
134765
135814
136391
137283
137956
138570
139767
142225
142262
142331
142558
142939
142982
143017
143797
144210
145487
146589
146961
146979
147852
148045
148842
149267
151046
151720
151827
151921
152475
152849
153119
153204
153459
154407
154818
155511
156289
156950
157135
158185
158430
158479
158659
160098
160467
160667
161150
161411
162589
162785
162932
163079
163176
163736
163919
164421
164755
165239
165292
167743
168104
169131
169307
170439
170491
171168
171168
171351
171371
171725
171799
172062
172322
172390
172514
172691
172811
174175
174634
175056
175212
175375
175724
175833
176076
177930
179502
179938
180140
180370
180694
180845
181057
181223
181424
181873
182009
182136
183805
183839
183976
184215
184237
185813
188746
188834
188916
190032
190461
191447
191510
191543
191760
192647
192713
192796
194491
194511
196676
196897
197192
197256
198949
200684
201053
201063
201187
201255
201806
202658
202716
203280
203418
204100
204310
205139
205796
206531
206967
207013
207080
207112
207976
208105
208258
208538
208708
208980
209240
209271
209353
209615
209973
210350
210487
210780
210868
210967
211313
211465
212110
213296
213599
214611
214817
215398
215818
215964
216395
216516
216592
217046
217583
218195
219345
220685
220892
221253
221931
222407
222801
222993
223145
224361
224643
225312
225419
225434
226903
228646
228828
229367
230095
230958
231100
231376
231849
233181
233724
233820
233820
233947
234672
235534
236125
236261
236544
237011
237099
238913
238923
238987
239096
239409
239707
239852
240975
242001
242066
242875
243911
245274
245324
246326
247007
247017
247081
247220
247347
247916
249760
249916
249971
251736
252129
252395
252453
253066
253902
254559
254874
255686
256210
256224
256548
256834
256885
257616
257750
260354
260967
261492
262666
262977
263067
263222
263853
264132
264354
265142
265251
265795
266420
266717
267155
267185
267817
268776
269447
269746
270184
270465
270897
272499
272992
273086
274419
274800
276126
276138
277108
277438
277492
277804
278328
278414
279286
279495
279803
279851
280320
281111
281163
281533
281584
282008
283305
284203
284271
284591
285084
285437
285795
286091
286163
287485
287701
287756
288013
288326
288416
288480
289344
289576
289746
290379
290706
291234
291251
292197
293297
293319
293398
293408
293942
294296
294604
295004
295071
295355
295426
295475
296182
297383
298207
298303
299814
300197
300243
300462
300475
300686
300792
300985
301003
301235
301916
302271
302675
303051
303322
303328
303369
303704
305678
306322
306855
307556
307611
308672
308918
309518
309728
310244
310595
312218
313658
314130
315012
315311
315422
315451
315909
316042
316635
317334
318434
318663
319170
319545
319874
320397
320917
321506
322056
322227
322494
324946
325717
326689
327562
328214
328262
329911
330095
330115
330436
330805
330958
331253
332262
332284
332529
333028
333778
334022
334222
334804
335383
335481
335660
335807
336445
337050
337097
337505
339844
340428
340526
341814
341815
342053
342568
342709
343021
343344
343513
344009
344082
344303
346647
346854
347404
349057
349479
349698
350519
350913
351578
351586
351644
351655
351942
353784
354838
355151
355256
355469
355844
356264
357624
358137
358903
359066
359493
359802
359886
360112
360491
360902
361959
363581
364348
365394
366369
367571
367734
368685
368999
369287
369823
370040
370282
371433
371685
371788
373439
373704
374762
374950
375019
375172
375227
376022
376283
376734
376874
377299
377360
377376
377782
378041
378439
378671
378714
378796
379275
379673
380012
380904
381633
381813
382269
382432
382687
382803
382913
383720
384138
384609
385134
385145
385533
385784
386129
386228
386409
386559
386945
387791
390222
392659
393680
394116
394350
394780
396402
397049
398225
398546
398866
399477
400138
400343
400370
400914
400931
401197
401312
401385
401609
402109
402296
402665
402888
403577
403832
404290
404782
404822
404965
406022
406600
406896
407571
407822
408207
408790
409911
409944
411246
411312
412175
412501
412525
412793
413123
413770
414140
414155
414531
414825
414945
415457
415463
415527
416141
416170
416429
417063
417366
418473
418999
419307
420101
420458
421004
421332
421515
421598
421629
422199
422412
422481
422618
424654
424889
424889
425323
425370
426115
426403
426418
427944
428398
428783
428801
428925
429513
429571
430134
430588
430949
430983
431201
431933
433954
434669
435783
435863
436480
436481
437262
437439
438545
439648
439724
439918
439976
440028
440139
441027
441600
441829
441858
442187
442225
442294
442700
442921
442982
443393
443615
443636
443789
444600
445144
445744
445747
447176
447777
448058
448178
448187
448187
448717
448897
449042
449481
450045
450456
451061
451302
452256
453642
453683
454231
455059
455424
455483
456578
457577
457752
457898
458156
458631
458736
459974
460670
460732
460812
460815
460926
461060
461189
461419
461461
461495
461972
462114
463540
465286
465410
466330
466371
466396
467064
467316
467600
467822
468468
468602
469408
470359
470622
471269
471428
472780
472986
473916
474375
475007
475303
475569
475766
476075
476219
476481
476614
476619
476674
477611
478863
479127
479621
480522
480676
480894
481195
483092
483454
483506
483806
483821
486684
487475
488194
488334
488511
488705
489028
489274
489479
491233
491272
491856
492193
493110
493385
493634
493661
494100
494377
494788
495592
496366
496542
497076
497273
497633
498159
499107
499426
499462