60
232
793
1008
1284
1887
2803
2826
3271
3781
4484
4692
4759
4936
5962
6847
8845
9273
9742
9846
10063
10232
10451
11398
11453
12750
13642
13675
14183
15223
15713
16068
16752
17100
18110
19127
19398
19661
20212
21418
21650
22433
25945
26356
26716
27105
27866
28470
28864
29856
30465
30471
32167
32329
32372
33184
33576
34655
35503
35860
36168
36447
37141
37492
37829
38047
38148
38607
39089
40421
41226
42391
43325
44026
44339
46337
46409
46722
47583
48268
48306
49974
50126
50894
51088
51597
52467
53181
54136
54249
55122
55347
55470
55705
56088
56264
56974
56977
58353
59197
59613
59945
60262
60322
60966
61876
62105
62623
63272
63731
64134
64645
66290
66354
66713
67468
67656
68112
68303
68716
68895
69576
70147
71514
71530
72018
72925
73574
73810
74067
74124
74974
75466
75620
75702
75721
75982
76355
76380
77776
78667
78944
79783
79887
81452
81481
83941
84599
85500
86307
86404
86955
87278
88834
89218
89319
90877
92074
92098
92817
92893
93058
93062
93602
95011
96126
96243
96307
96544
97033
98269
99094
100542
100792
101181
101526
102518
102536
102700
102877
103862
104441
104739
104807
109268
109743
109998
110016
110123
110783
111169
112216
112356
112452
115318
115508
117080
117622
117925
118302
119273
119293
119473
119943
120262
120627
120938
120961
121915
122176
122202
122522
123232
123544
124227
124345
124358
125339
125373
127414
127716
127797
127884
128547
129115
129462
129706
130132
130613
131147
131250
132640
133065
133747
134312
134354
134473
134489
135407
135683
136153
136737
137105
137222
137419
137470
137483
138084
139043
139432
140330
140623
140753
141717
142176
142311
142874
142945
144646
144999
145043
146173
146529
146898
147711
147752
148127
148218
148433
148559
148890
149407
149544
149681
150427
150457
150937
151964
152215
152312
153189
153195
153911
154187
154576
155272
155415
155498
156396
157913
158051
159513
159656
160166
160481
160516
160602
161325
161366
161529
161880
161896
161914
162370
162607
162685
163253
163291
163599
163835
164458
164880
165058
165603
165903
166233
166316
166797
167042
167082
167853
168001
168620
168704
168814
169146
171163
171449
173117
173136
174453
174589
175077
175909
176401
179127
179651
179687
179987
181019
181614
182029
182101
182443
182887
182897
183358
183941
183963
184525
185133
185326
185775
186953
187340
187908
188156
188561
188906
189217
189706
190153
190566
191851
192963
193104
194212
195598
196015
196072
196246
196359
196374
196827
197779
198387
199747
200165
200386
200449
200812
200965
201277
201282
201481
201658
201940
202692
203330
203653
203774
204095
204173
205237
205753
205855
206205
206394
206403
206876
207468
209564
210128
211503
213190
213745
213861
214440
214820
215343
215651
216109
216566
218882
219581
220349
220713
221017
221280
221531
221907
221928
222386
223044
223473
224284
224612
225594
225937
226243
227913
228466
228685
229001
230428
230812
231307
231597
232958
233180
233196
234143
234251
234700
235180
235992
236109
236345
236514
236602
236989
237578
239271
241348
241461
241856
241956
242093
242324
242905
243120
244484
244674
245102
245304
245905
246273
246399
247321
247413
247926
248701
248903
250050
250253
250381
250953
251387
251833
252179
252974
253113
253180
253424
253575
254272
254521
254966
255072
255232
255326
255498
256361
256930
256963
259939
260064
260884
261411
261482
261884
262349
262835
263207
264038
264176
264477
264659
264964
265606
266630
268172
268875
269364
269910
270474
270577
270769
271259
271453
271935
271985
272601
272973
273365
273383
273490
274471
274668
274808
275163
275193
275204
275318
275684
275848
275854
275901
276174
276436
277615
277669
279038
279515
279595
279811
281081
281625
282130
282532
283167
283445
284003
284062
284239
284246
284679
284814
284869
285012
285256
286154
286171
286355
286870
287188
287396
289008
289942
290018
290284
290748
291555
291770
292548
292777
293166
293339
293605
293983
294358
294942
295305
295318
295632
295649
296196
296280
296382
296655
297063
297514
297810
299325
303282
303454
303555
303808
304625
305168
305169
307357
307463
307605
307692
308108
309038
309142
309379
309450
311427
312379
312890
313315
313472
313872
314888
315289
315877
316067
316106
317397
317400
317541
319180
320053
320109
320901
321559
323168
323182
323443
324268
324589
324778
325094
325348
325456
325672
325751
326197
326366
326719
327769
328764
328797
329169
329679
330419
330978
331130
331156
331248
331381
332743
333155
333397
333914
334738
335424
336827
337014
338903
339568
339866
340338
340569
340815
341476
341496
341591
341610
341905
342841
342911
343313
344343
344456
345753
345818
347757
347772
348893
349016
349418
349559
349710
350209
351141
351181
351384
351783
351797
352025
352077
352811
353216
353518
354123
354245
354494
354814
355370
355710
356019
356029
356066
356480
357517
357631
357634
357648
358060
358131
358158
358535
358587
358798
358921
359701
359905
359990
360350
361101
361712
361937
362090
362437
362899
363308
363333
363582
363748
363850
364210
364473
364996
365271
366225
366851
367604
367781
368867
369112
369360
369531
369787
370296
370363
370882
371084
371622
371689
372083
372123
373646
373706
373723
373738
374026
374842
375336
375719
376551
376646
376785
377133
377170
379160
379247
380152
380222
380485
382015
382985
383065
383740
384040
384337
384388
385417
386064
386066
386145
386913
387428
388995
389091
389657
390160
391451
391455
392351
392692
393450
393918
394649
395006
395097
395867
398154
398441
399591
399774
399871
399970
400202
400639
400676
401533
402351
403035
403073
403571
403644
403718
404525
404778
405270
405414
405558
406264
406292
406411
407248
407463
407517
408070
408173
408367
408778
408882
409956
410479
410532
411396
411794
411902
411953
412153
413356
413898
414557
414557
415491
416274
416385
416722
416845
417227
417446
417474
417499
418835
420656
421214
422299
422310
422677
423669
424764
425093
425384
425966
427422
427913
428623
428632
428992
429391
431178
431474
431599
432660
433692
434425
435004
435146
436048
437374
437987
438688
439603
440359
440412
440531
440740
440753
440762
441402
441788
442097
442500
443398
443475
443599
444951
445622
446387
446395
446469
446559
446871
447213
447767
447840
448848
448923
449065
449287
449740
449878
449994
450199
450758
451203
452001
452454
453025
453824
453904
455533
455581
455678
455850
456856
459064
460939
461523
461864
462236
462443
462616
462912
463270
464046
464508
466050
467495
467554
467886
468494
469152
469237
469302
469531
469543
470077
470079
470173
470633
471609
471635
472122
472525
473533
473560
474306
474340
475154
475617
475962
476087
476192
476351
476888
477492
477851
478287
478433
478843
479036
479728
480167
480918
480980
481087
481239
482435
483925
485458
486976
488266
489673
490061
490487
490864
491489
493552
494110
496442
497040
497202
497468
497704
497912
497987
498000
498197
498784