1482
1507
1606
1654
2124
2953
3078
3576
4198
4311
5319
5435
5457
6181
7706
11992
12839
13543
14364
14498
15038
15162
15216
15526
15579
16789
16807
16981
17039
17579
17596
18431
18456
18797
18904
18951
19162
19575
19932
21320
21515
21600
22289
22849
23436
24063
24670
24849
25927
27199
27533
28199
28647
28960
29423
29557
30007
30158
30337
31698
31841
31861
32211
32232
32260
32528
32879
32931
33156
34417
35991
36337
37771
37991
38805
38928
38936
39253
39341
39554
40295
40488
40520
40870
43647
44546
45072
45228
45295
46593
46908
47869
48072
48142
48631
48880
49303
49539
49567
49756
49874
50855
51243
51422
51926
52951
53547
54363
54710
55715
56073
56426
56548
57692
57801
58020
58077
58200
58496
58600
58924
59566
61159
61707
61754
62556
62599
62766
63607
63666
63915
64225
64467
65058
65421
65489
65729
66239
67615
67818
67917
68103
68464
68858
69595
69606
70055
70169
70300
71195
71842
72412
73281
73617
74493
74520
75686
76219
77082
78970
79410
79478
79955
80263
83713
85354
85504
86752
86782
87592
87675
87759
88207
88283
88473
89176
89538
90225
90236
90802
90887
91060
92737
93370
93530
94212
94304
94362
94664
94985
95583
95807
95978
96298
96819
96914
96917
97846
98320
98924
99301
100401
102419
102700
103054
103072
104987
105206
105611
105783
106287
106517
107689
108243
108417
109204
109418
109434
109531
109908
110064
111191
111662
113142
113201
114528
115026
115573
115822
115914
116864
117473
118097
118143
118858
119119
120641
121154
121209
121296
122387
122539
122555
123308
123973
124307
124360
124762
125527
125649
125824
125864
126691
126738
127199
127608
127922
128291
128764
129204
129259
130204
130436
131077
131181
131297
131389
131398
131681
131768
131880
132033
133069
135603
135917
137586
138024
138167
138407
139204
139510
139616
139998
140174
140364
141027
141640
142222
142450
142459
143314
143467
144273
145617
145935
146170
146450
146534
147473
147533
148001
148079
148906
150482
150652
150889
152406
152549
152756
153290
154338
155804
156618
156731
156796
157286
157709
157727
158719
159144
159623
160160
160346
160406
160559
160816
163057
163548
165651
165818
166255
166344
166394
168200
169505
169524
169809
169821
169963
170018
170890
171497
171631
171710
171936
172538
173413
175227
176451
176666
176921
176999
177734
178858
179080
180165
180363
180442
180968
182352
183978
183991
185075
185336
186002
186009
186074
188219
188863
188867
188906
189184
189450
190053
190609
190640
191787
192236
192515
192608
192810
194341
194500
194805
195322
195580
196844
196852
197016
197088
197111
197399
198200
198220
198584
198660
201433
201998
202148
203112
204249
204275
205380
205645
205993
206118
206311
206435
207503
207664
207994
208473
208614
208881
209227
210861
212847
213140
213815
214366
214443
215254
215630
216551
216634
217537
218163
219967
220580
220735
220877
222850
224686
224691
225038
226179
226431
227576
227598
228297
228659
228678
229172
229837
230397
230416
230982
231637
233304
234355
234721
235203
235233
235405
236946
237778
237839
238315
239611
240867
240892
241050
241774
242210
242557
243230
244434
244888
244954
245133
246077
246089
246426
248974
249328
249789
250085
250825
250904
250906
251776
252194
252409
252613
254521
254578
255919
257349
258920
258931
259106
259109
259902
260679
260753
261446
261552
262212
262235
263977
264594
265366
265560
265936
266164
266642
266760
266765
266960
267018
267029
267138
267596
267788
269070
270769
272400
272912
273291
273696
275474
275551
276412
276456
276746
278090
278309
278381
278878
278894
279217
279451
280069
280128
281168
281213
281311
283438
283445
283907
285076
285639
285663
285952
285961
286048
286052
286153
286962
287671
287675
291125
291284
291373
292929
293409
293897
293972
296011
296454
297359
297740
298461
298538
300100
300577
301704
302292
302934
303664
304334
304545
305480
305504
305514
306305
306465
307173
307472
307804
309076
309653
310605
310863
311378
311408
311590
312117
312145
312713
312823
312993
314123
314246
314587
314974
315045
315363
315379
316056
316201
316418
316562
316713
317045
320445
320653
321711
323176
323583
324605
325435
325572
326802
327415
327769
328166
329279
330025
330246
330303
330816
332651
332672
332830
333252
333624
333719
334151
334580
334597
336555
336713
336839
338111
338682
338781
339452
342030
342230
342294
342912
342930
342984
343194
343437
343606
343765
344799
344865
345559
345739
346087
346303
346313
346395
347816
348274
348656
348828
349059
350022
350570
351789
352098
352098
353198
353313
353615
353653
353740
354139
354363
354597
354714
355059
355559
356303
356397
356785
357221
357474
358158
358245
358660
358669
358804
359137
359401
359596
359814
360176
360772
361253
361518
361525
362282
362944
364421
364838
364948
364964
365758
366187
366407
366417
366453
367501
367578
368510
368546
368951
369927
370423
370501
371414
371824
372063
372102
372542
372576
372637
372765
372966
374125
376783
377122
377128
377203
377523
377951
378483
379106
379349
379408
379761
380281
380663
381164
381801
381824
382179
382300
383619
383901
384824
385856
386174
387589
388741
388982
389542
390334
390697
391851
392841
393177
393252
393561
393679
393840
393992
395252
395801
396467
396900
397098
397233
397436
397460
398069
398111
398491
399482
400461
400542
400694
400868
400972
401105
403431
403935
404099
404807
405208
405377
406468
406524
406705
406811
406945
408342
408368
408467
409310
409467
409599
409772
410304
410575
411310
411523
411563
411745
411819
411878
412035
412361
412610
413488
414518
416135
416202
416334
416501
417010
417357
417583
419047
419108
419841
420287
420835
421561
422020
422302
422406
422463
422651
423526
423826
424388
425444
426218
426713
427075
427126
427775
429844
430268
431797
432071
432212
433011
433118
433348
434362
434593
434786
435365
435423
435725
436136
436236
438134
438764
440434
441022
441571
442959
443006
443143
443518
444004
444501
444565
445605
445749
446774
446827
447367
447980
448044
448377
448933
449013
449190
449452
449628
450542
450747
450776
451087
451088
451123
451239
451739
451825
452430
452598
452692
452994
453042
453575
453664
454221
454987
455001
455844
456556
457100
457654
457697
457709
458092
458156
458383
458973
459301
459318
460033
460177
460333
461025
461612
462478
462553
462964
463081
463227
464581
465063
465392
465891
466465
466610
466708
466757
466814
466822
467007
467410
468519
468694
468755
469122
469519
469663
469872
470177
470596
471192
471443
472907
473051
473380
473643
474361
474444
474521
474948
475723
475957
475966
476961
477660
477861
478106
478791
478990
479232
479233
480031
480177
480793
480916
481037
481088
482195
482259
482357
482969
485627
486847
486947
487349
487519
487838
488193
488578
489009
489949
489953
490055
490288
490955
491342
492809
493150
494224
494918
495412
495735
496157
497182
497557
498931
499190
499530
499984