623
1859
2572
3056
3225
3270
3323
3353
3440
5107
5867
6150
6198
6709
6783
7028
8444
8781
8827
8842
9735
9854
9933
9967
10019
10122
10284
10723
11381
12153
12447
13286
13729
14246
14966
16259
16941
17036
17056
17151
17985
19262
19904
20989
21025
23078
24418
24675
25062
26510
26760
27491
28044
28996
29353
29558
30910
31252
31378
31900
32440
33886
34241
34778
35279
35462
35793
36541
38041
38353
38602
39395
40101
40354
40561
41511
41842
42534
43117
43649
43805
44288
44690
44872
45264
45409
46305
47000
47226
47777
47867
47884
48334
49356
49885
50003
50134
50742
51473
52062
53136
53426
53647
54239
54619
55615
56688
57042
59200
60019
60446
61819
62354
64298
64613
64650
65431
65627
66246
66731
69441
69482
69849
70369
71224
71532
71581
71828
72027
72361
72786
74802
75370
75888
77249
77620
77918
78018
78143
80610
81081
81117
81392
82004
82189
82572
82709
83568
83770
86012
86178
86426
86449
88196
88805
89605
89649
90626
91033
91600
91618
91858
92267
92449
92760
93645
94157
94413
95815
96063
96688
96825
97457
97524
97789
97826
99097
99141
99398
99482
99535
99564
99739
99773
99878
99902
100193
100991
101630
102436
102986
103284
103410
103495
103620
103865
103931
104125
104553
104656
104771
105535
105718
105742
105839
106101
106573
106955
106979
107195
107238
107368
107669
108397
109490
109537
110638
111455
112825
112839
112988
113402
113419
114339
114341
114701
114850
115991
116663
117365
117603
117781
117955
118184
118627
119309
119469
120550
122133
122251
123023
123275
123294
123936
125295
125681
125948
127260
127752
129355
129963
130634
130648
131635
132100
132319
133237
133717
134516
135052
135264
135702
136629
136817
137092
138223
139013
139271
139369
140552
140796
140930
141109
141421
141627
142401
143445
143528
143918
145100
145398
145586
146328
146548
146971
147510
147527
148225
150555
150709
150993
151692
151925
151966
152127
152180
153002
153146
153340
154723
154786
155647
155674
155694
156203
156756
159448
160447
161336
161544
162004
162203
162281
162422
162483
162507
163022
164741
164804
164834
164989
165046
165958
166095
166435
166587
166853
167282
167350
167389
167442
167465
168675
169796
170021
170791
171113
171984
173262
173315
173710
173752
174334
174481
174903
174934
175804
176153
176444
176552
177579
177648
177804
178970
179091
180490
181041
181218
181761
181848
181987
182281
182343
182381
182861
183192
183288
183423
183819
183960
184518
184571
185061
185740
186809
188150
188453
189309
190835
191693
192548
192853
193006
193080
193469
193567
193609
194362
195092
195094
195281
195505
195892
196782
196864
197357
197877
198133
198329
198452
200312
200323
202316
202423
203217
204191
204316
204727
205127
205424
207566
208161
209540
210227
210282
210441
210584
211423
211554
212388
213011
213420
215316
215425
215497
215727
215882
216657
217171
217344
217481
217847
217856
218194
218210
218398
218560
218579
219343
219347
220081
221385
221899
222005
222131
222171
223670
224366
224723
225332
225400
225944
226014
226432
227707
227860
229072
231485
231915
232355
232711
233781
234611
234619
235421
235580
235743
236351
237506
237855
238796
239063
239460
241090
242249
243189
243371
244472
244777
245041
245602
245801
245930
246501
247153
247728
247735
248441
248943
250149
250313
250804
251160
253078
253199
253263
253765
254117
254195
255203
255555
256073
257460
258020
258143
259104
259123
260385
261507
261737
262210
262529
263012
263553
264600
264995
267247
267876
268038
268945
269232
270064
270092
270295
271494
272170
272339
272447
273217
273464
273717
274625
275206
275290
275509
275543
275584
276481
278679
278724
278988
279465
279600
279642
280712
281581
281618
282138
283352
283461
283592
285335
285478
286016
287274
288680
289574
289744
289996
290223
290969
291135
291334
291492
292048
292142
292282
292774
292878
293075
293156
293954
294386
294413
296529
296541
297213
297846
298553
298995
299457
299494
299650
300149
300181
300694
301395
301437
301674
301815
302186
302551
302792
302946
303073
303115
303196
303656
304388
304909
305668
307142
307205
307672
307899
307977
309552
309613
310438
311261
311767
311811
312548
312724
313610
313622
313990
314507
314608
314619
314680
314925
315338
315828
315854
316133
316542
316810
316997
318088
320446
320844
320871
321206
321752
322253
322350
322356
322814
322898
323527
323588
323594
324640
324716
324728
325952
325972
326607
327539
328806
328874
329041
329666
329951
331494
331985
332317
333220
334074
335236
336071
336116
339313
340920
341062
341194
342178
343618
344368
344779
345424
345810
346303
346497
347559
349278
350981
351000
351122
351719
351851
352317
352456
353081
353527
353611
354393
354444
355469
355640
356102
356867
357480
357700
357995
358399
358976
359455
359586
360414
360629
360676
361514
361744
361832
362299
362396
362671
362970
363910
364468
364749
365999
366182
367494
367590
367743
368624
370609
370775
370864
372552
373484
373986
374441
375056
375652
375827
375911
376095
376275
377556
378312
378468
378503
378825
380055
380915
381139
382172
382671
383486
384222
385543
386739
386861
386940
387576
387631
387793
388116
388449
388524
388953
389045
389398
390808
390844
391239
391326
391368
391873
392538
392741
392755
393206
394686
394926
396040
396088
396360
396932
398463
398694
398738
399232
399551
400056
400218
400560
400927
401176
401691
402537
402558
402678
402792
403564
404714
404719
406759
406932
407310
407769
407796
407991
408160
408486
408921
408945
409328
409376
410571
410740
411110
411759
412233
412982
413421
413952
414489
414630
414894
415376
415814
416677
416740
416765
417676
418053
418066
418321
418626
418796
418931
419119
419645
419791
420207
421996
422057
422076
422433
422637
422761
423917
423998
425193
425559
425571
426523
427437
427932
428168
428184
428678
429142
429435
429472
429746
430539
430752
430838
430951
431657
431725
432515
432994
433062
433092
433326
433727
433856
434103
434123
435338
435353
435598
435697
435726
436093
436207
437333
437629
437682
439672
440009
440171
441090
441670
441682
442469
443453
443833
444648
444787
445636
445751
445984
446134
446253
447576
447880
448711
450013
450195
450592
451673
452636
452965
453172
453654
454545
454563
455217
455556
455768
456164
456208
456247
456698
457015
457196
457373
458146
458880
458965
459240
459825
459943
460498
461193
461227
461502
461677
463546
464326
464473
465762
466260
466441
469703
470153
470245
470444
470684
470829
470926
471582
472266
473370
475041
475693
475804
476295
476655
477794
478353
479106
479170
479370
479550
479974
480861
481011
481890
482417
482552
482883
483038
483150
483164
483760
483867
483941
484113
485095
485164
485265
485569
486583
486769
487114
487317
487960
488320
488387
489050
489168
489463
491108
492073
492578
492666
492802
492917
493579
493649
494332
494971
495126
496265
496661
497719
498015
498347
498488
499837
499949