69
577
1041
1089
1919
2042
2312
2713
3762
3902
4805
5018
5119
5354
5608
5929
6047
6263
6318
7332
7375
8027
8102
8366
8499
8586
8620
8627
9038
9175
9424
9697
10333
11027
11821
12159
12252
12734
13913
14764
14925
15158
15353
15438
15723
15969
16280
17230
17231
17432
17436
17522
17698
17878
17924
18001
18285
18649
18684
20794
20839
21039
21069
21927
22053
22094
22275
22361
22474
22977
24072
24645
24955
25145
25452
25951
26034
26458
26465
26659
28457
28529
29039
29050
29714
30282
30709
32200
32436
33013
33411
33781
34455
34546
35139
35324
35343
35746
35878
36192
36435
36515
36921
38121
39350
40366
40653
40715
40770
41231
41297
43121
43260
43583
43625
43988
44953
44959
45324
45395
45916
47061
47897
48210
48995
49812
50088
50757
51403
51528
52322
54728
54996
55082
55269
55524
55594
55785
56146
56455
57528
58008
60324
61428
61495
61669
62964
64323
64412
65772
66089
66578
66768
67058
67208
67546
67566
68034
68672
69111
69223
69249
69443
70010
70479
70757
71447
71975
73823
73949
74211
76152
76321
76703
77480
77785
78077
78644
79224
79743
81358
81700
81871
83285
83377
83447
83536
83933
84152
85216
85340
85548
85762
86019
88432
88599
89058
89262
89680
90892
91281
92215
93908
94180
94373
94609
95165
95250
95778
96078
96774
97413
97526
97812
98257
99567
99676
99799
100662
101949
102476
103181
103545
105178
106040
106584
106730
107396
108832
109814
109817
110201
110379
110597
110694
111444
112693
112892
113567
114389
115165
115994
116539
116985
117416
118052
119113
119155
119183
119349
119357
119430
119518
119537
121030
121144
121418
121489
121640
121977
122275
122423
122929
123091
123566
124282
125445
126483
126838
127114
127369
127577
128080
128196
129831
130642
130764
132157
133394
133932
134052
135101
135459
135496
135848
137621
138261
139013
139635
139840
140464
141332
143738
144669
144865
145456
145949
146056
146460
146706
147425
147553
147623
147808
148640
148668
148710
149374
149573
149776
150071
151241
151580
152498
153595
153807
154645
154711
154929
155388
155696
156075
156138
156238
156622
157052
157345
158789
160060
160767
161168
162375
163195
163223
163518
165001
165066
165422
165736
166463
166834
167494
167977
168728
168732
168957
169125
169976
171672
172610
172732
173506
173707
174198
175641
176471
177064
177149
177168
177372
177405
177654
177752
178331
178787
179786
179792
179804
180144
180207
182127
182326
182516
182545
183454
183751
183898
184276
185804
186591
187165
187226
187290
187571
188316
188421
188579
188718
188860
189138
189460
189562
189619
189885
190507
191150
191495
191840
192339
192892
193121
193617
193739
194112
194372
194770
194992
195611
196661
197188
197811
198592
198797
198978
199182
199251
199364
199936
201266
201713
201991
202660
202746
203370
204162
204182
204289
205312
205328
205695
206082
207308
207511
208506
209620
209661
209788
209816
210817
211922
212086
214218
215532
216420
217400
219135
219954
220498
220802
220830
220957
221216
221337
221641
222228
222430
222589
222734
223371
223422
223476
223495
223660
224244
224323
224842
226521
227876
227880
227928
228338
229253
229431
230329
231972
232078
232275
232328
232537
233841
234641
235037
235061
236143
236383
236453
236460
236870
237585
238030
238436
238842
239146
239185
239225
240393
240735
241180
241180
241375
241385
241593
241996
241997
242066
242359
243090
243488
243505
243817
244093
245475
246929
246940
248737
249144
250497
250607
251659
252069
252904
252911
253621
254187
255774
256211
256279
256341
256550
257323
257657
259036
259228
259633
259814
261339
261858
261925
261981
263081
264141
264474
264660
264694
264844
265182
265381
265881
265944
266817
267262
268037
268678
269966
270325
270415
270786
272753
273390
273871
274455
275700
275725
276205
276991
277100
277268
277427
278554
279782
279783
280188
280832
281290
282303
283603
284413
285370
285490
287118
287916
289297
289914
290145
290677
290695
291957
292694
292827
292829
293682
293801
294067
294210
295047
295913
296375
296785
296961
298019
298716
298754
298825
300351
301251
301258
302584
303909
304047
304647
304826
305016
305212
305462
306199
306701
306966
308730
309163
309542
309636
309674
310960
311987
312149
312867
313599
313628
314032
314286
315292
315525
315701
315770
316465
316754
316925
317380
317688
317765
319194
319314
321984
322385
323063
323488
324255
324460
324478
325149
325336
326053
326105
327515
327643
327728
327824
328221
329686
330633
331781
332403
332744
333542
334523
334695
336675
336842
336966
337399
337428
338219
338956
339384
339771
339896
340409
342524
342617
342736
342823
342980
344456
344592
345063
345369
345464
345847
347191
347564
348600
349439
349834
349920
350095
350107
350496
350551
351056
351414
352854
354430
355013
355267
355376
355914
356040
356783
356967
357098
358494
359513
359755
360408
360705
360939
361997
362557
362583
362925
363434
363885
364942
365047
365120
365150
365445
365698
365726
366149
366666
366956
367337
367452
367691
368221
368956
369411
370285
370303
370555
371537
371808
371990
372368
372448
372955
373553
373791
373849
373979
374193
374693
374760
375071
376027
376513
377302
377711
378490
378559
379332
380547
381224
383570
384063
385612
386222
386540
386634
387347
387788
388307
388399
388485
389109
389549
389586
390346
390474
390691
390852
391526
393017
393578
394454
394698
395026
395472
395998
396204
396411
396475
397265
397745
398035
398087
400971
401074
401256
401260
401728
401906
401934
402169
402206
402382
403038
403214
403272
403319
403613
403632
403705
404223
404534
406555
407136
407372
408082
408221
408263
408566
409075
409634
410337
411216
412331
412357
412430
412529
412816
412864
412989
413376
413565
413730
413770
414649
414722
414775
415464
415965
417978
418187
418225
418322
418364
418586
418670
418819
419133
420312
420452
420533
420700
422241
422475
423345
424284
424443
424468
424999
425380
425628
428870
429169
430371
431193
432276
432612
432993
434202
434584
435405
436485
436576
437040
438260
438798
439821
440183
440362
440735
440751
441594
442303
442595
443537
443572
445085
446787
446834
447200
447954
449653
450358
450744
451666
451687
453936
455506
456682
456885
457037
457227
457395
457573
458253
458588
459050
459153
459625
461081
461520
461542
461627
461744
461911
461923
462279
462461
462514
462585
462617
462779
462804
462817
463043
463142
463218
463454
463927
464009
464076
464896
465548
465791
466125
468742
468869
469843
469861
471212
471506
471670
472993
473201
474410
475350
475475
475529
475646
475995
476278
476898
477226
477991
478557
479245
479369
480039
480506
481143
481475
482692
483003
483107
484119
484584
485530
486011
486616
486633
487686
488296
489408
489825
490596
490673
490711
490797
492164
492747
493078
493177
494444
494834
495412
495972
496017
496256
496639
497487
498157
498266
498535
499232
499750
499906