158
1557
2514
2934
3631
3772
4149
4250
4540
4584
5652
6572
6873
7819
8286
8573
8630
8857
9092
9186
9570
11051
12112
13779
14600
15027
15173
16503
17284
17385
17751
18071
18423
18933
20073
21485
21907
22313
22683
23103
23634
25478
26589
26714
28619
28701
29117
29121
29345
29527
31135
31366
31381
32393
32620
32945
34122
34518
34549
35424
35431
36526
36622
37096
37366
38022
38109
40053
40403
41043
41348
41464
41668
42248
42479
42504
43271
43313
44806
45122
45784
46146
47255
47565
47661
47816
47915
49346
50204
50496
50902
51229
51325
51812
52878
52969
53409
53980
55274
55376
55422
55511
55670
56184
56759
57381
57532
57919
58134
58146
58500
58907
59773
59858
61002
61990
62253
63968
64968
65224
65444
65916
65957
65979
67251
67264
67431
67615
68084
68129
68919
69524
69694
69738
71515
71620
72110
72843
72972
73178
74461
74647
76191
76429
76699
78326
78458
80234
81461
81935
82300
83585
83588
83783
84245
84575
85154
85878
88070
88323
89061
89090
89405
89954
90116
90232
90604
91520
92475
93704
93882
94250
95014
95073
95160
95763
96990
97443
97623
97972
99081
99439
99922
100135
100253
100791
100974
102121
102254
103465
105576
105879
106311
106434
106718
107092
107116
108321
108487
109238
109974
110136
111571
112864
112888
113835
113840
115023
116063
117236
117524
119096
119122
119247
119556
120077
121640
122558
122602
123532
124189
124421
125897
126458
126570
126616
127063
127337
129011
129187
129463
129565
129725
130456
131070
131075
131354
131914
132791
132928
133014
133442
133598
133946
134125
134337
134937
135275
135761
136083
136246
136525
136597
136942
137348
137401
137937
138104
138119
138262
138951
139143
139242
139396
140989
141161
142369
142753
143395
143962
144779
146997
147246
148248
148289
148568
149024
149153
149348
149384
151018
151574
151893
152029
153040
153219
153352
153416
154893
155481
155638
155805
156342
159239
159639
159688
160377
161190
161689
161739
161804
162076
162521
162968
163976
164203
164430
164806
166299
166301
166736
166744
167927
168173
169120
169675
169707
170819
170834
171066
172266
173895
175732
177562
177618
179227
180491
180801
181087
182191
183023
183673
184008
184985
185395
185421
186026
186181
186708
186728
188106
188300
189611
190135
190914
191169
191529
191843
191952
191960
192863
194403
195539
195752
196001
196063
196319
197051
197992
199438
201417
201508
201759
202272
202427
202575
203839
204819
205693
205727
205999
206107
207907
208034
208475
208479
208744
208774
210582
210935
211786
211800
212220
212900
213024
213437
213857
214163
214433
214938
215922
216789
217019
218110
218491
219056
219367
219376
219491
222235
222629
222732
222747
227153
227397
227693
228928
230824
230886
230922
231159
231375
233344
233793
234112
234451
234838
235186
236216
236543
238665
238792
239429
239770
241344
242679
243470
243571
243946
243984
244076
244350
244692
245283
246128
246343
246416
247001
247752
248043
249037
249141
249169
249322
249363
250692
250746
250818
251346
251882
251945
252185
252540
252642
252721
252846
253224
253308
253532
254461
254588
254958
255830
256179
257071
257247
257766
257997
258369
258570
258651
258982
259376
259739
260223
260661
260937
261496
261525
261703
261818
263333
263727
265729
266200
267260
267514
267904
268193
268207
268350
269014
269550
269898
270286
271118
272500
273501
274068
274746
275019
275232
275826
277302
277729
279761
280584
280589
280910
281173
281223
281349
281719
282143
282348
282453
282503
283007
283195
284259
285030
286732
286883
288771
288787
288798
288980
289183
289441
291189
292498
292896
293832
294260
294365
294392
295318
295532
295654
295705
296478
296628
296732
297287
298845
299407
299483
299939
300558
300841
301076
301090
301814
302511
302922
303158
303640
304697
304841
304980
305134
305335
305573
305649
307429
307537
307700
308217
309232
309325
309824
310123
310433
311057
311788
311920
312055
312533
312543
313159
313689
313780
314317
314419
315507
315525
315560
315909
315924
317280
317668
317785
318118
318644
319414
319779
319951
320148
320575
320889
321145
321379
321701
321756
322182
322545
324185
324358
324567
325039
325075
325422
325508
325813
326395
326689
327721
328020
328214
328443
328811
328839
328844
329045
330615
331377
331794
332359
334987
335008
335152
335757
336247
336570
336886
337368
337617
337799
338414
339086
339627
339997
340141
340290
340982
341635
342232
342777
342797
344312
344594
345197
345300
345942
346448
346461
346541
346771
347003
347255
347520
347552
347802
348477
348987
349626
349948
350253
350398
350925
352219
353887
354151
355292
355704
355745
356144
356318
357022
357050
357091
358011
358734
360171
360306
360400
360762
361232
361666
362266
362457
362772
362844
362902
363149
363444
363913
365171
366420
367087
367149
367546
367606
367951
368501
369076
369174
369552
370666
371203
371558
371583
371873
372185
372739
373095
373145
373557
373975
373977
374012
374260
374514
375336
375830
376320
377831
377847
377948
378326
378914
379673
380275
381627
381801
382097
382653
382812
382995
383631
383900
383961
384404
384575
384764
385263
385478
386106
386723
386769
387237
388167
388313
389316
389613
390724
390796
390952
391018
391444
391514
391636
391819
391825
392175
392556
392741
393622
393723
394835
395190
396607
396924
398135
398893
398947
399240
399507
399604
399658
399772
399982
400089
400212
400727
400895
401228
401435
402001
402065
402388
403099
403175
403462
403678
405169
405209
405782
406032
406391
407919
408633
408779
408877
410105
410423
410599
411257
411282
411758
411843
412159
412725
413058
413867
414096
414590
415755
415777
416273
416291
416597
416824
417467
417700
418225
418622
418972
419083
419817
419960
420350
420435
421304
421956
422108
422304
424100
424507
426494
426657
426841
426898
427606
428133
428814
429582
430126
430510
430695
430859
432655
433575
433650
434080
434714
435545
436067
436787
437207
437250
437649
438110
438781
438828
438908
439245
440854
441457
442360
442428
442613
444722
446334
446389
447034
447112
447716
448204
448652
448728
449280
449537
450403
450700
452051
452379
452535
452888
453038
453345
454019
454587
454905
455048
455208
455576
456200
456229
456515
457144
457262
457306
458754
459117
459925
460346
460512
460644
460908
461316
461525
462030
462598
462943
463012
463731
463954
464170
464294
465508
466022
467439
468635
468691
469239
470785
470939
470980
471925
472027
472297
472450
472523
472708
473004
473868
473908
474314
475227
475319
475464
476048
476256
476972
478008
478404
478595
478812
479332
479393
479457
479552
480363
480430
482863
485285
485456
485697
486357
486388
486832
488108
488121
488169
489198
490286
490571
490694
490844
491585
491961
491988
492044
492117
492559
492978
493073
493723
493787
494060
494664
494689
494880
495113
495246
495334
495367
495952
495968
495999
496479
497202
497928
498417
498457
498515
498541
499182
499713